# Fix print output for fix 333
3.0 5 0 167440.934241415
3.5 5 0 -7.82678509730986
4.0 5 0 -2.80835860243754
4.5 5 0 -2.16788019384647
5.0 5 0 -1.81698933222287
5.5 5 0 -1.57556131094443
6.0 5 0 -1.39644757443339
7.0 5 0 -1.1451539984495
8.0 5 0 -0.975148362587695
9.0 5 0 -0.851464387353456
10.0 5 0 -0.757061383534521
12.0 5 0 -0.622117089029081
15.0 5 0 -0.494697280627102
20.0 5 0 -0.375768134105613
30.0 5 0 -0.241007961153067
3.0 15 0 -8.62533114425144
3.5 15 0 -3.58062999435277
4.0 15 0 -2.50914673161207
4.5 15 0 -2.05910047463626
5.0 15 0 -1.75989199394248
5.5 15 0 -1.54210463320289
6.0 15 0 -1.37556044153258
7.0 15 0 -1.1360792879361
8.0 15 0 -0.97095991006351
9.0 15 0 -0.84958752935622
10.0 15 0 -0.756371250098699
12.0 15 0 -0.622423201905279
15.0 15 0 -0.495376354206992
20.0 15 0 -0.376517003455602
30.0 15 0 -0.26131811307581
3.0 30 0 -2.90320332237839
3.5 30 0 -2.47238251371154
4.0 30 0 -2.12120502054496
4.5 30 0 -1.84536473684617
5.0 30 0 -1.62896824016672
5.5 30 0 -1.45685527960835
6.0 30 0 -1.31747322807186
7.0 30 0 -1.10633987309829
8.0 30 0 -0.954317666210517
9.0 30 0 -0.839730834848725
10.0 30 0 -0.750328002527297
12.0 30 0 -0.620083088382724
15.0 30 0 -0.495037088412037
20.0 30 0 -0.377222216306367
30.0 30 0 -0.241683144167111
3.0 45 0 -2.43755654713836
3.5 45 0 -2.14283628347983
4.0 45 0 -1.89502343032988
4.5 45 0 -1.68975261271109
5.0 45 0 -1.5200293409657
5.5 45 0 -1.37887562428718
6.0 45 0 -1.26040005085972
7.0 45 0 -1.07390690907828
8.0 45 0 -0.934670239065919
9.0 45 0 -0.827234876357356
10.0 45 0 -0.742081799752707
12.0 45 0 -0.616211166995352
15.0 45 0 -0.493696962535168
20.0 45 0 -0.377190325964698
30.0 45 0 -0.261065519754313
3.0 60 0 -2.25445904812758
3.5 60 0 -1.99600660458791
4.0 60 0 -1.78269221955452
4.5 60 0 -1.60521937129261
5.0 60 0 -1.45644639496762
5.5 60 0 -1.33070305256533
6.0 60 0 -1.22351414377796
7.0 60 0 -1.0515044870761
8.0 60 0 -0.920436900519875
9.0 60 0 -0.8178271930386
10.0 60 0 -0.735648592294484
12.0 60 0 -0.612933867686913
15.0 60 0 -0.4922526613488
20.0 60 0 -0.376514231191881
30.0 60 0 -0.253152414998308
3.0 75 0 -2.20073041016095
3.5 75 0 -1.95354520886863
4.0 75 0 -1.75017407186163
4.5 75 0 -1.58059196998397
5.0 75 0 -1.43778705395283
5.5 75 0 -1.31647173108597
6.0 75 0 -1.21255268823379
7.0 75 0 -1.04477527679958
8.0 75 0 -0.916110302953297
9.0 75 0 -0.814920093196169
10.0 75 0 -0.733610660741533
12.0 75 0 -0.611793308164345
15.0 75 0 -0.491554875334917
20.0 75 0 -0.375759877921697
30.0 75 0 -0.272096693733899
3.0 90 0 -2.25147531640355
3.5 90 0 -2.00089821196986
4.0 90 0 -1.79080532929116
4.5 90 0 -1.613938351094
5.0 90 0 -1.46456484813335
5.5 90 0 -1.33778619538013
6.0 90 0 -1.22949448319447
7.0 90 0 -1.05558897124601
8.0 90 0 -0.923170154484974
9.0 90 0 -0.819641742183754
10.0 90 0 -0.736836253676164
12.0 90 0 -0.613363085942308
15.0 90 0 -0.492068082016945
20.0 90 0 -0.375606795387896
30.0 90 0 -0.236183916995005
3.0 105 0 -2.44670726498808
3.5 105 0 -2.17243045372025
4.0 105 0 -1.92826716054904
4.5 105 0 -1.71947671450479
5.0 105 0 -1.54441531145423
5.5 105 0 -1.39819750798979
6.0 105 0 -1.27551673428591
7.0 105 0 -1.08312879772757
8.0 105 0 -0.940372472693446
9.0 105 0 -0.830808640988365
10.0 105 0 -0.744327380072209
12.0 105 0 -0.617017400741698
15.0 105 0 -0.493550583488439
20.0 105 0 -0.376218629258416
30.0 105 0 -0.257870885474274
3.0 120 0 -2.99880074635394
3.5 120 0 -2.62247209020232
4.0 120 0 -2.24281579972346
4.5 120 0 -1.93057549926369
5.0 120 0 -1.68706581596383
5.5 120 0 -1.49678897296167
6.0 120 0 -1.34541225416178
7.0 120 0 -1.1207819390531
8.0 120 0 -0.962222397060055
9.0 120 0 -0.844214785028418
10.0 120 0 -0.752907185785579
12.0 120 0 -0.62088014093742
15.0 120 0 -0.494994824050463
20.0 120 0 -0.376949895874504
30.0 120 0 -0.239748083489473
3.0 135 0 198.597088519537
3.5 135 0 -7.05780851591791
4.0 135 0 -2.90913556368047
4.5 135 0 -2.23636481904593
5.0 135 0 -1.85424568746516
5.5 135 0 -1.59677924435864
6.0 135 0 -1.4091473836466
7.0 135 0 -1.1502199920593
8.0 135 0 -0.977358548046966
9.0 135 0 -0.852478452044973
10.0 135 0 -0.757548180689538
12.0 135 0 -0.622302306227894
15.0 135 0 -0.49503183948871
20.0 135 0 -0.376805163629249
30.0 135 0 -0.260611878104845
3.0 150 0 154945.202509481
3.5 150 0 -0.426812446072128
4.0 150 0 -3.10102103173964
4.5 150 0 -2.27991743116644
5.0 150 0 -1.86946692008316
5.5 150 0 -1.60136793695809
6.0 150 0 -1.40902885798438
7.0 150 0 -1.14674746314388
8.0 150 0 -0.973172894770444
9.0 150 0 -0.848342246391941
10.0 150 0 -0.753695557588743
12.0 150 0 -0.619128689965462
15.0 150 0 -0.492676214698233
20.0 150 0 -0.375209815699616
30.0 150 0 -0.24033171436963
3.0 165 0 -3.22777210660258
3.5 165 0 -2.76936572479951
4.0 165 0 -2.31331519069685
4.5 165 0 -1.95833197931543
5.0 165 0 -1.69293492064554
5.5 165 0 -1.49162362126647
6.0 165 0 -1.33472521611003
7.0 165 0 -1.10631866425745
8.0 165 0 -0.947668067855788
9.0 165 0 -0.830676191612212
10.0 165 0 -0.740660024000997
12.0 165 0 -0.611083988577446
15.0 165 0 -0.487920561821686
20.0 165 0 -0.372413296654066
30.0 165 0 -0.258942755695605
3.0 175 0 -2.59892000126184
3.5 175 0 -2.29702183416143
4.0 175 0 -2.00972963554524
4.5 175 0 -1.7650079923944
5.0 175 0 -1.5652855645077
5.5 175 0 -1.40335393599828
6.0 175 0 -1.270986238225
7.0 175 0 -1.06937711718936
8.0 175 0 -0.92388297674111
9.0 175 0 -0.814179901386206
10.0 175 0 -0.728582042137482
12.0 175 0 -0.603830073527478
15.0 175 0 -0.483854476498911
20.0 175 0 -0.370294460945652
30.0 175 0 -0.237954006770421
3.0 5 30 167440.934914075
3.5 5 30 -7.82616799211932
4.0 5 30 -2.80779552141097
4.5 5 30 -2.16736716723815
5.0 5 30 -1.8165220252555
5.5 5 30 -1.57513502181362
6.0 5 30 -1.39605823353601
7.0 5 30 -1.14482707264489
8.0 5 30 -0.97487149453544
9.0 5 30 -0.851227737519155
10.0 5 30 -0.756857728304497
12.0 5 30 -0.62196299615233
15.0 5 30 -0.494591658001567
20.0 5 30 -0.375708008466904
30.0 5 30 -0.24100832292545
3.0 15 30 -8.62311317043208
3.5 15 30 -3.57859627366763
4.0 15 30 -2.50729385478845
4.5 15 30 -2.05741606720919
5.0 15 30 -1.75836138917859
5.5 15 30 -1.54071257782119
6.0 15 30 -1.37429222253717
7.0 15 30 -1.13502011481514
8.0 15 30 -0.970067487126244
9.0 15 30 -0.848828719119319
10.0 15 30 -0.755720655110694
12.0 15 30 -0.62193477403481
15.0 15 30 -0.495045633625636
20.0 15 30 -0.376334732764556
30.0 15 30 -0.261348563942193
3.0 30 30 -2.89792359578325
3.5 30 30 -2.46754794773582
4.0 30 30 -2.11681508016403
4.5 30 30 -1.84139352921165
5.0 30 30 -1.62537971720092
5.5 30 30 -1.45361081843106
6.0 30 30 -1.31453540323295
7.0 30 30 -1.10391565751703
8.0 30 30 -0.952297523253432
9.0 30 30 -0.838031068469356
10.0 30 30 -0.748885074971026
12.0 30 30 -0.619020942764973
15.0 30 30 -0.494344581211163
20.0 30 30 -0.376898850416956
30.0 30 30 -0.242027191272519
3.0 45 30 -2.4276872071892
3.5 45 30 -2.1338163353658
4.0 45 30 -1.88687867742846
4.5 45 30 -1.68244110590452
5.0 45 30 -1.51348006249191
5.5 45 30 -1.37300839308567
6.0 45 30 -1.25513615319262
7.0 45 30 -1.06964015960971
8.0 45 30 -0.931173215134151
9.0 45 30 -0.824337301890642
10.0 45 30 -0.739657766467875
12.0 45 30 -0.614478269139137
15.0 45 30 -0.492632620455029
20.0 45 30 -0.376831754051812
30.0 45 30 -0.262024348191275
3.0 60 30 -2.23707742813484
3.5 60 30 -1.9801719113328
4.0 60 30 -1.76852260019117
4.5 60 30 -1.59265448380586
5.0 60 30 -1.44534489823997
5.5 60 30 -1.32089744596868
6.0 60 30 -1.21483942794736
7.0 60 30 -1.04465607202343
8.0 60 30 -0.914955059756261
9.0 60 30 -0.813379595557778
10.0 60 30 -0.731997913997196
12.0 60 30 -0.610415257678119
15.0 60 30 -0.490802247870185
20.0 60 30 -0.376189895980163
30.0 60 30 -0.240942969711457
3.0 75 30 -2.16971519616157
3.5 75 30 -1.92544806847054
4.0 75 30 -1.72541645232196
4.5 75 30 -1.55908146168174
5.0 75 30 -1.41920088085447
5.5 75 30 -1.30041994140765
6.0 75 30 -1.19865594174071
7.0 75 30 -1.03422596358918
8.0 75 30 -0.90794254312224
9.0 75 30 -0.808476538246981
10.0 75 30 -0.728446009670169
12.0 75 30 -0.608366707592996
15.0 75 30 -0.489681815608012
20.0 75 30 -0.375436870296014
30.0 75 30 -0.273282124377043
3.0 90 30 -2.19211473189176
3.5 90 30 -1.94769384144054
4.0 90 30 -1.7452458702919
4.5 90 30 -1.57576988956154
5.0 90 30 -1.43282349064072
5.5 90 30 -1.31136731674194
6.0 90 30 -1.20739154964916
7.0 90 30 -1.03976739441504
8.0 90 30 -0.911479890530555
9.0 90 30 -0.810753895607332
10.0 90 30 -0.729918655197699
12.0 90 30 -0.608962323950584
15.0 90 30 -0.489744696780807
20.0 90 30 -0.375177781388787
30.0 90 30 -0.237345021612208
3.0 105 30 -2.31531332734132
3.5 105 30 -2.05743172067697
4.0 105 30 -1.83554820595496
4.5 105 30 -1.64716834542452
5.0 105 30 -1.48833815687228
5.5 105 30 -1.35436551467606
6.0 105 30 -1.24079179107208
7.0 105 30 -1.06033276904857
8.0 105 30 -0.924558128251152
9.0 105 30 -0.819331885496125
10.0 105 30 -0.735699610303055
12.0 105 30 -0.611769179796233
15.0 105 30 -0.490839221281862
20.0 105 30 -0.375582762707273
30.0 105 30 -0.258979878970344
3.0 120 30 -2.60131218857362
3.5 120 30 -2.30298363442034
4.0 120 30 -2.02338902735446
4.5 120 30 -1.78438399617771
5.0 120 30 -1.58763879532245
5.5 120 30 -1.42673907829266
6.0 120 30 -1.29425307031182
7.0 120 30 -1.0908486636068
8.0 120 30 -0.942955506094059
9.0 120 30 -0.830927381033992
10.0 120 30 -0.743269657309837
12.0 120 30 -0.615263175396523
15.0 120 30 -0.492129627519471
20.0 120 30 -0.376098102163099
30.0 120 30 -0.240721513314602
3.0 135 30 -3.20691046474677
3.5 135 30 -2.76372974877698
4.0 135 30 -2.31940530505155
4.5 135 30 -1.96965740202412
5.0 135 30 -1.70614842210253
5.5 135 30 -1.50517428790981
6.0 135 30 -1.34792473220416
7.0 135 30 -1.11812895687859
8.0 135 30 -0.957971589838531
9.0 135 30 -0.839632680796471
10.0 135 30 -0.748475512266036
12.0 135 30 -0.617167478198606
15.0 135 30 -0.492418096061691
20.0 135 30 -0.375866289243537
30.0 135 30 -0.241226633523371
3.0 150 30 -3.91069911478186
3.5 150 30 -3.10248059663519
4.0 150 30 -2.47380049271951
4.5 150 30 -2.0482401133716
5.0 150 30 -1.74868872323696
5.5 150 30 -1.52927622271319
6.0 150 30 -1.36192655489476
7.0 150 30 -1.12270037847118
8.0 150 30 -0.958851489139341
9.0 150 30 -0.838933832404537
10.0 150 30 -0.74708482789632
12.0 150 30 -0.615400413554781
15.0 150 30 -0.49075461918456
20.0 150 30 -0.374418681647137
30.0 150 30 -0.240416940798584
3.0 165 30 -2.96226662233844
3.5 165 30 -2.58617863619279
4.0 165 30 -2.2057394464111
4.5 165 30 -1.89435966063892
5.0 165 30 -1.65281420231576
5.5 165 30 -1.46493945456922
6.0 165 30 -1.31603123975388
7.0 165 30 -1.09595623917469
8.0 165 30 -0.941209069503901
9.0 165 30 -0.826310656809245
10.0 165 30 -0.73753266713882
12.0 165 30 -0.609275074890532
15.0 165 30 -0.486962305787988
20.0 165 30 -0.371985129679372
30.0 165 30 -0.258842419136179
3.0 175 30 -2.5700712079257
3.5 175 30 -2.27292067357691
4.0 175 30 -1.99218906288729
4.5 175 30 -1.75273056997884
5.0 175 30 -1.55662094934653
5.5 175 30 -1.39708267280112
6.0 175 30 -1.2663150711642
7.0 175 30 -1.06657161925825
8.0 175 30 -0.922047037080423
9.0 175 30 -0.812898863915162
10.0 175 30 -0.72764380659906
12.0 175 30 -0.603271591035188
15.0 175 30 -0.483551123127851
20.0 175 30 -0.370154979684734
30.0 175 30 -0.237911735391084
3.0 5 45 167440.935706915
3.5 5 45 -7.82544105642762
4.0 5 45 -2.80713164906461
4.5 5 45 -2.16676228806887
5.0 5 45 -1.81597097032909
5.5 5 45 -1.57463244230487
6.0 5 45 -1.39559896395981
7.0 5 45 -1.14444149783358
8.0 5 45 -0.974544693285099
9.0 5 45 -0.850948450424308
10.0 5 45 -0.756617251044854
12.0 5 45 -0.621780974677716
15.0 5 45 -0.494466955857967
20.0 5 45 -0.375636872017001
30.0 5 45 -0.241008401155531
3.0 15 45 -8.62053480524372
3.5 15 45 -3.57623234825249
4.0 15 45 -2.50513910443101
4.5 15 45 -2.05545623589808
5.0 15 45 -1.75657966093089
5.5 15 45 -1.53909112142099
6.0 15 45 -1.37281441438589
7.0 15 45 -1.13378468940297
8.0 15 45 -0.969025334000894
9.0 15 45 -0.847941635450572
10.0 15 45 -0.754959447432102
12.0 15 45 -0.621362030572442
15.0 15 45 -0.49465599347494
20.0 15 45 -0.376115578313011
30.0 15 45 -0.261358343603453
3.0 30 45 -2.89193311088326
3.5 30 45 -2.46206117581656
4.0 30 45 -2.11182843665495
4.5 30 45 -1.83687764301164
5.0 30 45 -1.62129387560414
5.5 30 45 -1.44991171759202
6.0 30 45 -1.31118128035621
7.0 30 45 -1.10113998883258
8.0 30 45 -0.949978145440267
9.0 30 45 -0.836074028258519
10.0 30 45 -0.747218858162078
12.0 30 45 -0.61778482203627
15.0 30 45 -0.493520376303021
20.0 30 45 -0.376458827326189
30.0 30 45 -0.242139966230128
3.0 45 45 -2.41682297275402
3.5 45 45 -2.12388157523116
4.0 45 45 -1.87789349870584
4.5 45 45 -1.67435724359133
5.0 45 45 -1.50622027553485
5.5 45 45 -1.36648719317473
6.0 45 45 -1.2492697444709
7.0 45 45 -1.06485914935506
8.0 45 45 -0.927233895183626
9.0 45 45 -0.821055195974556
10.0 45 45 -0.736895045547824
12.0 45 45 -0.61247004264394
15.0 45 45 -0.491332642672055
20.0 45 45 -0.376192165005285
30.0 45 45 -0.262333361811666
3.0 60 45 -2.21869633363979
3.5 60 45 -1.96340733351109
4.0 60 45 -1.75347454731346
4.5 60 45 -1.57925405633136
5.0 60 45 -1.43344921995969
5.5 60 45 -1.31033935634226
6.0 60 45 -1.20545340974716
7.0 60 45 -1.03717640210803
8.0 60 45 -0.908914349984657
9.0 60 45 -0.808434804172281
10.0 60 45 -0.727899966383736
12.0 60 45 -0.607514139690472
15.0 60 45 -0.488988818815532
20.0 60 45 -0.375365953000148
30.0 60 45 -0.241362382310931
3.0 75 45 -2.13872636476658
3.5 75 45 -1.89731124070114
4.0 75 45 -1.70046993901272
4.5 75 45 -1.53722937209518
5.0 75 45 -1.400151959145
5.5 75 45 -1.28382196522487
6.0 75 45 -1.18416281380833
7.0 75 45 -1.02305024098187
8.0 75 45 -0.899168739659397
9.0 75 45 -0.801464730077404
10.0 75 45 -0.722752120131747
12.0 75 45 -0.6044646005363
15.0 75 45 -0.487330172873027
20.0 75 45 -0.374424467417242
30.0 75 45 -0.253273060852422
3.0 90 45 -2.13779316983422
3.5 90 45 -1.89875883029136
4.0 90 45 -1.70277817627167
4.5 90 45 -1.53958685690248
5.0 90 45 -1.40220115012124
5.5 90 45 -1.28544992897026
6.0 90 45 -1.18537259719895
7.0 90 45 -1.02358542087249
8.0 90 45 -0.899265471551979
9.0 90 45 -0.8012986786056
10.0 90 45 -0.722436520749567
12.0 90 45 -0.604029219670976
15.0 90 45 -0.486878261145859
20.0 90 45 -0.37397484775981
30.0 90 45 -0.257205162606539
3.0 105 45 -2.21223814933112
3.5 105 45 -1.96599394763308
4.0 105 45 -1.75930560764064
4.5 105 45 -1.58533505153182
5.0 105 45 -1.43855864762814
5.5 105 45 -1.3141506898368
6.0 105 45 -1.20802225050514
7.0 105 45 -1.03785275418222
8.0 105 45 -0.908455655575796
9.0 105 45 -0.807356636759248
10.0 105 45 -0.726513957774807
12.0 105 45 -0.605971303906479
15.0 105 45 -0.487588570434963
20.0 105 45 -0.374225424568331
30.0 105 45 -0.238884464596605
3.0 120 45 -2.3809550340328
3.5 120 45 -2.11411112271756
4.0 120 45 -1.87828762417564
4.5 120 45 -1.67701164052295
5.0 120 45 -1.50818079446439
5.5 120 45 -1.36700521374821
6.0 120 45 -1.24840524794729
7.0 120 45 -1.06211316988191
8.0 120 45 -0.923624090800733
9.0 120 45 -0.817182557585761
10.0 120 45 -0.733069838654274
12.0 120 45 -0.609101162090065
15.0 120 45 -0.48878385572034
20.0 120 45 -0.374688210551449
30.0 120 45 -0.240650510354142
3.0 135 45 -2.66397086838094
3.5 135 45 -2.35342247068682
4.0 135 45 -2.05567013093858
4.5 135 45 -1.80237705407844
5.0 135 45 -1.59631190694543
5.5 135 45 -1.42970362468897
6.0 135 45 -1.29379531724081
7.0 135 45 -1.08719275015648
8.0 135 45 -0.938331739280045
9.0 135 45 -0.826200110467597
10.0 135 45 -0.738775197935639
12.0 135 45 -0.611504873520184
15.0 135 45 -0.489411938939047
20.0 135 45 -0.374574045757287
30.0 135 45 -0.261097750313848
3.0 150 45 -2.92308313512147
3.5 150 45 -2.55825610103637
4.0 150 45 -2.19071553810776
4.5 150 45 -1.88746610996989
5.0 150 45 -1.65039923661717
5.5 150 45 -1.46493053365775
6.0 150 45 -1.31731471730298
7.0 150 45 -1.09827758079305
8.0 150 45 -0.943733737772288
9.0 150 45 -0.828759965807835
10.0 150 45 -0.739818586374701
12.0 150 45 -0.611214039895006
15.0 150 45 -0.488546046108296
20.0 150 45 -0.373444186398496
30.0 150 45 -0.240228909127111
3.0 165 45 -2.76977735404502
3.5 165 45 -2.43701906727834
4.0 165 45 -2.10849504924215
4.5 165 45 -1.83241743680372
5.0 165 45 -1.61211485595127
5.5 165 45 -1.43699119749882
6.0 165 45 -1.29600513470514
7.0 165 45 -1.08453286960558
8.0 165 45 -0.933967146337884
9.0 165 45 -0.821361941421367
10.0 165 45 -0.733961019868697
12.0 165 45 -0.607189011564919
15.0 165 45 -0.485847182048915
20.0 165 45 -0.371479860237297
30.0 165 45 -0.258698721051307
3.0 175 45 -2.53838159403909
3.5 175 45 -2.24629729107576
4.0 175 45 -1.97259868603211
4.5 175 45 -1.73887108648984
5.0 175 45 -1.54675421966791
5.5 175 45 -1.38989345551855
6.0 175 45 -1.2609321470794
7.0 175 45 -1.06331487566649
8.0 175 45 -0.919906777197894
9.0 175 45 -0.811400738749846
10.0 175 45 -0.726544033003448
12.0 175 45 -0.602615159015708
15.0 175 45 -0.483193927555411
20.0 175 45 -0.369990238948968
30.0 175 45 -0.237861463110652
3.0 5 60 167440.936732165
3.5 5 60 -7.82450065471117
4.0 5 60 -2.80627332625664
4.5 5 60 -2.1659801728706
5.0 5 60 -1.81525812437448
5.5 5 60 -1.57398216114942
6.0 5 60 -1.39500461730602
7.0 5 60 -1.1439421491128
8.0 5 60 -0.974121520952043
9.0 5 60 -0.85058680992376
10.0 5 60 -0.756305606359908
12.0 5 60 -0.62154496353178
15.0 5 60 -0.494305084158704
20.0 5 60 -0.375544499288491
30.0 5 60 -0.241008195845203
3.0 15 60 -8.61725705495582
3.5 15 60 -3.573226880247
4.0 15 60 -2.50239825525623
4.5 15 60 -2.0529623957095
5.0 15 60 -1.75431083755422
5.5 15 60 -1.53702525867387
6.0 15 60 -1.37093008222786
7.0 15 60 -1.13220746035737
8.0 15 60 -0.967693082856654
9.0 15 60 -0.846806448165137
10.0 15 60 -0.753984212906087
12.0 15 60 -0.620626690033452
15.0 15 60 -0.494153914470679
20.0 15 60 -0.375828879037391
30.0 15 60 -0.261347462973578
3.0 30 60 -2.8845336509607
3.5 30 60 -2.45528148291174
4.0 30 60 -2.1056613675647
4.5 30 60 -1.83128558471753
5.0 30 60 -1.61622679499859
5.5 30 60 -1.44531701842276
6.0 30 60 -1.307008458629
7.0 30 60 -1.09767577671662
8.0 30 60 -0.947074426621102
9.0 30 60 -0.833616533070061
10.0 30 60 -0.745120002722842
12.0 30 60 -0.616216755907724
15.0 30 60 -0.492456407953786
20.0 30 60 -0.375840917850674
30.0 30 60 -0.242023302520214
3.0 45 60 -2.40386144454743
3.5 45 60 -2.11202133538733
4.0 45 60 -1.8671471223702
4.5 45 60 -1.66466492081452
5.0 45 60 -1.4974916668808
5.5 45 60 -1.3586233242793
6.0 45 60 -1.24217412310278
7.0 45 60 -1.0590419555211
8.0 45 60 -0.922412890044911
9.0 45 60 -0.817015480804236
10.0 45 60 -0.73347436269833
12.0 45 60 -0.609946877521668
15.0 45 60 -0.48963487833776
20.0 45 60 -0.375181247997489
30.0 45 60 -0.262017145617267
3.0 60 60 -2.19770238610496
3.5 60 60 -1.94423789471058
4.0 60 60 -1.73621031010198
4.5 60 60 -1.56381179913734
5.0 60 60 -1.41967121069978
5.5 60 60 -1.29804676814655
6.0 60 60 -1.19446869672522
7.0 60 60 -1.02833484735992
8.0 60 60 -0.90170623325729
9.0 60 60 -0.802480232737501
10.0 60 60 -0.722918672655716
12.0 60 60 -0.603907526001487
15.0 60 60 -0.486596728956395
20.0 60 60 -0.373927632618666
30.0 60 60 -0.240933002487725
3.0 75 60 -2.10531833735034
3.5 75 60 -1.86690971006368
4.0 75 60 -1.67335173342286
4.5 75 60 -1.51328249494189
5.0 75 60 -1.37909080939304
5.5 75 60 -1.26530449359035
6.0 75 60 -1.16785153255974
7.0 75 60 -1.01026695928869
8.0 75 60 -0.888986844528462
9.0 75 60 -0.793218787533483
10.0 75 60 -0.715969223255303
12.0 75 60 -0.599679748126347
15.0 75 60 -0.484233070761678
20.0 75 60 -0.372588983290194
30.0 75 60 -0.272317234019391
3.0 90 60 -2.08379255350091
3.5 90 60 -1.8498994498545
4.0 90 60 -1.65987168875079
4.5 90 60 -1.50246902208516
5.0 90 60 -1.37027683118158
5.5 90 60 -1.25800095786586
6.0 90 60 -1.16170527966887
7.0 90 60 -1.00573470045029
8.0 90 60 -0.885497272901786
9.0 90 60 -0.790442137641733
10.0 90 60 -0.713702116123628
12.0 90 60 -0.598075325516666
15.0 90 60 -0.483156232568153
20.0 90 60 -0.371847077226717
30.0 90 60 -0.236246078716581
3.0 105 60 -2.12154938501728
3.5 105 60 -1.88475867348877
4.0 105 60 -1.68985140775397
4.5 105 60 -1.52725797751847
5.0 105 60 -1.39034835314463
5.5 105 60 -1.27408761994352
6.0 105 60 -1.17454721551492
7.0 105 60 -1.01392582414151
8.0 105 60 -0.890772436348453
9.0 105 60 -0.793878659999194
10.0 105 60 -0.715962516880007
12.0 105 60 -0.599068250495447
15.0 105 60 -0.483452509471792
20.0 105 60 -0.3719785013472
30.0 105 60 -0.257822820525678
3.0 120 60 -2.2215726538199
3.5 120 60 -1.97398871290722
4.0 120 60 -1.76405075921043
4.5 120 60 -1.58676832405612
5.0 120 60 -1.43733174388024
5.5 120 60 -1.31102540678926
6.0 120 60 -1.20364495636046
7.0 120 60 -1.03229379947832
8.0 120 60 -0.902701307058241
9.0 120 60 -0.801846232212978
10.0 120 60 -0.721420625045343
12.0 120 60 -0.60180474686498
15.0 120 60 -0.484601010356944
20.0 120 60 -0.372544506502558
30.0 120 60 -0.239608938477059
3.0 135 60 -2.38711569042274
3.5 135 60 -2.1185391811337
4.0 135 60 -1.87904792024913
4.5 135 60 -1.67449034933434
5.0 135 60 -1.50338841502717
5.5 135 60 -1.36085305730816
6.0 135 60 -1.24154690735758
7.0 135 60 -1.05496426521117
8.0 135 60 -0.916870468771489
9.0 135 60 -0.811041048598456
10.0 135 60 -0.72757156140813
12.0 135 60 -0.604748791238173
15.0 135 60 -0.485681289061671
20.0 135 60 -0.372766082663185
30.0 135 60 -0.240274276486098
3.0 150 60 -2.57001075225414
3.5 150 60 -2.27377272880539
4.0 150 60 -1.99491788217977
4.5 150 60 -1.75687896847242
5.0 150 60 -1.56154518894717
5.5 150 60 -1.4023199385463
6.0 150 60 -1.27158586605293
7.0 150 60 -1.07151783365191
8.0 150 60 -0.926500604228463
9.0 150 60 -0.816860546704966
10.0 150 60 -0.731165701925726
12.0 150 60 -0.606109377017796
15.0 150 60 -0.485788378483508
20.0 150 60 -0.372160535104245
30.0 150 60 -0.239730070089634
3.0 165 60 -2.60276672178869
3.5 165 60 -2.30044688582315
4.0 165 60 -2.01270844936015
4.5 165 60 -1.76760466880329
5.0 165 60 -1.56757248795288
5.5 165 60 -1.40538992649339
6.0 165 60 -1.27281425455222
7.0 165 60 -1.0708807345202
8.0 165 60 -0.9251450069638
9.0 165 60 -0.815257250274032
10.0 165 60 -0.729515603087103
12.0 165 60 -0.604562881543933
15.0 165 60 -0.484429461748105
20.0 165 60 -0.370828854087779
30.0 165 60 -0.258490401958311
3.0 175 60 -2.50065138427918
3.5 175 60 -2.2144050369828
4.0 175 60 -1.94884105920993
4.5 175 60 -1.72185469637206
5.0 175 60 -1.53451504723412
5.5 175 60 -1.38090422499333
6.0 175 60 -1.25415988394236
7.0 175 60 -1.05918276020131
8.0 175 60 -0.917175517949093
9.0 175 60 -0.809481838139099
10.0 175 60 -0.725131861540869
12.0 175 60 -0.601769252080624
15.0 175 60 -0.482732120759073
20.0 175 60 -0.369776726514016
30.0 175 60 -0.237795899447209
3.0 5 90 167440.939169694
3.5 5 90 -7.82226470519712
4.0 5 90 -2.80423164559909
4.5 5 90 -2.1641190652721
5.0 5 90 -1.81356152731969
5.5 5 90 -1.5724335689975
6.0 5 90 -1.39358905624693
7.0 5 90 -1.14275201092013
8.0 5 90 -0.973112064273313
9.0 5 90 -0.849723365860931
10.0 5 90 -0.755561342906265
12.0 5 90 -0.620980741217142
15.0 5 90 -0.493917624989451
20.0 5 90 -0.375323171448893
30.0 5 90 -0.241007706992572
3.0 15 90 -8.60970484290156
3.5 15 90 -3.56629975994713
4.0 15 90 -2.49607725353787
4.5 15 90 -2.04720547237153
5.0 15 90 -1.74906779452584
5.5 15 90 -1.5322453588362
6.0 15 90 -1.36656502041707
7.0 15 90 -1.12854490440671
8.0 15 90 -0.964592807957149
9.0 15 90 -0.844159491986265
10.0 15 90 -0.751705914251695
12.0 15 90 -0.618903654295688
15.0 15 90 -0.49297319981277
20.0 15 90 -0.375151588673168
30.0 15 90 -0.261315911138579
3.0 30 90 -2.86833211186319
3.5 30 90 -2.44042933111328
4.0 30 90 -2.09213032192642
4.5 30 90 -1.81898907728558
5.0 30 90 -1.60505656403441
5.5 30 90 -1.43516101570659
6.0 30 90 -1.29775983974928
7.0 30 90 -1.08995705315708
8.0 30 90 -0.940572674237341
9.0 30 90 -0.828089341883622
10.0 30 90 -0.740380261546545
12.0 30 90 -0.612650668013184
15.0 30 90 -0.490015598062745
20.0 30 90 -0.374399195340422
30.0 30 90 -0.241675366662501
3.0 45 90 -2.37706738493625
3.5 45 90 -2.08748042263403
4.0 45 90 -1.84484731553696
4.5 45 90 -1.64447360334818
5.0 45 90 -1.4792262683535
5.5 45 90 -1.34208951302309
6.0 45 90 -1.22718432040063
7.0 45 90 -1.04663857772919
8.0 45 90 -0.912046091459146
9.0 45 90 -0.808261815444872
10.0 45 90 -0.726010618697471
12.0 45 90 -0.604374609128688
15.0 45 90 -0.485823260687559
20.0 45 90 -0.372831932385706
30.0 45 90 -0.261051114535169
3.0 60 90 -2.15711305876325
3.5 60 90 -1.90711336704668
4.0 60 90 -1.70261482728089
4.5 60 90 -1.53356314556522
5.0 60 90 -1.39248278852493
5.5 60 90 -1.27360029758297
6.0 60 90 -1.17245353839026
7.0 60 90 -1.01035152376514
8.0 60 90 -0.886848389303581
9.0 60 90 -0.790059870670187
10.0 60 90 -0.712418062160218
12.0 60 90 -0.596163381707705
15.0 60 90 -0.481330725038552
20.0 60 90 -0.370593849074104
30.0 60 90 -0.239521486107365
3.0 75 90 -2.04573324565472
3.5 75 90 -1.81253154465614
4.0 75 90 -1.62445209875856
4.5 75 90 -1.46963046177893
5.0 75 90 -1.34023088385887
5.5 75 90 -1.23071169973961
6.0 75 90 -1.1370067844418
7.0 75 90 -0.985538230091979
8.0 75 90 -0.868892189426685
9.0 75 90 -0.776660279576023
10.0 75 90 -0.702140367778741
12.0 75 90 -0.589671885852426
15.0 75 90 -0.477536337141799
20.0 75 90 -0.368358701259767
30.0 75 90 -0.257265200910103
3.0 90 90 -1.99670991764626
3.5 90 90 -1.77070603862273
4.0 90 90 -1.58935396937876
4.5 90 90 -1.44034007439517
5.0 90 90 -1.31576732259648
5.5 90 90 -1.21019048173977
6.0 90 90 -1.11968609361653
7.0 90 90 -0.972932906991934
8.0 90 90 -0.859451173320444
9.0 90 90 -0.769397847833375
10.0 90 90 -0.696418875759701
12.0 90 90 -0.585895431556079
15.0 90 90 -0.475230703014927
20.0 90 90 -0.3669885497008
30.0 90 90 -0.220148224829862
3.0 105 90 -1.99304694431741
3.5 105 90 -1.76856926794279
4.0 105 90 -1.58799925148087
4.5 105 90 -1.43933821753684
5.0 105 90 -1.31489396647836
5.5 105 90 -1.20933912795273
6.0 105 90 -1.11881409484764
7.0 105 90 -0.972002217730139
8.0 105 90 -0.858496814758773
9.0 105 90 -0.768460735532987
10.0 105 90 -0.695528879952777
12.0 105 90 -0.585146046522107
15.0 105 90 -0.474730199566849
20.0 105 90 -0.366902494154146
30.0 105 90 -0.254850629146861
3.0 120 90 -2.03010916973117
3.5 120 90 -1.8025293946999
4.0 120 90 -1.61752996003493
4.5 120 90 -1.46428228309332
5.0 120 90 -1.33564625435718
5.5 120 90 -1.22648794867489
6.0 120 90 -1.13296095809064
7.0 120 90 -0.981684540158616
8.0 120 90 -0.865229665786441
9.0 120 90 -0.773237468556125
10.0 120 90 -0.698991177088692
12.0 120 90 -0.58709885671811
15.0 120 90 -0.475776771021041
20.0 120 90 -0.36773831907879
30.0 120 90 -0.236833882299979
3.0 135 90 -2.10923873498631
3.5 135 90 -1.87362382716591
4.0 135 90 -1.67802165323823
4.5 135 90 -1.51430875799964
5.0 135 90 -1.37649878017513
5.5 135 90 -1.25973572372498
6.0 135 90 -1.16006849026262
7.0 135 90 -0.999983181393672
8.0 135 90 -0.87791338699189
9.0 135 90 -0.782272273197936
10.0 135 90 -0.705594552585198
12.0 135 90 -0.590879325666889
15.0 135 90 -0.477696780955074
20.0 135 90 -0.368709388392648
30.0 135 90 -0.258100671603468
3.0 150 90 -2.22957295980611
3.5 150 90 -1.98024873450576
4.0 150 90 -1.76617116204916
4.5 150 90 -1.58480591342017
5.0 150 90 -1.43222546001231
5.5 150 90 -1.30378860771589
6.0 150 90 -1.19510140888515
7.0 150 90 -1.02274490307309
8.0 150 90 -0.893284376518876
9.0 150 90 -0.793025547797191
10.0 150 90 -0.713347211882592
12.0 150 90 -0.595203703058378
15.0 150 90 -0.479706964276862
20.0 150 90 -0.369242743506671
30.0 150 90 -0.238503014137293
3.0 165 90 -2.36447668545518
3.5 165 90 -2.09783085742179
4.0 165 90 -1.85969739721553
4.5 165 90 -1.65636903907935
5.0 165 90 -1.48649546096992
5.5 165 90 -1.3451765404363
6.0 165 90 -1.22704198018604
7.0 165 90 -1.04258276578246
8.0 165 90 -0.9062761100736
9.0 165 90 -0.801919318826604
10.0 165 90 -0.719654849043
12.0 165 90 -0.598620341737723
15.0 165 90 -0.481167173928189
20.0 165 90 -0.369309575867848
30.0 165 90 -0.25799404208145
3.0 175 90 -2.42285790507442
3.5 175 90 -2.14803101510831
4.0 175 90 -1.89839513284852
4.5 175 90 -1.68497386972904
5.0 175 90 -1.50752248616537
5.5 175 90 -1.36080044151591
6.0 175 90 -1.23884740165538
7.0 175 90 -1.04969377571172
8.0 175 90 -0.910840305472052
9.0 175 90 -0.80500046155769
10.0 175 90 -0.721817076233973
12.0 175 90 -0.599770708534062
15.0 175 90 -0.481634983031523
20.0 175 90 -0.369267350985028
30.0 175 90 -0.237638913306231
3.0 5 120 167440.94155569
3.5 5 120 -7.8200752642938
4.0 5 120 -2.80223209779673
4.5 5 120 -2.16229571535875
5.0 5 120 -1.81189841324176
5.5 5 120 -1.57091519764045
6.0 5 120 -1.39220022423171
7.0 5 120 -1.14158284708994
8.0 5 120 -0.972119554568539
9.0 5 120 -0.848873827961986
10.0 5 120 -0.754828347966201
12.0 5 120 -0.620424303487076
15.0 5 120 -0.493535162218805
20.0 5 120 -0.375104440548561
30.0 5 120 -0.241008195845203
3.0 15 120 -8.60262028100165
3.5 15 120 -3.55979993539077
4.0 15 120 -2.49014070499872
4.5 15 120 -2.04179175334518
5.0 15 120 -1.7441301226811
5.5 15 120 -1.52773671521103
6.0 15 120 -1.36244131933929
7.0 15 120 -1.1250740523678
8.0 15 120 -0.961646248172269
9.0 15 120 -0.841637238408959
10.0 15 120 -0.749530097174079
12.0 15 120 -0.617252518556522
15.0 15 120 -0.491839447712931
20.0 15 120 -0.374508124245925
30.0 15 120 -0.261347462973578
3.0 30 120 -2.85410061122363
3.5 30 120 -2.42737469039266
4.0 30 120 -2.08021376780252
4.5 30 120 -1.80813074577131
5.0 30 120 -1.59516218760646
5.5 30 120 -1.42613561040435
6.0 30 120 -1.28951280020355
7.0 30 120 -1.08302995144865
8.0 30 120 -0.934703666322475
9.0 30 120 -0.823075116740343
10.0 30 120 -0.736063584237753
12.0 30 120 -0.609389049976523
15.0 30 120 -0.48779811952186
20.0 30 120 -0.373197294888143
30.0 30 120 -0.242023302520214
3.0 45 120 -2.35510476201499
3.5 45 120 -2.06734271181004
4.0 45 120 -1.82648953784655
4.5 45 120 -1.62777667816705
5.0 45 120 -1.4640439806253
5.5 45 120 -1.32827204078138
6.0 45 120 -1.21458826689377
7.0 45 120 -1.03610753195168
8.0 45 120 -0.903163725936772
9.0 45 120 -0.800705981723081
10.0 45 120 -0.719533589780803
12.0 45 120 -0.599525274629078
15.0 45 120 -0.482590129035754
20.0 45 120 -0.371221050740065
30.0 45 120 -0.262017145617267
3.0 60 120 -2.12624358579624
3.5 60 120 -1.87883065086149
4.0 60 120 -1.6768896399415
4.5 60 120 -1.51023824081294
5.0 60 120 -1.37135001282368
5.5 60 120 -1.254440439548
6.0 60 120 -1.15505594237464
7.0 60 120 -0.995917232210773
8.0 60 120 -0.874761885837141
9.0 60 120 -0.779848217930105
10.0 60 120 -0.703721186160243
12.0 60 120 -0.589735623691306
15.0 60 120 -0.477147053012142
20.0 60 120 -0.368688368887675
30.0 60 120 -0.240933002487725
3.0 75 120 -2.00403105574603
3.5 75 120 -1.77436901001015
4.0 75 120 -1.58986283395888
4.5 75 120 -1.43842038845838
5.0 75 120 -1.31211045862551
5.5 75 120 -1.20536495776715
6.0 75 120 -1.11412642110407
7.0 75 120 -0.96677023868097
8.0 75 120 -0.853341460903816
9.0 75 120 -0.76364658320727
10.0 75 120 -0.691152845701032
12.0 75 120 -0.581676185113178
15.0 75 120 -0.472448727090977
20.0 75 120 -0.366174663668445
30.0 75 120 -0.258833019730576
3.0 90 120 -1.94124194790221
3.5 90 120 -1.72004071201671
4.0 90 120 -1.54367852472888
4.5 90 120 -1.39942775231508
5.0 90 120 -1.27920942908854
5.5 90 120 -1.17752196482408
6.0 90 120 -1.09044909422671
7.0 90 120 -0.949339785806175
8.0 90 120 -0.840186669001204
9.0 90 120 -0.75348187338382
10.0 90 120 -0.683129655038367
12.0 90 120 -0.576396777791979
15.0 90 120 -0.469298594419141
20.0 90 120 -0.364476175540293
30.0 90 120 -0.221746001721835
3.0 105 120 -1.9195477211287
3.5 105 120 -1.70162949885204
4.0 105 120 -1.52814722474676
4.5 105 120 -1.38631813251045
5.0 105 120 -1.26809809000213
5.5 105 120 -1.16804761029589
6.0 105 120 -1.0823160729192
7.0 105 120 -0.943221617706573
8.0 105 120 -0.835464390258267
9.0 105 120 -0.749754131309556
10.0 105 120 -0.680131639006277
12.0 105 120 -0.574373835987964
15.0 105 120 -0.468111630663474
20.0 105 120 -0.3640364418621
30.0 105 120 -0.242311598049576
3.0 120 120 -1.93286948816738
3.5 120 120 -1.71437957272476
4.0 120 120 -1.5397159241314
4.5 120 120 -1.39650447936648
5.0 120 120 -1.27691774406736
5.5 120 120 -1.17561872204864
6.0 120 120 -1.08879023483172
7.0 120 120 -0.947954434555359
8.0 120 120 -0.838956331416955
9.0 120 120 -0.752369475983962
10.0 120 120 -0.682125135636671
12.0 120 120 -0.575605399382466
15.0 120 120 -0.468839424968832
20.0 120 120 -0.364621587493968
30.0 120 120 -0.237025317265058
3.0 135 120 -1.98258696855257
3.5 135 120 -1.75966953534169
4.0 135 120 -1.57943830076354
4.5 135 120 -1.43063655574609
5.0 135 120 -1.30595921705527
5.5 135 120 -1.20024502913645
6.0 135 120 -1.10968319909175
7.0 135 120 -0.96313758568707
8.0 135 120 -0.850197402691413
9.0 135 120 -0.760863947254298
10.0 135 120 -0.688671923534993
12.0 135 120 -0.579704335643852
15.0 135 120 -0.471099467295921
20.0 135 120 -0.365646438252081
30.0 135 120 -0.238003244929481
3.0 150 120 -2.07644860471387
3.5 150 120 -1.84412133896257
4.0 150 120 -1.65203462925906
4.5 150 120 -1.49160449567376
5.0 150 120 -1.35667030201161
5.5 150 120 -1.24235451970699
6.0 150 120 -1.14474968682846
7.0 150 120 -0.987868449571657
8.0 150 120 -0.868114213264047
9.0 150 120 -0.774192284046043
10.0 150 120 -0.698823448558302
12.0 150 120 -0.585937242473337
15.0 150 120 -0.47437734993978
20.0 150 120 -0.36672698019577
30.0 150 120 -0.238028923690396
3.0 165 120 -2.22654870552257
3.5 165 120 -1.97733749453088
4.0 165 120 -1.76298590547737
4.5 165 120 -1.58133109963172
5.0 165 120 -1.42857389462563
5.5 165 120 -1.30008213161157
6.0 165 120 -1.19143310392444
7.0 165 120 -1.01931318782355
8.0 165 120 -0.890172545687073
9.0 165 120 -0.790235856447473
10.0 165 120 -0.710851862570779
12.0 165 120 -0.593179583635574
15.0 165 120 -0.478117555955053
20.0 165 120 -0.367874056168912
30.0 165 120 -0.257576880690217
3.0 175 120 -2.35923939302203
3.5 175 120 -2.09317419559204
4.0 175 120 -1.85571109888725
4.5 175 120 -1.65298042048491
5.0 175 120 -1.48359270668408
5.5 175 120 -1.34266058158215
6.0 175 120 -1.2248350597478
7.0 175 120 -1.04083249974826
8.0 175 120 -0.904844474986897
9.0 175 120 -0.80071957570488
10.0 175 120 -0.718629414301335
12.0 175 120 -0.597831614762909
15.0 175 120 -0.480562526146715
20.0 175 120 -0.368766529413783
30.0 175 120 -0.237484808861318
3.0 5 135 167440.942529692
3.5 5 135 -7.81918190426513
4.0 5 135 -2.80141590972811
4.5 5 135 -2.1615511121211
5.0 5 135 -1.81121909558049
5.5 5 135 -1.57029449585447
6.0 5 135 -1.39163237936789
7.0 5 135 -1.14110468204848
8.0 5 135 -0.971713308305367
9.0 5 135 -0.848525748788584
10.0 5 135 -0.754527977950416
12.0 5 135 -0.620196098371667
15.0 5 135 -0.493378084354374
20.0 5 135 -0.375014519954521
30.0 5 135 -0.241008401155531
3.0 15 135 -8.59981136490761
3.5 15 135 -3.55722272818391
4.0 15 135 -2.48778547119899
4.5 15 135 -2.03964210677145
5.0 15 135 -1.74216763468136
5.5 15 135 -1.52594287257606
6.0 15 135 -1.36079862560514
7.0 15 135 -1.12368868502286
8.0 15 135 -0.96046784144782
9.0 15 135 -0.840626461035479
10.0 15 135 -0.748657032582813
12.0 15 135 -0.616588095226559
15.0 15 135 -0.491381738483626
20.0 15 135 -0.374247286858246
30.0 15 135 -0.261358343603453
3.0 30 135 -2.8486923985355
3.5 30 135 -2.42241173133524
4.0 30 135 -2.07567813193478
4.5 30 135 -1.80399084124672
5.0 30 135 -1.59138243225934
5.5 30 135 -1.42268051410895
6.0 30 135 -1.28634919051609
7.0 30 135 -1.08036134568262
8.0 30 135 -0.932433769985053
9.0 30 135 -0.821128594386784
10.0 30 135 -0.734382403599274
12.0 30 135 -0.60811154007431
15.0 30 135 -0.486923307443099
20.0 30 135 -0.372716426949139
30.0 30 135 -0.242139966230128
3.0 45 135 -2.34710031860007
3.5 45 135 -2.05999896162455
4.0 45 135 -1.81978218858722
4.5 45 135 -1.62166000302554
5.0 45 135 -1.45846515089728
5.5 45 135 -1.32317790266941
6.0 45 135 -1.20992939417969
7.0 45 135 -1.03218695555006
8.0 45 135 -0.899836664685525
9.0 45 135 -0.797860004643515
10.0 45 135 -0.717081374150232
12.0 45 135 -0.597672853212648
15.0 45 135 -0.481340204941593
20.0 45 135 -0.370580079272399
30.0 45 135 -0.262333361811666
3.0 60 135 -2.11545763634063
3.5 60 135 -1.86893897649165
4.0 60 135 -1.66786787709565
4.5 60 135 -1.50202686455864
5.0 60 135 -1.36387750498474
5.5 60 135 -1.24763395615555
6.0 60 135 -1.14884605769675
7.0 60 135 -0.990717016767793
8.0 60 135 -0.870370008682644
9.0 60 135 -0.776108537935647
10.0 60 135 -0.70051360228845
12.0 60 135 -0.587335386112302
15.0 60 135 -0.475558276394997
20.0 60 135 -0.367931638620486
30.0 60 135 -0.241362382310931
3.0 75 135 -1.99007725855916
3.5 75 135 -1.76158285409312
4.0 75 135 -1.57822803239473
4.5 75 135 -1.4278651518101
5.0 75 135 -1.30254095143954
5.5 75 135 -1.19668289934369
6.0 75 135 -1.10623752085019
7.0 75 135 -0.960216758388326
8.0 75 135 -0.847847963857994
9.0 75 135 -0.759001153487077
10.0 75 135 -0.687193919413992
12.0 75 135 -0.578748855183767
15.0 75 135 -0.470546446312626
20.0 75 135 -0.365311479589003
30.0 75 135 -0.239259762994019
3.0 90 135 -1.92349847950526
3.5 90 135 -1.70380177980264
4.0 90 135 -1.52895652557495
4.5 90 135 -1.3861393514716
5.0 90 135 -1.2672316587585
5.5 90 135 -1.16672125731554
6.0 90 135 -1.08069547669325
7.0 90 135 -0.941333335886689
8.0 90 135 -0.833548094005402
9.0 90 135 -0.747922584457448
10.0 90 135 -0.678432573630446
12.0 90 135 -0.57297233132301
15.0 90 135 -0.467106925445491
20.0 90 135 -0.363493329472953
30.0 90 135 -0.242102743675804
3.0 105 135 -1.89710399775349
3.5 105 135 -1.68112927953287
4.0 105 135 -1.5096670286553
4.5 105 135 -1.36976702819997
5.0 105 135 -1.25330987879144
5.5 105 135 -1.15483460156252
6.0 105 135 -1.07049284356439
7.0 105 135 -0.933683578379877
8.0 105 135 -0.827677577209216
9.0 105 135 -0.743320850766054
10.0 105 135 -0.674758234056833
12.0 105 135 -0.570524699148381
15.0 105 135 -0.465681612920664
20.0 105 135 -0.362928656002652
30.0 105 135 -0.222738341313019
3.0 120 135 -1.90450382393047
3.5 120 135 -1.68855189625007
4.0 120 135 -1.51664042375654
4.5 120 135 -1.37608408896843
5.0 120 135 -1.2589164334066
5.5 120 135 -1.1597542371176
6.0 120 135 -1.07478488365282
7.0 120 135 -0.936936291518916
8.0 120 135 -0.830156092469075
9.0 120 135 -0.745232794666287
10.0 120 135 -0.676256312791458
12.0 120 135 -0.57149672566892
15.0 120 135 -0.466287378787704
20.0 120 135 -0.363424852483172
30.0 120 135 -0.223614590203966
3.0 135 135 -1.94698082890969
3.5 135 135 -1.72741942025695
4.0 135 135 -1.55103693557447
4.5 135 135 -1.40597636138426
5.0 135 135 -1.28466656192869
5.5 135 135 -1.1818672842429
6.0 135 135 -1.0937805539613
7.0 135 135 -0.951070230537407
8.0 135 135 -0.840847269116021
9.0 135 135 -0.753469015092924
10.0 135 135 -0.682714327545315
12.0 135 135 -0.575657336077957
15.0 135 135 -0.468642080847221
20.0 135 135 -0.364466410583134
30.0 135 135 -0.257879741926645
3.0 150 135 -2.03356427273806
3.5 150 135 -1.80562887951506
4.0 150 135 -1.61894728234536
4.5 150 135 -1.46375235663375
5.0 150 135 -1.33339353537555
5.5 150 135 -1.22289023233898
6.0 150 135 -1.1283949129152
7.0 150 135 -0.97607156321725
8.0 150 135 -0.859337189129054
9.0 150 135 -0.767471117273792
10.0 150 135 -0.693546493805857
12.0 150 135 -0.582483161570792
15.0 150 135 -0.472343085832286
20.0 150 135 -0.36574361776235
30.0 150 135 -0.237820684012309
3.0 165 135 -2.18418063575454
3.5 165 135 -1.93992377509249
4.0 165 135 -1.73215051598884
4.5 165 135 -1.55666871173753
5.0 165 135 -1.4089883127038
5.5 165 135 -1.28445400164719
6.0 165 135 -1.17883455379684
7.0 165 135 -1.01081647003122
8.0 165 135 -0.884160466584257
9.0 165 135 -0.785803751543506
10.0 165 135 -0.707472534394935
12.0 165 135 -0.59105651946149
15.0 165 135 -0.476910336610249
20.0 165 135 -0.367298671513475
30.0 165 135 -0.257406437605246
3.0 175 135 -2.33607690167888
3.5 175 135 -2.07308191349874
4.0 175 135 -1.83985688770816
4.5 175 135 -1.64091477824387
5.0 175 135 -1.47444580730898
5.5 175 135 -1.3356488778533
6.0 175 135 -1.21936968250543
7.0 175 135 -1.03733022781813
8.0 175 135 -0.902453351742536
9.0 175 135 -0.799001474956365
10.0 175 135 -0.717344339493513
12.0 175 135 -0.597045077626571
15.0 175 135 -0.480125249304678
20.0 175 135 -0.368561513588678
30.0 175 135 -0.237421503286902
3.0 5 150 167440.943271103
3.5 5 150 -7.81850129619968
4.0 5 150 -2.80079426483796
4.5 5 150 -2.16098402046591
5.0 5 150 -1.81070155785188
5.5 5 150 -1.56982159926434
6.0 5 150 -1.39119976657306
7.0 5 150 -1.14074002162341
8.0 5 150 -0.971403453361114
9.0 5 150 -0.848260321906927
10.0 5 150 -0.754298748330863
12.0 5 150 -0.620021819399597
15.0 5 150 -0.49325803646108
20.0 5 150 -0.37494587455054
30.0 5 150 -0.24100832292545
3.0 15 150 -8.59770369936578
3.5 15 150 -3.55528819277588
4.0 15 150 -2.486016930195
4.5 15 150 -2.03802745342876
5.0 15 150 -1.74069277925343
5.5 15 150 -1.5245941893373
6.0 15 150 -1.35956314797073
7.0 15 150 -1.12264533792875
8.0 15 150 -0.959579406360083
9.0 15 150 -0.839864014455449
10.0 15 150 -0.747997527461042
12.0 15 150 -0.61608517727168
15.0 15 150 -0.491034003174663
20.0 15 150 -0.374045964666458
30.0 15 150 -0.261348563942193
3.0 30 150 -2.84471472827321
3.5 30 150 -2.41876101369721
4.0 30 150 -2.07233973272133
4.5 30 150 -1.80094140513589
5.0 30 150 -1.58859563872221
5.5 30 150 -1.42013030753867
6.0 30 150 -1.28401172763442
7.0 30 150 -1.07838538763842
8.0 30 150 -0.930749203680642
9.0 30 150 -0.819680800322023
10.0 30 150 -0.733128619165125
12.0 30 150 -0.6071521996924
15.0 30 150 -0.486253799718608
20.0 30 150 -0.37231096064082
30.0 30 150 -0.242027191272519
3.0 45 150 -2.34132364820779
3.5 45 150 -2.05469799229876
4.0 45 150 -1.81493645054518
4.5 45 150 -1.61723555616428
5.0 45 150 -1.45442406180005
5.5 45 150 -1.31948237037137
6.0 45 150 -1.20654352952618
7.0 45 150 -1.02932779141598
8.0 45 150 -0.897401090649612
9.0 45 150 -0.795767554456488
10.0 45 150 -0.715269150125018
12.0 45 150 -0.596283099454861
15.0 45 150 -0.480357856463672
20.0 45 150 -0.369944115972274
30.0 45 150 -0.262024348191275
3.0 60 150 -2.10781481394086
3.5 60 150 -1.86192769681006
4.0 60 150 -1.66146517581979
4.5 60 150 -1.49618940865613
5.0 60 150 -1.35855470441667
5.5 60 150 -1.24277464199906
6.0 60 150 -1.14440239955957
7.0 60 150 -0.986977531744986
8.0 60 150 -0.867194141338109
9.0 60 150 -0.7733866757426
10.0 60 150 -0.698160198275618
12.0 60 150 -0.585531437017206
15.0 60 150 -0.47427076456673
20.0 60 150 -0.367053993342914
30.0 60 150 -0.240942969711457
3.0 75 150 -1.9803652237279
3.5 75 150 -1.75267822955312
4.0 75 150 -1.57011203468999
4.5 75 150 -1.4204854283465
5.0 75 150 -1.29583256741885
5.5 75 150 -1.1905789797569
6.0 75 150 -1.10067424455013
7.0 75 150 -0.955564967633704
8.0 75 150 -0.843920641219781
9.0 75 150 -0.755652640356404
10.0 75 150 -0.68431118664516
12.0 75 150 -0.576551682552529
15.0 75 150 -0.46897884232626
20.0 75 150 -0.364224022069436
30.0 75 150 -0.258844670228914
3.0 90 150 -1.91136392295508
3.5 90 150 -1.69268814610056
4.0 90 150 -1.5188583339543
4.5 90 150 -1.37699664321043
5.0 90 150 -1.25896192290773
5.5 90 150 -1.15923613490841
6.0 90 150 -1.07390953896331
7.0 90 150 -0.935717953053615
8.0 90 150 -0.828852619399832
9.0 90 150 -0.743953592372417
10.0 90 150 -0.67504198352427
12.0 90 150 -0.570421305081794
15.0 90 150 -0.465312758118175
20.0 90 150 -0.362269158703431
30.0 90 150 -0.221758199793539
3.0 105 150 -1.88201673355339
3.5 105 150 -1.66733395805923
4.0 105 150 -1.49719439655306
4.5 105 150 -1.35854995163314
5.0 105 150 -1.24324132413602
5.5 105 150 -1.14579457360337
6.0 105 150 -1.06236357152608
7.0 105 150 -0.927061140057545
8.0 105 150 -0.822219146323256
9.0 105 150 -0.738766420190598
10.0 105 150 -0.670912951184502
12.0 105 150 -0.567690889846314
15.0 105 150 -0.463743593386402
20.0 105 150 -0.361666322143881
30.0 105 150 -0.242323248547914
3.0 120 150 -1.8857385439458
3.5 120 150 -1.67144055084612
4.0 120 150 -1.50128827979806
4.5 120 150 -1.36242261112701
5.0 120 150 -1.24679761768591
5.5 120 150 -1.14900596935818
6.0 120 150 -1.06523652309964
7.0 120 150 -0.929334811168308
8.0 120 150 -0.824018566746397
9.0 120 150 -0.740204501944115
10.0 120 150 -0.672079341744354
12.0 120 150 -0.568504437549941
15.0 120 150 -0.464318845369283
20.0 120 150 -0.362230718328237
30.0 120 150 -0.223195177604493
3.0 135 150 -1.92371397297407
3.5 135 150 -1.70630002367971
4.0 135 150 -1.53232736543135
4.5 135 150 -1.38960567602148
5.0 135 150 -1.2704121231582
5.5 135 150 -1.16946144776536
6.0 135 150 -1.08295948128015
7.0 135 150 -0.942740076241693
8.0 135 150 -0.834313761916031
9.0 135 150 -0.748247272844287
10.0 135 150 -0.678468300765711
12.0 135 150 -0.572721138032025
15.0 135 150 -0.466795956559363
20.0 135 150 -0.363438848705363
30.0 135 150 -0.237277691037867
3.0 150 150 -2.00557501768196
3.5 150 150 -1.78042730924407
4.0 150 150 -1.59710450725603
4.5 150 150 -1.4451729064203
5.0 150 150 -1.31769677043736
5.5 150 150 -1.20962728007347
6.0 150 150 -1.1171442340847
7.0 150 150 -0.96782443362706
8.0 150 150 -0.853122922217826
9.0 150 150 -0.762664341124667
10.0 150 150 -0.689741029667784
12.0 150 150 -0.579959337638696
15.0 150 150 -0.470829447655011
20.0 150 150 -0.364967746665897
30.0 150 150 -0.23746445014035
3.0 165 150 -2.1556362428938
3.5 165 150 -1.91461831691025
4.0 165 150 -1.71108719295613
4.5 165 150 -1.53962439452161
5.0 165 150 -1.39529849292548
5.5 165 150 -1.27341886883375
6.0 165 150 -1.16986030127141
7.0 165 150 -1.00467986627623
8.0 165 150 -0.87977482690115
9.0 165 150 -0.782546693125956
10.0 165 150 -0.704974878852627
12.0 165 150 -0.589474925006592
15.0 165 150 -0.476004013891377
20.0 165 150 -0.366861241718627
30.0 165 150 -0.257259286425682
3.0 175 150 -2.31936756337712
3.5 175 150 -2.05854967887158
4.0 175 150 -1.82831841983525
4.5 175 150 -1.63207323220332
5.0 175 150 -1.46770046470619
5.5 175 150 -1.33045053487485
6.0 175 150 -1.21529945991235
7.0 175 150 -1.03470534187294
8.0 175 150 -0.900653375005121
9.0 175 150 -0.797704440691198
10.0 175 150 -0.716371779972783
12.0 175 150 -0.59644793020472
15.0 175 150 -0.479792361526833
20.0 175 150 -0.368405037621695
30.0 175 150 -0.237372883818644
3.0 5 180 167440.943892491
3.5 5 180 -7.81793129073913
4.0 5 180 -2.80027327801323
4.5 5 180 -2.16050855225778
5.0 5 180 -1.81026770935568
5.5 5 180 -1.56942530408121
6.0 5 180 -1.39083696357142
7.0 5 180 -1.14043428876643
8.0 5 180 -0.971143503034707
9.0 5 180 -0.848037590241381
10.0 5 180 -0.754106307813464
12.0 5 180 -0.61987549843221
15.0 5 180 -0.493157309675865
20.0 5 180 -0.374887980010427
30.0 5 180 -0.241007961153067
3.0 15 180 -8.59595737322785
3.5 15 180 -3.55368536642089
4.0 15 180 -2.48455149653288
4.5 15 180 -2.0366889687842
5.0 15 180 -1.73946970035018
5.5 15 180 -1.52347500412818
6.0 15 180 -1.35853758792079
7.0 15 180 -1.12177863707867
8.0 15 180 -0.958840835362174
9.0 15 180 -0.839229399223045
10.0 15 180 -0.747448269811767
12.0 15 180 -0.615665591771712
15.0 15 180 -0.490742537413685
20.0 15 180 -0.37387354270862
30.0 15 180 -0.26131811307581
3.0 30 180 -2.84147022235716
3.5 30 180 -2.41578296040218
4.0 30 180 -2.06961545061411
4.5 30 180 -1.79845116405387
5.0 30 180 -1.58631812298942
5.5 30 180 -1.41804465847036
6.0 30 180 -1.28209824875099
7.0 30 180 -1.07676493632753
8.0 30 180 -0.929365003793786
9.0 30 180 -0.818488395632149
10.0 30 180 -0.732093028208502
12.0 30 180 -0.606353326413622
15.0 30 180 -0.485681614505966
20.0 30 180 -0.371919369724722
30.0 30 180 -0.241683144167111
3.0 45 180 -2.3366792459825
3.5 45 180 -2.05043465017268
4.0 45 180 -1.81103671344636
4.5 45 180 -1.61367166868383
5.0 45 180 -1.45116517551943
5.5 45 180 -1.31649808620417
6.0 45 180 -1.20380602326365
7.0 45 180 -1.02700873570062
8.0 45 180 -0.895418289065083
9.0 45 180 -0.794056093983585
10.0 45 180 -0.713777796162098
12.0 45 180 -0.595116614320278
15.0 45 180 -0.479480698716713
20.0 45 180 -0.369220632445301
30.0 45 180 -0.261065519754313
3.0 60 180 -2.10175141374304
3.5 60 180 -1.85636350012669
4.0 60 180 -1.6563794038927
4.5 60 180 -1.49154657852178
5.0 60 180 -1.35431440636628
5.5 60 180 -1.23889688501994
6.0 60 180 -1.1408493043574
7.0 60 180 -0.983973925348594
8.0 60 180 -0.864628951575144
9.0 60 180 -0.771172172951792
10.0 60 180 -0.696226421293109
12.0 60 180 -0.584000873002967
15.0 60 180 -0.473067420744845
20.0 60 180 -0.365929331325722
30.0 60 180 -0.239541461683678
3.0 75 180 -1.97275850976437
3.5 75 180 -1.74570091075286
4.0 75 180 -1.56374505106611
4.5 75 180 -1.41468606744924
5.0 75 180 -1.29054987251426
5.5 75 180 -1.18576127241888
6.0 75 180 -1.09627191315207
7.0 75 180 -0.951862604811143
8.0 75 180 -0.840772527500846
9.0 75 180 -0.7529435932325
10.0 75 180 -0.681949464550349
12.0 75 180 -0.574678225980378
15.0 75 180 -0.467476403583538
20.0 75 180 -0.362752105180142
30.0 75 180 -0.257288684645084
3.0 90 180 -1.90197668391761
3.5 90 180 -1.68408562198509
4.0 90 180 -1.51102950668924
4.5 90 180 -1.36989313071656
5.0 90 180 -1.25251978781897
5.5 90 180 -1.15338839035137
6.0 90 180 -1.06859197740523
7.0 90 180 -0.931287446357503
8.0 90 180 -0.825118074934933
9.0 90 180 -0.74076525054514
10.0 90 180 -0.672282457717231
12.0 90 180 -0.568258091085948
15.0 90 180 -0.463600181737413
20.0 90 180 -0.360617881964152
30.0 90 180 -0.220172888896452
3.0 105 180 -1.87048271855919
3.5 105 180 -1.65677993795125
4.0 105 180 -1.48763184514291
4.5 105 180 -1.34992600195542
5.0 105 180 -1.23547493878268
5.5 105 180 -1.13879645110923
6.0 105 180 -1.05604728801739
7.0 105 180 -0.921875904322965
8.0 105 180 -0.817909410574899
9.0 105 180 -0.735135866230332
10.0 105 180 -0.667811280787218
12.0 105 180 -0.565322489923924
15.0 105 180 -0.461949527944259
20.0 105 180 -0.360054908702889
30.0 105 180 -0.240767262964084
3.0 120 180 -1.87154725423542
3.5 120 180 -1.65848690452573
4.0 120 180 -1.48963410181615
4.5 120 180 -1.35201222168188
5.0 120 180 -1.23752344518999
5.5 120 180 -1.14074361873211
6.0 120 180 -1.05786348983375
7.0 120 180 -0.923413368316287
8.0 120 180 -0.819196327987302
9.0 120 180 -0.736218840477591
10.0 120 180 -0.668735944659564
12.0 120 180 -0.56604516807748
15.0 120 180 -0.462576730052197
20.0 120 180 -0.360852392712589
30.0 120 180 -0.221793669576714
3.0 135 180 -1.90626140131951
3.5 135 180 -1.69043550066242
4.0 135 180 -1.51821813695609
4.5 135 180 -1.37719579137401
5.0 135 180 -1.25954520989838
5.5 135 180 -1.15994908087065
6.0 135 180 -1.07461640634441
7.0 135 180 -0.936251761517469
8.0 135 180 -0.829178794090987
9.0 135 180 -0.744109599963036
10.0 135 180 -0.675076938489933
12.0 135 180 -0.570334547640249
15.0 135 180 -0.465229335939656
20.0 135 180 -0.362399078892341
30.0 135 180 -0.256043104741427
3.0 150 180 -1.98459727791338
3.5 150 180 -1.76149998069392
4.0 150 180 -1.58060884825706
4.5 150 180 -1.43104252775085
5.0 150 180 -1.30567033595469
5.5 150 180 -1.19939291127127
6.0 150 180 -1.10840498500787
7.0 150 180 -0.961344746325815
8.0 150 180 -0.848194819152491
9.0 150 180 -0.758823296820016
10.0 150 180 -0.686680913770453
12.0 150 180 -0.577907051046293
15.0 150 180 -0.469574390295118
20.0 150 180 -0.36427362565364
30.0 150 180 -0.236919005005249
3.0 165 180 -2.13378025227155
3.5 165 180 -1.89519180378555
4.0 165 180 -1.69480596617945
4.5 165 180 -1.52634170944541
5.0 165 180 -1.38454339686249
5.5 165 180 -1.26468622688184
6.0 165 180 -1.16271292062718
7.0 165 180 -0.999742679820107
8.0 165 180 -0.876219832396647
9.0 165 180 -0.779891614421199
10.0 165 180 -0.702930108157258
12.0 165 180 -0.588171956248991
15.0 165 180 -0.47525218973222
20.0 165 180 -0.366493156410047
30.0 165 180 -0.257114170982343
3.0 175 180 -2.30593656046053
3.5 175 180 -2.04684518765313
4.0 175 180 -1.81898181628673
4.5 175 180 -1.62488093790482
5.0 175 180 -1.46218729785459
5.5 175 180 -1.32618442613677
6.0 175 180 -1.21194838080861
7.0 175 180 -1.03253330287986
8.0 175 180 -0.899158901768916
9.0 175 180 -0.796624731552155
10.0 175 180 -0.715560802317466
12.0 175 180 -0.595948831230388
15.0 175 180 -0.47951359935882
20.0 175 180 -0.368273660819724
30.0 175 180 -0.237331793930324
3.0 5 210 167440.943271103
3.5 5 210 -7.81850129619968
4.0 5 210 -2.80079426483796
4.5 5 210 -2.16098402046591
5.0 5 210 -1.81070155785188
5.5 5 210 -1.56982159926434
6.0 5 210 -1.39119976657306
7.0 5 210 -1.14074002162341
8.0 5 210 -0.971403453361114
9.0 5 210 -0.848260321906927
10.0 5 210 -0.754298748330863
12.0 5 210 -0.620021819399597
15.0 5 210 -0.49325803646108
20.0 5 210 -0.37494587455054
30.0 5 210 -0.24100832292545
3.0 15 210 -8.59770369936575
3.5 15 210 -3.55528819277588
4.0 15 210 -2.486016930195
4.5 15 210 -2.03802745342876
5.0 15 210 -1.74069277925343
5.5 15 210 -1.5245941893373
6.0 15 210 -1.35956314797073
7.0 15 210 -1.12264533792875
8.0 15 210 -0.959579406360083
9.0 15 210 -0.839864014455449
10.0 15 210 -0.747997527461042
12.0 15 210 -0.61608517727168
15.0 15 210 -0.491034003174663
20.0 15 210 -0.374045964666458
30.0 15 210 -0.261348563942193
3.0 30 210 -2.84471472827321
3.5 30 210 -2.41876101369721
4.0 30 210 -2.07233973272133
4.5 30 210 -1.80094140513589
5.0 30 210 -1.58859563872221
5.5 30 210 -1.42013030753867
6.0 30 210 -1.28401172763442
7.0 30 210 -1.07838538763842
8.0 30 210 -0.930749203680642
9.0 30 210 -0.819680800322023
10.0 30 210 -0.733128619165125
12.0 30 210 -0.6071521996924
15.0 30 210 -0.486253799718608
20.0 30 210 -0.37231096064082
30.0 30 210 -0.242027191272519
3.0 45 210 -2.34132364820779
3.5 45 210 -2.05469799229876
4.0 45 210 -1.81493645054518
4.5 45 210 -1.61723555616428
5.0 45 210 -1.45442406180005
5.5 45 210 -1.31948237037137
6.0 45 210 -1.20654352952618
7.0 45 210 -1.02932779141598
8.0 45 210 -0.897401090649612
9.0 45 210 -0.795767554456488
10.0 45 210 -0.715269150125018
12.0 45 210 -0.596283099454861
15.0 45 210 -0.480357856463672
20.0 45 210 -0.369944115972274
30.0 45 210 -0.262024348191275
3.0 60 210 -2.10781481394086
3.5 60 210 -1.86192769681006
4.0 60 210 -1.66146517581979
4.5 60 210 -1.49618940865613
5.0 60 210 -1.35855470441667
5.5 60 210 -1.24277464199906
6.0 60 210 -1.14440239955957
7.0 60 210 -0.986977531744986
8.0 60 210 -0.867194141338109
9.0 60 210 -0.7733866757426
10.0 60 210 -0.698160198275618
12.0 60 210 -0.585531437017206
15.0 60 210 -0.47427076456673
20.0 60 210 -0.367053993342914
30.0 60 210 -0.240942969711457
3.0 75 210 -1.9803652237279
3.5 75 210 -1.75267822955312
4.0 75 210 -1.57011203468999
4.5 75 210 -1.4204854283465
5.0 75 210 -1.29583256741885
5.5 75 210 -1.1905789797569
6.0 75 210 -1.10067424455013
7.0 75 210 -0.955564967633704
8.0 75 210 -0.843920641219781
9.0 75 210 -0.755652640356404
10.0 75 210 -0.68431118664516
12.0 75 210 -0.576551682552529
15.0 75 210 -0.46897884232626
20.0 75 210 -0.364224022069436
30.0 75 210 -0.258844670228914
3.0 90 210 -1.91136392295509
3.5 90 210 -1.69268814610056
4.0 90 210 -1.5188583339543
4.5 90 210 -1.37699664321043
5.0 90 210 -1.25896192290773
5.5 90 210 -1.15923613490841
6.0 90 210 -1.07390953896331
7.0 90 210 -0.935717953053615
8.0 90 210 -0.828852619399832
9.0 90 210 -0.743953592372416
10.0 90 210 -0.67504198352427
12.0 90 210 -0.570421305081794
15.0 90 210 -0.465312758118175
20.0 90 210 -0.362269158703431
30.0 90 210 -0.221758199793539
3.0 105 210 -1.88201673355339
3.5 105 210 -1.66733395805923
4.0 105 210 -1.49719439655306
4.5 105 210 -1.35854995163314
5.0 105 210 -1.24324132413602
5.5 105 210 -1.14579457360337
6.0 105 210 -1.06236357152608
7.0 105 210 -0.927061140057545
8.0 105 210 -0.822219146323256
9.0 105 210 -0.738766420190598
10.0 105 210 -0.670912951184502
12.0 105 210 -0.567690889846314
15.0 105 210 -0.463743593386402
20.0 105 210 -0.361666322143881
30.0 105 210 -0.242323248547914
3.0 120 210 -1.8857385439458
3.5 120 210 -1.67144055084612
4.0 120 210 -1.50128827979806
4.5 120 210 -1.36242261112701
5.0 120 210 -1.24679761768591
5.5 120 210 -1.14900596935818
6.0 120 210 -1.06523652309964
7.0 120 210 -0.929334811168308
8.0 120 210 -0.824018566746396
9.0 120 210 -0.740204501944115
10.0 120 210 -0.672079341744354
12.0 120 210 -0.568504437549941
15.0 120 210 -0.464318845369283
20.0 120 210 -0.362230718328237
30.0 120 210 -0.223195177604493
3.0 135 210 -1.92371397297407
3.5 135 210 -1.70630002367971
4.0 135 210 -1.53232736543135
4.5 135 210 -1.38960567602148
5.0 135 210 -1.2704121231582
5.5 135 210 -1.16946144776536
6.0 135 210 -1.08295948128015
7.0 135 210 -0.942740076241693
8.0 135 210 -0.834313761916031
9.0 135 210 -0.748247272844287
10.0 135 210 -0.678468300765711
12.0 135 210 -0.572721138032025
15.0 135 210 -0.466795956559363
20.0 135 210 -0.363438848705363
30.0 135 210 -0.237277691037867
3.0 150 210 -2.00557501768196
3.5 150 210 -1.78042730924407
4.0 150 210 -1.59710450725603
4.5 150 210 -1.4451729064203
5.0 150 210 -1.31769677043736
5.5 150 210 -1.20962728007347
6.0 150 210 -1.1171442340847
7.0 150 210 -0.96782443362706
8.0 150 210 -0.853122922217826
9.0 150 210 -0.762664341124667
10.0 150 210 -0.689741029667784
12.0 150 210 -0.579959337638696
15.0 150 210 -0.470829447655011
20.0 150 210 -0.364967746665897
30.0 150 210 -0.23746445014035
3.0 165 210 -2.1556362428938
3.5 165 210 -1.91461831691025
4.0 165 210 -1.71108719295613
4.5 165 210 -1.53962439452161
5.0 165 210 -1.39529849292548
5.5 165 210 -1.27341886883375
6.0 165 210 -1.16986030127141
7.0 165 210 -1.00467986627623
8.0 165 210 -0.87977482690115
9.0 165 210 -0.782546693125956
10.0 165 210 -0.704974878852627
12.0 165 210 -0.589474925006592
15.0 165 210 -0.476004013891377
20.0 165 210 -0.366861241718627
30.0 165 210 -0.257259286425682
3.0 175 210 -2.31936756337712
3.5 175 210 -2.05854967887158
4.0 175 210 -1.82831841983525
4.5 175 210 -1.63207323220332
5.0 175 210 -1.46770046470619
5.5 175 210 -1.33045053487485
6.0 175 210 -1.21529945991235
7.0 175 210 -1.03470534187294
8.0 175 210 -0.900653375005121
9.0 175 210 -0.797704440691198
10.0 175 210 -0.716371779972783
12.0 175 210 -0.59644793020472
15.0 175 210 -0.479792361526833
20.0 175 210 -0.368405037621695
30.0 175 210 -0.237372883818644
3.0 5 225 167440.942529692
3.5 5 225 -7.81918190426513
4.0 5 225 -2.80141590972811
4.5 5 225 -2.1615511121211
5.0 5 225 -1.81121909558049
5.5 5 225 -1.57029449585447
6.0 5 225 -1.39163237936789
7.0 5 225 -1.14110468204848
8.0 5 225 -0.971713308305367
9.0 5 225 -0.848525748788584
10.0 5 225 -0.754527977950416
12.0 5 225 -0.620196098371667
15.0 5 225 -0.493378084354374
20.0 5 225 -0.375014519954521
30.0 5 225 -0.241008401155531
3.0 15 225 -8.59981136490761
3.5 15 225 -3.55722272818391
4.0 15 225 -2.48778547119899
4.5 15 225 -2.03964210677145
5.0 15 225 -1.74216763468136
5.5 15 225 -1.52594287257606
6.0 15 225 -1.36079862560514
7.0 15 225 -1.12368868502286
8.0 15 225 -0.96046784144782
9.0 15 225 -0.840626461035479
10.0 15 225 -0.748657032582813
12.0 15 225 -0.616588095226559
15.0 15 225 -0.491381738483626
20.0 15 225 -0.374247286858246
30.0 15 225 -0.261358343603453
3.0 30 225 -2.8486923985355
3.5 30 225 -2.42241173133524
4.0 30 225 -2.07567813193478
4.5 30 225 -1.80399084124672
5.0 30 225 -1.59138243225934
5.5 30 225 -1.42268051410895
6.0 30 225 -1.28634919051609
7.0 30 225 -1.08036134568262
8.0 30 225 -0.932433769985053
9.0 30 225 -0.821128594386784
10.0 30 225 -0.734382403599274
12.0 30 225 -0.60811154007431
15.0 30 225 -0.486923307443099
20.0 30 225 -0.372716426949139
30.0 30 225 -0.242139966230128
3.0 45 225 -2.34710031860007
3.5 45 225 -2.05999896162455
4.0 45 225 -1.81978218858722
4.5 45 225 -1.62166000302554
5.0 45 225 -1.45846515089728
5.5 45 225 -1.32317790266941
6.0 45 225 -1.20992939417969
7.0 45 225 -1.03218695555006
8.0 45 225 -0.899836664685525
9.0 45 225 -0.797860004643515
10.0 45 225 -0.717081374150232
12.0 45 225 -0.597672853212648
15.0 45 225 -0.481340204941593
20.0 45 225 -0.370580079272399
30.0 45 225 -0.262333361811666
3.0 60 225 -2.11545763634063
3.5 60 225 -1.86893897649165
4.0 60 225 -1.66786787709565
4.5 60 225 -1.50202686455864
5.0 60 225 -1.36387750498474
5.5 60 225 -1.24763395615555
6.0 60 225 -1.14884605769675
7.0 60 225 -0.990717016767793
8.0 60 225 -0.870370008682644
9.0 60 225 -0.776108537935647
10.0 60 225 -0.70051360228845
12.0 60 225 -0.587335386112302
15.0 60 225 -0.475558276394997
20.0 60 225 -0.367931638620486
30.0 60 225 -0.241362382310931
3.0 75 225 -1.99007725855916
3.5 75 225 -1.76158285409312
4.0 75 225 -1.57822803239473
4.5 75 225 -1.4278651518101
5.0 75 225 -1.30254095143954
5.5 75 225 -1.19668289934369
6.0 75 225 -1.10623752085019
7.0 75 225 -0.960216758388326
8.0 75 225 -0.847847963857994
9.0 75 225 -0.759001153487077
10.0 75 225 -0.687193919413992
12.0 75 225 -0.578748855183767
15.0 75 225 -0.470546446312625
20.0 75 225 -0.365311479589003
30.0 75 225 -0.239259762994019
3.0 90 225 -1.92349847950526
3.5 90 225 -1.70380177980264
4.0 90 225 -1.52895652557495
4.5 90 225 -1.3861393514716
5.0 90 225 -1.2672316587585
5.5 90 225 -1.16672125731554
6.0 90 225 -1.08069547669325
7.0 90 225 -0.941333335886689
8.0 90 225 -0.833548094005402
9.0 90 225 -0.747922584457448
10.0 90 225 -0.678432573630446
12.0 90 225 -0.57297233132301
15.0 90 225 -0.467106925445491
20.0 90 225 -0.363493329472953
30.0 90 225 -0.242102743675804
3.0 105 225 -1.89710399775349
3.5 105 225 -1.68112927953287
4.0 105 225 -1.5096670286553
4.5 105 225 -1.36976702819997
5.0 105 225 -1.25330987879144
5.5 105 225 -1.15483460156252
6.0 105 225 -1.07049284356439
7.0 105 225 -0.933683578379877
8.0 105 225 -0.827677577209216
9.0 105 225 -0.743320850766053
10.0 105 225 -0.674758234056833
12.0 105 225 -0.570524699148381
15.0 105 225 -0.465681612920664
20.0 105 225 -0.362928656002652
30.0 105 225 -0.222738341313019
3.0 120 225 -1.90450382393047
3.5 120 225 -1.68855189625007
4.0 120 225 -1.51664042375654
4.5 120 225 -1.37608408896843
5.0 120 225 -1.2589164334066
5.5 120 225 -1.1597542371176
6.0 120 225 -1.07478488365282
7.0 120 225 -0.936936291518916
8.0 120 225 -0.830156092469075
9.0 120 225 -0.745232794666287
10.0 120 225 -0.676256312791458
12.0 120 225 -0.57149672566892
15.0 120 225 -0.466287378787704
20.0 120 225 -0.363424852483172
30.0 120 225 -0.223614590203966
3.0 135 225 -1.94698082890969
3.5 135 225 -1.72741942025695
4.0 135 225 -1.55103693557447
4.5 135 225 -1.40597636138426
5.0 135 225 -1.28466656192869
5.5 135 225 -1.1818672842429
6.0 135 225 -1.0937805539613
7.0 135 225 -0.951070230537407
8.0 135 225 -0.840847269116021
9.0 135 225 -0.753469015092924
10.0 135 225 -0.682714327545315
12.0 135 225 -0.575657336077957
15.0 135 225 -0.468642080847221
20.0 135 225 -0.364466410583134
30.0 135 225 -0.257879741926645
3.0 150 225 -2.03356427273806
3.5 150 225 -1.80562887951506
4.0 150 225 -1.61894728234536
4.5 150 225 -1.46375235663375
5.0 150 225 -1.33339353537555
5.5 150 225 -1.22289023233898
6.0 150 225 -1.1283949129152
7.0 150 225 -0.97607156321725
8.0 150 225 -0.859337189129054
9.0 150 225 -0.767471117273792
10.0 150 225 -0.693546493805857
12.0 150 225 -0.582483161570792
15.0 150 225 -0.472343085832286
20.0 150 225 -0.36574361776235
30.0 150 225 -0.237820684012309
3.0 165 225 -2.18418063575454
3.5 165 225 -1.93992377509249
4.0 165 225 -1.73215051598884
4.5 165 225 -1.55666871173753
5.0 165 225 -1.4089883127038
5.5 165 225 -1.28445400164719
6.0 165 225 -1.17883455379684
7.0 165 225 -1.01081647003122
8.0 165 225 -0.884160466584257
9.0 165 225 -0.785803751543506
10.0 165 225 -0.707472534394935
12.0 165 225 -0.59105651946149
15.0 165 225 -0.476910336610249
20.0 165 225 -0.367298671513475
30.0 165 225 -0.257406437605246
3.0 175 225 -2.33607690167888
3.5 175 225 -2.07308191349874
4.0 175 225 -1.83985688770816
4.5 175 225 -1.64091477824387
5.0 175 225 -1.47444580730898
5.5 175 225 -1.3356488778533
6.0 175 225 -1.21936968250543
7.0 175 225 -1.03733022781813
8.0 175 225 -0.902453351742536
9.0 175 225 -0.799001474956365
10.0 175 225 -0.717344339493513
12.0 175 225 -0.597045077626571
15.0 175 225 -0.480125249304678
20.0 175 225 -0.368561513588678
30.0 175 225 -0.237421503286902
3.0 5 240 167440.941555689
3.5 5 240 -7.82007526429379
4.0 5 240 -2.80223209779673
4.5 5 240 -2.16229571535875
5.0 5 240 -1.81189841324176
5.5 5 240 -1.57091519764045
6.0 5 240 -1.39220022423171
7.0 5 240 -1.14158284708994
8.0 5 240 -0.972119554568539
9.0 5 240 -0.848873827961986
10.0 5 240 -0.754828347966201
12.0 5 240 -0.620424303487076
15.0 5 240 -0.493535162218805
20.0 5 240 -0.375104440548561
30.0 5 240 -0.241008195845203
3.0 15 240 -8.60262028100165
3.5 15 240 -3.55979993539077
4.0 15 240 -2.49014070499872
4.5 15 240 -2.04179175334518
5.0 15 240 -1.7441301226811
5.5 15 240 -1.52773671521103
6.0 15 240 -1.36244131933929
7.0 15 240 -1.1250740523678
8.0 15 240 -0.961646248172269
9.0 15 240 -0.841637238408959
10.0 15 240 -0.749530097174079
12.0 15 240 -0.617252518556522
15.0 15 240 -0.491839447712931
20.0 15 240 -0.374508124245925
30.0 15 240 -0.261347462973578
3.0 30 240 -2.85410061122363
3.5 30 240 -2.42737469039266
4.0 30 240 -2.08021376780252
4.5 30 240 -1.80813074577131
5.0 30 240 -1.59516218760646
5.5 30 240 -1.42613561040435
6.0 30 240 -1.28951280020355
7.0 30 240 -1.08302995144865
8.0 30 240 -0.934703666322475
9.0 30 240 -0.823075116740343
10.0 30 240 -0.736063584237753
12.0 30 240 -0.609389049976523
15.0 30 240 -0.48779811952186
20.0 30 240 -0.373197294888143
30.0 30 240 -0.242023302520214
3.0 45 240 -2.35510476201499
3.5 45 240 -2.06734271181004
4.0 45 240 -1.82648953784655
4.5 45 240 -1.62777667816705
5.0 45 240 -1.4640439806253
5.5 45 240 -1.32827204078138
6.0 45 240 -1.21458826689377
7.0 45 240 -1.03610753195168
8.0 45 240 -0.903163725936772
9.0 45 240 -0.80070598172308
10.0 45 240 -0.719533589780803
12.0 45 240 -0.599525274629078
15.0 45 240 -0.482590129035754
20.0 45 240 -0.371221050740065
30.0 45 240 -0.262017145617267
3.0 60 240 -2.12624358579624
3.5 60 240 -1.87883065086149
4.0 60 240 -1.6768896399415
4.5 60 240 -1.51023824081294
5.0 60 240 -1.37135001282368
5.5 60 240 -1.25444043954801
6.0 60 240 -1.15505594237464
7.0 60 240 -0.995917232210773
8.0 60 240 -0.874761885837141
9.0 60 240 -0.779848217930105
10.0 60 240 -0.703721186160243
12.0 60 240 -0.589735623691306
15.0 60 240 -0.477147053012142
20.0 60 240 -0.368688368887478
30.0 60 240 -0.240933002487725
3.0 75 240 -2.00403105574603
3.5 75 240 -1.77436901001015
4.0 75 240 -1.58986283395888
4.5 75 240 -1.43842038845838
5.0 75 240 -1.31211045862551
5.5 75 240 -1.20536495776715
6.0 75 240 -1.11412642110407
7.0 75 240 -0.96677023868097
8.0 75 240 -0.853341460903816
9.0 75 240 -0.76364658320727
10.0 75 240 -0.691152845701032
12.0 75 240 -0.581676185113178
15.0 75 240 -0.472448727090977
20.0 75 240 -0.366174663668445
30.0 75 240 -0.238852250544347
3.0 90 240 -1.94124194790221
3.5 90 240 -1.72004071201671
4.0 90 240 -1.54367852472888
4.5 90 240 -1.39942775231508
5.0 90 240 -1.27920942908854
5.5 90 240 -1.17752196482408
6.0 90 240 -1.09044909422671
7.0 90 240 -0.949339785806175
8.0 90 240 -0.840186669001204
9.0 90 240 -0.753481873383819
10.0 90 240 -0.683129655038367
12.0 90 240 -0.576396777791979
15.0 90 240 -0.469298594419141
20.0 90 240 -0.364476175540293
30.0 90 240 -0.241726770908065
3.0 105 240 -1.9195477211287
3.5 105 240 -1.70162949885204
4.0 105 240 -1.52814722474677
4.5 105 240 -1.38631813251045
5.0 105 240 -1.26809809000213
5.5 105 240 -1.16804761029589
6.0 105 240 -1.0823160729192
7.0 105 240 -0.943221617706573
8.0 105 240 -0.835464390258267
9.0 105 240 -0.749754131309556
10.0 105 240 -0.680131639006277
12.0 105 240 -0.574373835987964
15.0 105 240 -0.468111630663474
20.0 105 240 -0.3640364418621
30.0 105 240 -0.222330828863346
3.0 120 240 -1.93286948816738
3.5 120 240 -1.71437957272476
4.0 120 240 -1.5397159241314
4.5 120 240 -1.39650447936648
5.0 120 240 -1.27691774406736
5.5 120 240 -1.17561872204864
6.0 120 240 -1.08879023483172
7.0 120 240 -0.947954434555359
8.0 120 240 -0.838956331416954
9.0 120 240 -0.752369475983962
10.0 120 240 -0.682125135636671
12.0 120 240 -0.575605399382466
15.0 120 240 -0.468839424968832
20.0 120 240 -0.364621587493772
30.0 120 240 -0.237025317265058
3.0 135 240 -1.98258696855257
3.5 135 240 -1.75966953534169
4.0 135 240 -1.57943830076354
4.5 135 240 -1.43063655574609
5.0 135 240 -1.30595921705527
5.5 135 240 -1.20024502913645
6.0 135 240 -1.10968319909175
7.0 135 240 -0.96313758568707
8.0 135 240 -0.850197402691413
9.0 135 240 -0.760863947254298
10.0 135 240 -0.688671923534993
12.0 135 240 -0.579704335643852
15.0 135 240 -0.471099467295921
20.0 135 240 -0.365646438252081
30.0 135 240 -0.257984014115711
3.0 150 240 -2.07644860471387
3.5 150 240 -1.84412133896257
4.0 150 240 -1.65203462925906
4.5 150 240 -1.49160449567376
5.0 150 240 -1.35667030201161
5.5 150 240 -1.24235451970699
6.0 150 240 -1.14474968682846
7.0 150 240 -0.987868449571657
8.0 150 240 -0.868114213264047
9.0 150 240 -0.774192284046043
10.0 150 240 -0.698823448558302
12.0 150 240 -0.585937242473337
15.0 150 240 -0.47437734993978
20.0 150 240 -0.36672698019577
30.0 150 240 -0.238028923690396
3.0 165 240 -2.22654870552257
3.5 165 240 -1.97733749453088
4.0 165 240 -1.76298590547737
4.5 165 240 -1.58133109963172
5.0 165 240 -1.42857389462563
5.5 165 240 -1.30008213161157
6.0 165 240 -1.19143310392444
7.0 165 240 -1.01931318782355
8.0 165 240 -0.890172545687073
9.0 165 240 -0.790235856447473
10.0 165 240 -0.710851862570779
12.0 165 240 -0.593179583635574
15.0 165 240 -0.478117555955053
20.0 165 240 -0.367874056168912
30.0 165 240 -0.257576880690217
3.0 175 240 -2.35923939302203
3.5 175 240 -2.09317419559204
4.0 175 240 -1.85571109888725
4.5 175 240 -1.65298042048491
5.0 175 240 -1.48359270668408
5.5 175 240 -1.34266058158215
6.0 175 240 -1.2248350597478
7.0 175 240 -1.04083249974826
8.0 175 240 -0.904844474986897
9.0 175 240 -0.80071957570488
10.0 175 240 -0.718629414301335
12.0 175 240 -0.597831614762909
15.0 175 240 -0.480562526146715
20.0 175 240 -0.368766529413783
30.0 175 240 -0.237484808861318
3.0 5 270 167440.939169694
3.5 5 270 -7.82226470519712
4.0 5 270 -2.80423164559909
4.5 5 270 -2.1641190652721
5.0 5 270 -1.81356152731969
5.5 5 270 -1.5724335689975
6.0 5 270 -1.39358905624693
7.0 5 270 -1.14275201092013
8.0 5 270 -0.973112064273313
9.0 5 270 -0.849723365860931
10.0 5 270 -0.755561342906265
12.0 5 270 -0.620980741217142
15.0 5 270 -0.493917624989451
20.0 5 270 -0.375323171448893
30.0 5 270 -0.241007706992572
3.0 15 270 -8.60970484290156
3.5 15 270 -3.56629975994713
4.0 15 270 -2.49607725353787
4.5 15 270 -2.04720547237153
5.0 15 270 -1.74906779452584
5.5 15 270 -1.5322453588362
6.0 15 270 -1.36656502041707
7.0 15 270 -1.12854490440671
8.0 15 270 -0.964592807957149
9.0 15 270 -0.844159491986265
10.0 15 270 -0.751705914251695
12.0 15 270 -0.618903654295688
15.0 15 270 -0.49297319981277
20.0 15 270 -0.375151588673168
30.0 15 270 -0.261315911138579
3.0 30 270 -2.86833211186319
3.5 30 270 -2.44042933111328
4.0 30 270 -2.09213032192642
4.5 30 270 -1.81898907728558
5.0 30 270 -1.60505656403441
5.5 30 270 -1.43516101570659
6.0 30 270 -1.29775983974928
7.0 30 270 -1.08995705315708
8.0 30 270 -0.940572674237341
9.0 30 270 -0.828089341883622
10.0 30 270 -0.740380261546545
12.0 30 270 -0.612650668013184
15.0 30 270 -0.490015598062745
20.0 30 270 -0.374399195340422
30.0 30 270 -0.241675366662501
3.0 45 270 -2.37706738493625
3.5 45 270 -2.08748042263403
4.0 45 270 -1.84484731553696
4.5 45 270 -1.64447360334818
5.0 45 270 -1.4792262683535
5.5 45 270 -1.34208951302309
6.0 45 270 -1.22718432040063
7.0 45 270 -1.04663857772919
8.0 45 270 -0.912046091459146
9.0 45 270 -0.808261815444872
10.0 45 270 -0.726010618697471
12.0 45 270 -0.604374609128688
15.0 45 270 -0.485823260687559
20.0 45 270 -0.372831932385706
30.0 45 270 -0.261051114535169
3.0 60 270 -2.15711305876325
3.5 60 270 -1.90711336704668
4.0 60 270 -1.70261482728089
4.5 60 270 -1.53356314556522
5.0 60 270 -1.39248278852493
5.5 60 270 -1.27360029758298
6.0 60 270 -1.17245353839026
7.0 60 270 -1.01035152376514
8.0 60 270 -0.886848389303581
9.0 60 270 -0.790059870670187
10.0 60 270 -0.712418062160218
12.0 60 270 -0.596163381707705
15.0 60 270 -0.481330725038552
20.0 60 270 -0.370593849074104
30.0 60 270 -0.239521486107365
3.0 75 270 -2.04573324565472
3.5 75 270 -1.81253154465614
4.0 75 270 -1.62445209875856
4.5 75 270 -1.46963046177893
5.0 75 270 -1.34023088385887
5.5 75 270 -1.23071169973961
6.0 75 270 -1.1370067844418
7.0 75 270 -0.985538230091979
8.0 75 270 -0.868892189426685
9.0 75 270 -0.776660279576023
10.0 75 270 -0.702140367778741
12.0 75 270 -0.589671885852426
15.0 75 270 -0.477536337141799
20.0 75 270 -0.368358701259767
30.0 75 270 -0.257265200910103
3.0 90 270 -1.99670991764626
3.5 90 270 -1.77070603862273
4.0 90 270 -1.58935396937876
4.5 90 270 -1.44034007439517
5.0 90 270 -1.31576732259648
5.5 90 270 -1.21019048173977
6.0 90 270 -1.11968609361653
7.0 90 270 -0.972932906991935
8.0 90 270 -0.859451173320444
9.0 90 270 -0.769397847833374
10.0 90 270 -0.696418875759701
12.0 90 270 -0.585895431556079
15.0 90 270 -0.475230703014927
20.0 90 270 -0.3669885497008
30.0 90 270 -0.220148224829862
3.0 105 270 -1.99304694431741
3.5 105 270 -1.76856926794279
4.0 105 270 -1.58799925148087
4.5 105 270 -1.43933821753684
5.0 105 270 -1.31489396647836
5.5 105 270 -1.20933912795273
6.0 105 270 -1.11881409484764
7.0 105 270 -0.972002217730139
8.0 105 270 -0.858496814758773
9.0 105 270 -0.768460735532986
10.0 105 270 -0.695528879952777
12.0 105 270 -0.585146046522107
15.0 105 270 -0.474730199566849
20.0 105 270 -0.366902494154146
30.0 105 270 -0.254850629146861
3.0 120 270 -2.03010916973117
3.5 120 270 -1.8025293946999
4.0 120 270 -1.61752996003493
4.5 120 270 -1.46428228309332
5.0 120 270 -1.33564625435718
5.5 120 270 -1.22648794867489
6.0 120 270 -1.13296095809064
7.0 120 270 -0.981684540158616
8.0 120 270 -0.865229665786441
9.0 120 270 -0.773237468556125
10.0 120 270 -0.698991177088692
12.0 120 270 -0.58709885671811
15.0 120 270 -0.475776771021041
20.0 120 270 -0.36773831907879
30.0 120 270 -0.236833882299979
3.0 135 270 -2.10923873498631
3.5 135 270 -1.87362382716591
4.0 135 270 -1.67802165323823
4.5 135 270 -1.51430875799964
5.0 135 270 -1.37649878017513
5.5 135 270 -1.25973572372498
6.0 135 270 -1.16006849026262
7.0 135 270 -0.999983181393672
8.0 135 270 -0.87791338699189
9.0 135 270 -0.782272273197936
10.0 135 270 -0.705594552585198
12.0 135 270 -0.590879325666889
15.0 135 270 -0.477696780955074
20.0 135 270 -0.368709388392648
30.0 135 270 -0.258100671603468
3.0 150 270 -2.22957295980611
3.5 150 270 -1.98024873450576
4.0 150 270 -1.76617116204916
4.5 150 270 -1.58480591342017
5.0 150 270 -1.43222546001231
5.5 150 270 -1.30378860771589
6.0 150 270 -1.19510140888515
7.0 150 270 -1.02274490307309
8.0 150 270 -0.893284376518876
9.0 150 270 -0.793025547797191
10.0 150 270 -0.713347211882592
12.0 150 270 -0.595203703058378
15.0 150 270 -0.479706964276862
20.0 150 270 -0.369242743506671
30.0 150 270 -0.238503014137293
3.0 165 270 -2.36447668545518
3.5 165 270 -2.09783085742179
4.0 165 270 -1.85969739721553
4.5 165 270 -1.65636903907935
5.0 165 270 -1.48649546096992
5.5 165 270 -1.3451765404363
6.0 165 270 -1.22704198018604
7.0 165 270 -1.04258276578246
8.0 165 270 -0.9062761100736
9.0 165 270 -0.801919318826604
10.0 165 270 -0.719654849043
12.0 165 270 -0.598620341737723
15.0 165 270 -0.481167173928189
20.0 165 270 -0.369309575867848
30.0 165 270 -0.25799404208145
3.0 175 270 -2.42285790507442
3.5 175 270 -2.14803101510831
4.0 175 270 -1.89839513284852
4.5 175 270 -1.68497386972904
5.0 175 270 -1.50752248616537
5.5 175 270 -1.36080044151591
6.0 175 270 -1.23884740165538
7.0 175 270 -1.04969377571172
8.0 175 270 -0.910840305472052
9.0 175 270 -0.80500046155769
10.0 175 270 -0.721817076233973
12.0 175 270 -0.599770708534062
15.0 175 270 -0.481634983031523
20.0 175 270 -0.369267350985028
30.0 175 270 -0.237638913306231
3.0 5 300 167440.936732165
3.5 5 300 -7.82450065471115
4.0 5 300 -2.80627332625664
4.5 5 300 -2.1659801728706
5.0 5 300 -1.81525812437448
5.5 5 300 -1.57398216114942
6.0 5 300 -1.39500461730602
7.0 5 300 -1.1439421491128
8.0 5 300 -0.974121520952043
9.0 5 300 -0.85058680992376
10.0 5 300 -0.756305606359908
12.0 5 300 -0.62154496353178
15.0 5 300 -0.494305084158704
20.0 5 300 -0.375544499288491
30.0 5 300 -0.241008195845203
3.0 15 300 -8.61725705495582
3.5 15 300 -3.573226880247
4.0 15 300 -2.50239825525623
4.5 15 300 -2.0529623957095
5.0 15 300 -1.75431083755422
5.5 15 300 -1.53702525867387
6.0 15 300 -1.37093008222786
7.0 15 300 -1.13220746035737
8.0 15 300 -0.967693082856654
9.0 15 300 -0.846806448165137
10.0 15 300 -0.753984212906087
12.0 15 300 -0.620626690033452
15.0 15 300 -0.494153914470679
20.0 15 300 -0.375828879037391
30.0 15 300 -0.261347462973578
3.0 30 300 -2.8845336509607
3.5 30 300 -2.45528148291174
4.0 30 300 -2.1056613675647
4.5 30 300 -1.83128558471753
5.0 30 300 -1.61622679499859
5.5 30 300 -1.44531701842276
6.0 30 300 -1.307008458629
7.0 30 300 -1.09767577671662
8.0 30 300 -0.947074426621102
9.0 30 300 -0.833616533070061
10.0 30 300 -0.745120002722842
12.0 30 300 -0.616216755907724
15.0 30 300 -0.492456407953786
20.0 30 300 -0.375840917850674
30.0 30 300 -0.242023302520214
3.0 45 300 -2.40386144454743
3.5 45 300 -2.11202133538733
4.0 45 300 -1.8671471223702
4.5 45 300 -1.66466492081452
5.0 45 300 -1.4974916668808
5.5 45 300 -1.3586233242793
6.0 45 300 -1.24217412310278
7.0 45 300 -1.0590419555211
8.0 45 300 -0.922412890044911
9.0 45 300 -0.817015480804236
10.0 45 300 -0.73347436269833
12.0 45 300 -0.609946877521668
15.0 45 300 -0.48963487833776
20.0 45 300 -0.375181247997489
30.0 45 300 -0.262017145617267
3.0 60 300 -2.19770238610496
3.5 60 300 -1.94423789471058
4.0 60 300 -1.73621031010198
4.5 60 300 -1.56381179913734
5.0 60 300 -1.41967121069978
5.5 60 300 -1.29804676814655
6.0 60 300 -1.19446869672522
7.0 60 300 -1.02833484735992
8.0 60 300 -0.90170623325729
9.0 60 300 -0.802480232737501
10.0 60 300 -0.722918672655716
12.0 60 300 -0.603907526001487
15.0 60 300 -0.486596728956395
20.0 60 300 -0.373927632618666
30.0 60 300 -0.240933002487725
3.0 75 300 -2.10531833735034
3.5 75 300 -1.86690971006369
4.0 75 300 -1.67335173342286
4.5 75 300 -1.51328249494189
5.0 75 300 -1.37909080939304
5.5 75 300 -1.26530449359035
6.0 75 300 -1.16785153255974
7.0 75 300 -1.01026695928869
8.0 75 300 -0.888986844528462
9.0 75 300 -0.793218787533483
10.0 75 300 -0.715969223255303
12.0 75 300 -0.599679748126347
15.0 75 300 -0.484233070761678
20.0 75 300 -0.372588983290194
30.0 75 300 -0.272317234019391
3.0 90 300 -2.08379255350091
3.5 90 300 -1.8498994498545
4.0 90 300 -1.65987168875079
4.5 90 300 -1.50246902208516
5.0 90 300 -1.37027683118158
5.5 90 300 -1.25800095786586
6.0 90 300 -1.16170527966887
7.0 90 300 -1.00573470045029
8.0 90 300 -0.885497272901786
9.0 90 300 -0.790442137641733
10.0 90 300 -0.713702116123628
12.0 90 300 -0.598075325516666
15.0 90 300 -0.483156232568153
20.0 90 300 -0.371847077226717
30.0 90 300 -0.236246078716581
3.0 105 300 -2.12154938501728
3.5 105 300 -1.88475867348877
4.0 105 300 -1.68985140775397
4.5 105 300 -1.52725797751847
5.0 105 300 -1.39034835314463
5.5 105 300 -1.27408761994352
6.0 105 300 -1.17454721551492
7.0 105 300 -1.01392582414151
8.0 105 300 -0.890772436348453
9.0 105 300 -0.793878659999194
10.0 105 300 -0.715962516880007
12.0 105 300 -0.599068250495447
15.0 105 300 -0.483452509471792
20.0 105 300 -0.3719785013472
30.0 105 300 -0.257822820525678
3.0 120 300 -2.2215726538199
3.5 120 300 -1.97398871290722
4.0 120 300 -1.76405075921043
4.5 120 300 -1.58676832405612
5.0 120 300 -1.43733174388024
5.5 120 300 -1.31102540678926
6.0 120 300 -1.20364495636046
7.0 120 300 -1.03229379947832
8.0 120 300 -0.902701307058241
9.0 120 300 -0.801846232212978
10.0 120 300 -0.721420625045343
12.0 120 300 -0.60180474686498
15.0 120 300 -0.484601010356944
20.0 120 300 -0.372544506502558
30.0 120 300 -0.239608938477059
3.0 135 300 -2.38711569042274
3.5 135 300 -2.1185391811337
4.0 135 300 -1.87904792024913
4.5 135 300 -1.67449034933434
5.0 135 300 -1.50338841502717
5.5 135 300 -1.36085305730816
6.0 135 300 -1.24154690735758
7.0 135 300 -1.05496426521117
8.0 135 300 -0.916870468771489
9.0 135 300 -0.811041048598456
10.0 135 300 -0.72757156140813
12.0 135 300 -0.604748791238173
15.0 135 300 -0.485681289061671
20.0 135 300 -0.372766082663185
30.0 135 300 -0.240274276486098
3.0 150 300 -2.57001075225414
3.5 150 300 -2.27377272880539
4.0 150 300 -1.99491788217977
4.5 150 300 -1.75687896847242
5.0 150 300 -1.56154518894717
5.5 150 300 -1.4023199385463
6.0 150 300 -1.27158586605293
7.0 150 300 -1.07151783365191
8.0 150 300 -0.926500604228463
9.0 150 300 -0.816860546704966
10.0 150 300 -0.731165701925726
12.0 150 300 -0.606109377017796
15.0 150 300 -0.485788378483508
20.0 150 300 -0.372160535104245
30.0 150 300 -0.239730070089634
3.0 165 300 -2.60276672178869
3.5 165 300 -2.30044688582315
4.0 165 300 -2.01270844936015
4.5 165 300 -1.76760466880329
5.0 165 300 -1.56757248795288
5.5 165 300 -1.40538992649339
6.0 165 300 -1.27281425455222
7.0 165 300 -1.0708807345202
8.0 165 300 -0.9251450069638
9.0 165 300 -0.815257250274032
10.0 165 300 -0.729515603087103
12.0 165 300 -0.604562881543933
15.0 165 300 -0.484429461748105
20.0 165 300 -0.370828854087779
30.0 165 300 -0.258490401958311
3.0 175 300 -2.50065138427918
3.5 175 300 -2.2144050369828
4.0 175 300 -1.94884105920993
4.5 175 300 -1.72185469637206
5.0 175 300 -1.53451504723412
5.5 175 300 -1.38090422499333
6.0 175 300 -1.25415988394236
7.0 175 300 -1.05918276020131
8.0 175 300 -0.917175517949093
9.0 175 300 -0.809481838139099
10.0 175 300 -0.725131861540869
12.0 175 300 -0.601769252080624
15.0 175 300 -0.482732120759073
20.0 175 300 -0.369776726514016
30.0 175 300 -0.237795899447209
3.0 5 315 167440.935706914
3.5 5 315 -7.82544105642762
4.0 5 315 -2.80713164906461
4.5 5 315 -2.16676228806887
5.0 5 315 -1.81597097032909
5.5 5 315 -1.57463244230487
6.0 5 315 -1.39559896395981
7.0 5 315 -1.14444149783358
8.0 5 315 -0.974544693285099
9.0 5 315 -0.850948450424308
10.0 5 315 -0.756617251044854
12.0 5 315 -0.621780974677716
15.0 5 315 -0.494466955857967
20.0 5 315 -0.375636872017001
30.0 5 315 -0.241008401155531
3.0 15 315 -8.62053480524372
3.5 15 315 -3.57623234825249
4.0 15 315 -2.50513910443101
4.5 15 315 -2.05545623589808
5.0 15 315 -1.75657966093089
5.5 15 315 -1.53909112142099
6.0 15 315 -1.37281441438589
7.0 15 315 -1.13378468940297
8.0 15 315 -0.969025334000894
9.0 15 315 -0.847941635450572
10.0 15 315 -0.754959447432102
12.0 15 315 -0.621362030572442
15.0 15 315 -0.49465599347494
20.0 15 315 -0.376115578313011
30.0 15 315 -0.261358343603453
3.0 30 315 -2.89193311088326
3.5 30 315 -2.46206117581656
4.0 30 315 -2.11182843665495
4.5 30 315 -1.83687764301164
5.0 30 315 -1.62129387560414
5.5 30 315 -1.44991171759202
6.0 30 315 -1.31118128035621
7.0 30 315 -1.10113998883258
8.0 30 315 -0.949978145440267
9.0 30 315 -0.836074028258519
10.0 30 315 -0.747218858162078
12.0 30 315 -0.61778482203627
15.0 30 315 -0.493520376303021
20.0 30 315 -0.376458827326189
30.0 30 315 -0.242139966230128
3.0 45 315 -2.41682297275402
3.5 45 315 -2.12388157523116
4.0 45 315 -1.87789349870584
4.5 45 315 -1.67435724359133
5.0 45 315 -1.50622027553485
5.5 45 315 -1.36648719317473
6.0 45 315 -1.2492697444709
7.0 45 315 -1.06485914935506
8.0 45 315 -0.927233895183626
9.0 45 315 -0.821055195974556
10.0 45 315 -0.736895045547824
12.0 45 315 -0.61247004264394
15.0 45 315 -0.491332642672055
20.0 45 315 -0.376192165005285
30.0 45 315 -0.262333361811666
3.0 60 315 -2.21869633363979
3.5 60 315 -1.96340733351109
4.0 60 315 -1.75347454731346
4.5 60 315 -1.57925405633136
5.0 60 315 -1.43344921995969
5.5 60 315 -1.31033935634226
6.0 60 315 -1.20545340974716
7.0 60 315 -1.03717640210803
8.0 60 315 -0.908914349984657
9.0 60 315 -0.808434804172281
10.0 60 315 -0.727899966383736
12.0 60 315 -0.607514139690472
15.0 60 315 -0.488988818815532
20.0 60 315 -0.375365953000148
30.0 60 315 -0.241362382310931
3.0 75 315 -2.13872636476658
3.5 75 315 -1.89731124070114
4.0 75 315 -1.70046993901272
4.5 75 315 -1.53722937209518
5.0 75 315 -1.400151959145
5.5 75 315 -1.28382196522487
6.0 75 315 -1.18416281380833
7.0 75 315 -1.02305024098187
8.0 75 315 -0.899168739659397
9.0 75 315 -0.801464730077404
10.0 75 315 -0.722752120131747
12.0 75 315 -0.6044646005363
15.0 75 315 -0.487330172873027
20.0 75 315 -0.374424467417242
30.0 75 315 -0.253273060852422
3.0 90 315 -2.13779316983422
3.5 90 315 -1.89875883029136
4.0 90 315 -1.70277817627167
4.5 90 315 -1.53958685690248
5.0 90 315 -1.40220115012124
5.5 90 315 -1.28544992897026
6.0 90 315 -1.18537259719895
7.0 90 315 -1.02358542087249
8.0 90 315 -0.899265471551979
9.0 90 315 -0.8012986786056
10.0 90 315 -0.722436520749567
12.0 90 315 -0.604029219670976
15.0 90 315 -0.486878261145859
20.0 90 315 -0.37397484775981
30.0 90 315 -0.257205162606539
3.0 105 315 -2.21223814933112
3.5 105 315 -1.96599394763308
4.0 105 315 -1.75930560764064
4.5 105 315 -1.58533505153182
5.0 105 315 -1.43855864762814
5.5 105 315 -1.3141506898368
6.0 105 315 -1.20802225050514
7.0 105 315 -1.03785275418222
8.0 105 315 -0.908455655575796
9.0 105 315 -0.807356636759248
10.0 105 315 -0.726513957774807
12.0 105 315 -0.605971303906479
15.0 105 315 -0.487588570434963
20.0 105 315 -0.374225424568331
30.0 105 315 -0.238884464596605
3.0 120 315 -2.3809550340328
3.5 120 315 -2.11411112271756
4.0 120 315 -1.87828762417564
4.5 120 315 -1.67701164052295
5.0 120 315 -1.50818079446439
5.5 120 315 -1.36700521374821
6.0 120 315 -1.24840524794729
7.0 120 315 -1.06211316988191
8.0 120 315 -0.923624090800733
9.0 120 315 -0.817182557585761
10.0 120 315 -0.733069838654274
12.0 120 315 -0.609101162090065
15.0 120 315 -0.48878385572034
20.0 120 315 -0.374688210551449
30.0 120 315 -0.240650510354142
3.0 135 315 -2.66397086838094
3.5 135 315 -2.35342247068682
4.0 135 315 -2.05567013093858
4.5 135 315 -1.80237705407844
5.0 135 315 -1.59631190694543
5.5 135 315 -1.42970362468897
6.0 135 315 -1.29379531724081
7.0 135 315 -1.08719275015648
8.0 135 315 -0.938331739280045
9.0 135 315 -0.826200110467597
10.0 135 315 -0.738775197935639
12.0 135 315 -0.611504873520184
15.0 135 315 -0.489411938939047
20.0 135 315 -0.374574045757287
30.0 135 315 -0.261097750313848
3.0 150 315 -2.92308313512147
3.5 150 315 -2.55825610103637
4.0 150 315 -2.19071553810776
4.5 150 315 -1.88746610996989
5.0 150 315 -1.65039923661717
5.5 150 315 -1.46493053365775
6.0 150 315 -1.31731471730298
7.0 150 315 -1.09827758079305
8.0 150 315 -0.943733737772288
9.0 150 315 -0.828759965807835
10.0 150 315 -0.739818586374701
12.0 150 315 -0.611214039895006
15.0 150 315 -0.488546046108296
20.0 150 315 -0.373444186398496
30.0 150 315 -0.240228909127111
3.0 165 315 -2.76977735404502
3.5 165 315 -2.43701906727834
4.0 165 315 -2.10849504924215
4.5 165 315 -1.83241743680372
5.0 165 315 -1.61211485595127
5.5 165 315 -1.43699119749882
6.0 165 315 -1.29600513470514
7.0 165 315 -1.08453286960558
8.0 165 315 -0.933967146337884
9.0 165 315 -0.821361941421367
10.0 165 315 -0.733961019868697
12.0 165 315 -0.607189011564919
15.0 165 315 -0.485847182048915
20.0 165 315 -0.371479860237297
30.0 165 315 -0.258698721051307
3.0 175 315 -2.53838159403909
3.5 175 315 -2.24629729107576
4.0 175 315 -1.97259868603211
4.5 175 315 -1.73887108648984
5.0 175 315 -1.54675421966791
5.5 175 315 -1.38989345551855
6.0 175 315 -1.2609321470794
7.0 175 315 -1.06331487566649
8.0 175 315 -0.919906777197894
9.0 175 315 -0.811400738749846
10.0 175 315 -0.726544033003448
12.0 175 315 -0.602615159015708
15.0 175 315 -0.483193927555411
20.0 175 315 -0.369990238948968
30.0 175 315 -0.237861463110652
