# Fix print output for fix 333
2000 1e-13 0.0256605155140756 262.914479540124 -56.6802382834121 -2.4147411718335 1.77071540607471e-08
4000 1.2e-13 0.0256605155140756 253.46856152929 80.4380510002268 -2.22057609973894 8.35369359147096e-07
6000 1.4e-13 0.0256605155140756 320.411808434194 -13.2551068111246 -3.59638997457792 1.5012566543763e-06
8000 1.6e-13 0.0256605155140756 323.326770297615 0.77959966966853 -3.65626638112024 7.61201516819385e-07
10000 1.8e-13 0.0256605155140756 260.249435325076 63.9973000319434 -2.35984084483433 1.19248040968205e-06
12000 2e-13 0.0256605155140756 255.009764348036 -66.7728893328574 -2.25211962832724 7.47827993820165e-07
14000 2.2e-13 0.0256605155140756 290.884115577404 25.960414441752 -2.98938731637648 9.55526444289906e-07
16000 2.4e-13 0.0256605155140756 291.564632611477 17.2287476965868 -3.00332918666282 9.34338644966802e-07
18000 2.6e-13 0.0256605155140756 262.985453929709 -53.7028287790053 -2.41591027336747 9.77305126385269e-07
20000 2.8e-13 0.0256605155140756 266.29446781635 64.2640224423481 -2.48386963471202 9.04737567968987e-07
22000 3e-13 0.0256605155140756 290.205718185341 -7.98674617733674 -2.97525186649877 1.04447096236539e-06
24000 3.2e-13 0.0256605155140756 280.366735444992 -7.14349087490274 -2.77297788055475 1.23990030284025e-06
26000 3.4e-13 0.0256605155140756 277.143355021591 59.1617632525571 -2.70666577213104 1.29892141166505e-06
28000 3.6e-13 0.0256605155140756 283.360740519497 -10.2695296957494 -2.83438327543555 1.36073301320848e-06
30000 3.8e-13 0.0256605155140756 312.142179441945 19.3820494838494 -3.42584394984868 1.51451638617814e-06
32000 4e-13 0.0256605155140756 321.46430298561 8.76102181772727 -3.61736569140502 1.6596842687371e-06
34000 4.2e-13 0.0256605155140756 316.933516247403 -43.7790800656137 -3.52418109794214 1.7404117512699e-06
36000 4.4e-13 0.0256605155140756 336.288410971071 46.3911289106162 -3.92190925145751 1.74498912940651e-06
38000 4.6e-13 0.0256605155140756 306.218336640788 29.5512772076157 -3.30383796343927 1.79280779532263e-06
40000 4.8e-13 0.0256605155140756 296.598003101429 -30.1203670524258 -3.10605844003787 1.71580853618535e-06
42000 5e-13 0.0256605155140756 327.905672553268 35.9695273731055 -3.74945157891077 1.62801711731878e-06
44000 5.2e-13 0.0256605155140756 360.877172984325 3.20726336181144 -4.42704393366656 1.52429803364543e-06
46000 5.4e-13 0.0256605155140756 348.954377992176 37.0163707630931 -4.18195721789065 1.50949517734918e-06
48000 5.6e-13 0.0256605155140756 345.626176798726 28.5932947298917 -4.113517172537 1.35910288416454e-06
50000 5.8e-13 0.0256605155140756 351.530792656437 -11.4217302579942 -4.23485169364493 1.35858122133559e-06
52000 6e-13 0.0256605155140756 341.127708492361 25.6160129495911 -4.02103272979836 1.21247862781823e-06
54000 6.2e-13 0.0256605155140756 331.820123092247 -26.1805593091958 -3.82973316389378 1.25513344492567e-06
56000 6.4e-13 0.0256605155140756 325.51941201668 -28.796810289497 -3.70024453621271 1.03542823725732e-06
58000 6.6e-13 0.0256605155140756 356.498882302384 -24.1469564313741 -4.33696416734644 1.09133602938395e-06
60000 6.8e-13 0.0256605155140756 332.897195980865 -0.0468385574294992 -3.85191526100064 8.80701718414141e-07
62000 7e-13 0.0256605155140756 328.856949449764 -3.68274077907464 -3.76890283557503 8.45393935820212e-07
64000 7.2e-13 0.0256605155140756 340.969842542438 27.0986714997657 -4.01789118029285 6.74613547083126e-07
66000 7.4e-13 0.0256605155140756 391.678824190579 66.2985347231145 -5.06013302429488 7.33006654139089e-07
68000 7.6e-13 0.0256605155140756 328.544574259778 -12.8767800629387 -3.76262749646776 7.17171919958291e-07
70000 7.8e-13 0.0256605155140756 296.013364174871 14.4286825206909 -3.09408739236727 7.35939880699525e-07
72000 8e-13 0.0256605155140756 325.517495630664 -67.4060222658314 -3.70053232448496 6.65881336424869e-07
74000 8.2e-13 0.0256605155140756 346.206663235799 -49.4433201075576 -4.12581187544552 8.00673205975946e-07
76000 8.4e-13 0.0256605155140756 315.414781346695 14.9082741681575 -3.49303485018157 7.49546722882361e-07
78000 8.6e-13 0.0256605155140756 312.773932950116 -27.89213976428 -3.43883133768559 7.9956268602828e-07
80000 8.8e-13 0.0256605155140756 362.062643229898 -5.98800646888889 -4.45191703763423 8.23016976860097e-07
82000 9e-13 0.0256605155140756 338.452897609752 107.688989065513 -3.96678205929324 8.60953732314119e-07
84000 9.2e-13 0.0256605155140756 340.633790212906 -40.5595118887511 -4.01171080455313 8.61953266471689e-07
86000 9.4e-13 0.0256605155140756 317.277101942066 37.7758358661171 -3.53179099877046 8.29436312112948e-07
88000 9.6e-13 0.0256605155140756 361.470131826272 -35.0689970510544 -4.44018431042924 8.71250632416945e-07
90000 9.8e-13 0.0256605155140756 382.357282692282 -62.8600641473224 -4.86959250714072 8.76194031055949e-07
92000 1e-12 0.0256605155140756 349.57231727958 18.192685085904 -4.19593438320693 9.80966086155812e-07
94000 1.02e-12 0.0256605155140756 361.696536861653 -42.3869379441518 -4.44529590173119 1.01484623315835e-06
96000 1.04e-12 0.0256605155140756 369.453567862942 59.7891466044349 -4.60489983526725 1.1246357772915e-06
98000 1.06e-12 0.0256605155140756 340.063561613314 56.5122988309734 -4.00103465106438 1.20636542700799e-06
100000 1.08e-12 0.0256605155140756 313.735768295619 -2.51066222510664 -3.46011758896455 1.2568043682015e-06
102000 1.1e-12 0.0256605155140756 340.661266711994 38.4027917203946 -4.01370245133964 1.30567433783267e-06
104000 1.12e-12 0.0256605155140756 372.60061933419 -48.0548946608754 -4.67034142034248 1.39414718617382e-06
106000 1.14e-12 0.0256605155140756 336.750823650475 -60.824767221561 -3.93374418926988 1.46589425610672e-06
108000 1.16e-12 0.0256605155140756 319.34448979708 9.10049582887749 -3.57622270629441 1.53015272288151e-06
110000 1.18e-12 0.0256605155140756 342.070806375488 -47.7949827038911 -4.04354040746972 1.53711584770324e-06
112000 1.2e-12 0.0256605155140756 366.848253249875 58.95069285462 -4.55302759772096 1.59151148166131e-06
114000 1.22e-12 0.0256605155140756 345.78622498494 52.961056901776 -4.1203888162688 1.69160853176361e-06
116000 1.24e-12 0.0256605155140756 334.927769740179 -34.189518431585 -3.89747564437912 1.71896706018279e-06
118000 1.26e-12 0.0256605155140756 342.419382117225 65.1863875525368 -4.05170883056908 1.80566139628649e-06
120000 1.28e-12 0.0256605155140756 380.402711707065 -50.0771002757957 -4.83264565762248 1.86260198915366e-06
122000 1.3e-12 0.0256605155140756 355.719828387454 17.9073315716172 -4.3256759286028 2.02647514831917e-06
124000 1.32e-12 0.0256605155140756 368.76166524549 46.0084750693341 -4.59404179044223 2.07455809986778e-06
126000 1.34e-12 0.0256605155140756 357.213132584885 -143.269950814903 -4.35702500903604 2.1815971475924e-06
128000 1.36e-12 0.0256605155140756 350.953305866086 49.7764692613156 -4.22869222144172 2.22661093919629e-06
130000 1.38e-12 0.0256605155140756 370.776466369369 28.6555120901714 -4.63645241756641 2.39820360081455e-06
132000 1.4e-12 0.0256605155140756 384.647488373953 -11.6275672108132 -4.92190840452001 2.37748576344686e-06
134000 1.42e-12 0.0256605155140756 365.983035765114 165.791529693459 -4.53871083717458 2.46899974132951e-06
136000 1.44e-12 0.0256605155140756 362.525750527019 -28.6303220792719 -4.46805223455189 2.50364504462894e-06
138000 1.46e-12 0.0256605155140756 368.556241240703 80.912510856774 -4.59239985976276 2.75513044042214e-06
140000 1.48e-12 0.0256605155140756 355.679184386596 67.4817425708322 -4.32816349477699 2.60497003107059e-06
142000 1.5e-12 0.0256605155140756 360.378403448498 -105.44194523293 -4.42516845619467 2.60198691929292e-06
144000 1.52e-12 0.0256605155140756 314.10680658339 10.4063587707453 -3.47459587150024 2.56292762980678e-06
146000 1.54e-12 0.0256605155140756 348.931115900042 -93.1824137320046 -4.19074005151993 2.5766841097871e-06
148000 1.56e-12 0.0256605155140756 367.17430539288 -12.4073227198946 -4.56611266401687 2.4948851565775e-06
150000 1.58e-12 0.0256605155140756 351.331183195549 60.2407409221878 -4.24093685643693 2.50538674394674e-06
152000 1.6e-12 0.0256605155140756 301.34278393727 -24.1128803083066 -3.21401091880078 2.42142014624869e-06
154000 1.62e-12 0.0256605155140756 350.570717200323 72.9480204559117 -4.22623926658049 2.44828545123568e-06
156000 1.64e-12 0.0256605155140756 443.83350665365 47.6568261509683 -6.1435193638795 2.37236954777159e-06
158000 1.66e-12 0.0256605155140756 394.538556882714 -9.40786907604519 -5.13094394668794 2.40436341016515e-06
160000 1.68e-12 0.0256605155140756 349.786361211696 45.8039885139752 -4.21172707565712 2.40737979754553e-06
162000 1.7e-12 0.0256605155140756 394.768217813656 -72.3757745447448 -5.13678967975286 2.25588255518595e-06
164000 1.72e-12 0.0256605155140756 441.078467889503 -14.2778320766329 -6.08920213344615 2.15773588015146e-06
166000 1.74e-12 0.0256605155140756 401.913949665551 15.7416774856131 -5.28492098211245 2.15119082946875e-06
168000 1.76e-12 0.0256605155140756 399.10838442408 -35.6812192510982 -5.2279684147405 2.08581803982848e-06
170000 1.78e-12 0.0256605155140756 429.19598403401 154.038654838814 -5.84709958180423 2.07124870735613e-06
172000 1.8e-12 0.0256605155140756 463.680393345308 -20.300201451625 -6.55662429398446 2.05018532587901e-06
174000 1.82e-12 0.0256605155140756 430.563782416973 -73.5540810461964 -5.87684436268754 2.07795638805499e-06
176000 1.84e-12 0.0256605155140756 442.742780919241 70.959526404022 -6.12807723575647 2.05355703836806e-06
178000 1.86e-12 0.0256605155140756 472.870294930574 -123.501658227742 -6.74821457151447 2.05923712702097e-06
180000 1.88e-12 0.0256605155140756 457.74641759007 -10.8730379376948 -6.43836591846591 2.01784609377115e-06
182000 1.9e-12 0.0256605155140756 376.104065801447 68.4584774519846 -4.76135895193069 2.03622276404286e-06
184000 1.92e-12 0.0256605155140756 407.985020530593 4.8840673283765 -5.41752257316975 2.00162156879953e-06
186000 1.94e-12 0.0256605155140756 428.425987387677 117.923229342401 -5.83858505981242 1.95775404047387e-06
188000 1.96e-12 0.0256605155140756 431.847390860576 -13.675908781559 -5.90993575417732 1.94368295655054e-06
190000 1.98e-12 0.0256605155140756 433.246629418472 -38.3961433966359 -5.93977224447819 1.9114985559314e-06
192000 2e-12 0.0256605155140756 490.143119253062 37.8649297437016 -7.11035451991188 1.93424360154285e-06
194000 2.02e-12 0.0256605155140756 468.841187486817 -87.959270464363 -6.6737816078305 1.86635726473193e-06
196000 2.04e-12 0.0256605155140756 406.859556975529 -43.9848024213102 -5.40106163657983 1.86823259837192e-06
198000 2.06e-12 0.0256605155140756 395.346992979958 36.3607136148524 -5.16560264736136 1.80941544305025e-06
200000 2.08e-12 0.0256605155140756 432.447629238824 -82.5039858749963 -5.9293132879262 1.78714270061383e-06
202000 2.1e-12 0.0256605155140756 426.786828842427 84.8077225487766 -5.81422566052896 1.74470010531328e-06
204000 2.12e-12 0.0256605155140756 427.425055270328 11.1782832140041 -5.82866050926714 1.725937795457e-06
206000 2.14e-12 0.0256605155140756 425.310426629848 -46.9574744679902 -5.78659302627272 1.73444519872295e-06
208000 2.16e-12 0.0256605155140756 447.702206546 113.340257463308 -6.24824237579468 1.72944958286832e-06
210000 2.18e-12 0.0256605155140756 450.644149919969 3.63240667331976 -6.31010452647695 1.71833317694602e-06
212000 2.2e-12 0.0256605155140756 456.176317172451 -18.6268367303549 -6.42526826851354 1.77262541977091e-06
214000 2.22e-12 0.0256605155140756 432.448146788773 83.2848139248671 -5.93909369541184 1.77630969575363e-06
216000 2.24e-12 0.0256605155140756 496.744441706269 -100.821294185321 -7.26208407223882 1.8673686548013e-06
218000 2.26e-12 0.0256605155140756 500.81743796146 31.0781172661178 -7.34748721833026 1.89763799137067e-06
220000 2.28e-12 0.0256605155140756 496.504774362569 36.5384054157112 -7.26066204603667 1.97866776244141e-06
222000 2.3e-12 0.0256605155140756 501.69225452696 -118.361599175856 -7.36910963867887 1.94161603048415e-06
224000 2.32e-12 0.0256605155140756 466.145476537238 137.81397801484 -6.64033717474396 2.09535752776522e-06
226000 2.34e-12 0.0256605155140756 462.627169025018 -57.880248828383 -6.56980130946544 2.03108602057777e-06
228000 2.36e-12 0.0256605155140756 464.571038252069 9.92010677515558 -6.6115978241115 2.1588061162707e-06
230000 2.38e-12 0.0256605155140756 484.795639513639 91.8099105085598 -7.02927818351205 2.25326375524418e-06
232000 2.4e-12 0.0256605155140756 474.71522416593 -64.673755751118 -6.82423702593828 2.28341028714059e-06
234000 2.42e-12 0.0256605155140756 458.419211195534 5.21721930646091 -6.49155133539122 2.29714009788823e-06
236000 2.44e-12 0.0256605155140756 460.951782817456 -9.33353784364629 -6.54569538420331 2.43731905848358e-06
238000 2.46e-12 0.0256605155140756 494.640249036396 -132.523507317837 -7.24019584895273 2.44049935131197e-06
240000 2.48e-12 0.0256605155140756 471.495190230934 113.852845226211 -6.76670774691271 2.43200692314558e-06
242000 2.5e-12 0.0256605155140756 454.030713906325 -18.7469711948329 -6.40996911456464 2.49818741798657e-06
244000 2.52e-12 0.0256605155140756 512.30645492842 -83.185298825897 -7.61010607067089 2.52439876995584e-06
246000 2.54e-12 0.0256605155140756 495.253493285397 124.431943011306 -7.26221605329879 2.60549138541887e-06
248000 2.56e-12 0.0256605155140756 576.88023923637 -114.821034770324 -8.94253037925182 2.54389110096022e-06
250000 2.58e-12 0.0256605155140756 559.280514357505 -12.6489511665852 -8.58371478742781 2.60757861021672e-06
252000 2.6e-12 0.0256605155140756 502.361735918436 44.2414751161989 -7.41665752332247 2.57183951633472e-06
254000 2.62e-12 0.0256605155140756 502.116055712123 -11.0851695109044 -7.41439778044609 2.65848010193083e-06
256000 2.64e-12 0.0256605155140756 599.424673804226 65.3017739480473 -9.41733379586515 2.63915347825676e-06
258000 2.66e-12 0.0256605155140756 599.578753305024 -5.83158531046533 -9.42379432796456 2.63096194568734e-06
260000 2.68e-12 0.0256605155140756 605.022052275049 -6.23612893501458 -9.53909056503126 2.65422434441323e-06
262000 2.7e-12 0.0256605155140756 556.428319650096 -28.1376774444232 -8.54396772400517 2.70640680880236e-06
264000 2.72e-12 0.0256605155140756 579.715035343576 -27.6257208174776 -9.02592985560062 2.6931199868388e-06
266000 2.74e-12 0.0256605155140756 626.683736857559 10.0396281085178 -9.99488403627183 2.67792187025276e-06
268000 2.76e-12 0.0256605155140756 544.727851928297 -22.523670122156 -8.31418962219182 2.66795579596077e-06
270000 2.78e-12 0.0256605155140756 584.254535586401 39.7025259654031 -9.13029118640198 2.6519291343627e-06
272000 2.8e-12 0.0256605155140756 641.163395958885 -6.20633319882697 -10.3040271200575 2.66518300893784e-06
274000 2.82e-12 0.0256605155140756 589.070730369608 84.8931944114857 -9.23738621109516 2.64239808655665e-06
276000 2.84e-12 0.0256605155140756 550.072657912783 7.15768239909634 -8.43960912994166 2.58753205429604e-06
278000 2.86e-12 0.0256605155140756 531.369816014238 -95.3649171161339 -8.05925199740147 2.55970369656539e-06
280000 2.88e-12 0.0256605155140756 576.012482906996 160.025384741779 -8.98108526717168 2.56672791631551e-06
282000 2.9e-12 0.0256605155140756 620.771714630967 -97.5155324217934 -9.90547258442659 2.54107807186269e-06
284000 2.92e-12 0.0256605155140756 608.671937144234 -11.1390796281688 -9.66120097410866 2.54105858349785e-06
286000 2.94e-12 0.0256605155140756 527.010835985183 155.952145569816 -7.98730505228372 2.55125527790569e-06
288000 2.96e-12 0.0256605155140756 558.359339703554 -134.188110679765 -8.63617961365181 2.56857940612353e-06
290000 2.98e-12 0.0256605155140756 563.540741592246 54.0018584738197 -8.74730439297926 2.55220053557087e-06
292000 3e-12 0.0256605155140756 600.809475164391 -79.1484282744001 -9.51768886471182 2.55781911165339e-06
294000 3.02e-12 0.0256605155140756 539.310001021294 -134.531588015715 -8.25809291597207 2.55217382244304e-06
296000 3.04e-12 0.0256605155140756 519.488483187693 165.462997471067 -7.85529439416833 2.59202651793697e-06
298000 3.06e-12 0.0256605155140756 553.96650571213 -35.593300845703 -8.56869156601138 2.56571869676217e-06
300000 3.08e-12 0.0256605155140756 483.9875389336 111.042159746163 -7.13512363224047 2.62945641289043e-06
302000 3.1e-12 0.0256605155140756 510.574460609589 116.666671893233 -7.68607282143223 2.52779828061549e-06
304000 3.12e-12 0.0256605155140756 573.835839271397 -151.517290404261 -8.99073595609721 2.56960214091169e-06
306000 3.14e-12 0.0256605155140756 583.408829645561 145.984136235625 -9.19247363028617 2.55114487927914e-06
308000 3.16e-12 0.0256605155140756 477.347306008672 -112.17836558402 -7.01737582841055 2.5298636894746e-06
310000 3.18e-12 0.0256605155140756 484.764130456339 -141.907536391769 -7.17451574468487 2.50574799298533e-06
312000 3.2e-12 0.0256605155140756 480.583359869668 150.879088401113 -7.09358813422118 2.52348233325318e-06
314000 3.22e-12 0.0256605155140756 547.53236536965 -124.416840922114 -8.47438431178366 2.50192819976123e-06
316000 3.24e-12 0.0256605155140756 535.030157110594 140.929463150313 -8.22238011045217 2.46431290743482e-06
318000 3.26e-12 0.0256605155140756 503.588828863399 121.485979199309 -7.58116908174499 2.4430547130891e-06
320000 3.28e-12 0.0256605155140756 498.063971887552 -55.1213957362693 -7.47250386107179 2.40102045178601e-06
322000 3.3e-12 0.0256605155140756 505.347209723425 111.335441331601 -7.62711323618616 2.37434273516525e-06
324000 3.32e-12 0.0256605155140756 495.709771433343 -138.168823113719 -7.43410361753459 2.338704167822e-06
326000 3.34e-12 0.0256605155140756 506.617681669745 -39.7397002542185 -7.66328460065763 2.2546969661395e-06
328000 3.36e-12 0.0256605155140756 526.733427217455 23.9571792346118 -8.08201920014529 2.19435157594867e-06
330000 3.38e-12 0.0256605155140756 504.466515145414 -20.295357298202 -7.62967334331689 2.13827000041198e-06
332000 3.4e-12 0.0256605155140756 531.351067558347 103.000376428043 -8.18754462564249 2.07563410344887e-06
334000 3.42e-12 0.0256605155140756 514.929355382815 28.5773288477389 -7.85553709259488 1.98753976636199e-06
336000 3.44e-12 0.0256605155140756 580.824695625531 -2.42950290082428 -9.21545306000781 1.88921164561065e-06
338000 3.46e-12 0.0256605155140756 585.675153089379 117.730633571165 -9.32139007395418 1.90663356975573e-06
340000 3.48e-12 0.0256605155140756 565.289019554014 -35.6059514098938 -8.90867147060445 1.8175418196955e-06
342000 3.5e-12 0.0256605155140756 572.335109019711 -13.7392816918132 -9.0599146755155 1.7940071114354e-06
344000 3.52e-12 0.0256605155140756 590.03470411384 14.4439166576225 -9.43042903914121 1.70356353114562e-06
346000 3.54e-12 0.0256605155140756 523.709223299378 -31.6602522760791 -8.07361899615287 1.6877526347839e-06
348000 3.56e-12 0.0256605155140756 546.416483433683 41.6082246716321 -8.54673915237273 1.6391615023839e-06
350000 3.58e-12 0.0256605155140756 587.206576929101 14.5258309833241 -9.39145775530227 1.63477263164563e-06
352000 3.6e-12 0.0256605155140756 563.412008566261 -23.7982394677154 -8.90883293814465 1.6126682751017e-06
354000 3.62e-12 0.0256605155140756 491.469347097087 15.1297822305006 -7.4365162264226 1.65520673673441e-06
356000 3.64e-12 0.0256605155140756 561.696840312746 -62.9670372474292 -8.88616523731426 1.68154010881092e-06
358000 3.66e-12 0.0256605155140756 546.859400826091 -12.4598100580551 -8.58772296582104 1.68174438535623e-06
360000 3.68e-12 0.0256605155140756 523.910736005473 85.2206679971613 -8.12266616856632 1.69186234804396e-06
362000 3.7e-12 0.0256605155140756 488.158830542851 -123.976106218819 -7.39436851662036 1.73888976201364e-06
364000 3.72e-12 0.0256605155140756 513.305878514346 37.9910763162186 -7.91751699587563 1.75387361610714e-06
366000 3.74e-12 0.0256605155140756 518.855516361801 20.5129961348466 -8.03815878433619 1.82675746291294e-06
368000 3.76e-12 0.0256605155140756 560.203629823273 -184.154781520659 -8.89452391501117 1.88247586501946e-06
370000 3.78e-12 0.0256605155140756 547.666170668407 179.21137442191 -8.6436239357535 1.98812438308658e-06
372000 3.8e-12 0.0256605155140756 563.215150382371 -27.1759218121345 -8.97010332085236 2.03210084815918e-06
374000 3.82e-12 0.0256605155140756 553.49994311036 -46.7561627164934 -8.77733115534441 2.12153363279927e-06
376000 3.84e-12 0.0256605155140756 551.202350365192 232.954436499001 -8.73712565210906 2.19299570538348e-06
378000 3.86e-12 0.0256605155140756 543.497284246186 -61.4336724393456 -8.5861463742052 2.32912339985428e-06
380000 3.88e-12 0.0256605155140756 556.34922912161 19.3764895983811 -8.85717847669263 2.36089984774403e-06
382000 3.9e-12 0.0256605155140756 539.699980013649 0.0969805249787366 -8.52215435476349 2.43440797357239e-06
384000 3.92e-12 0.0256605155140756 517.354116677503 -162.480023604025 -8.07016547743526 2.51093964348651e-06
386000 3.94e-12 0.0256605155140756 491.651193295321 6.84228826753644 -7.54905108549655 2.58081553843599e-06
388000 3.96e-12 0.0256605155140756 525.572583159404 64.5234559114488 -8.25301427857323 2.64171772465027e-06
390000 3.98e-12 0.0256605155140756 512.134019707534 -47.7211848653097 -7.98358643595659 2.68817182909751e-06
392000 4e-12 0.0256605155140756 504.458004760214 166.872588767335 -7.83299551576599 2.80480936246821e-06
394000 4.02e-12 0.0256605155140756 525.263389899337 -12.5882226193578 -8.26804152124213 2.82970873259445e-06
396000 4.04e-12 0.0256605155140756 528.562406237161 -127.780769068077 -8.3427138303984 2.9002629097956e-06
398000 4.06e-12 0.0256605155140756 525.693651821258 172.689644868019 -8.2910226961284 2.94015845405968e-06
400000 4.08e-12 0.0256605155140756 478.327954133138 -107.771969928684 -7.32528176044111 3.03314699344814e-06
402000 4.1e-12 0.0256605155140756 510.641182893296 48.3011823523238 -7.99696983341276 3.15605426472567e-06
404000 4.12e-12 0.0256605155140756 560.463514307665 87.189245059601 -9.02815776359655 3.19121245811752e-06
406000 4.14e-12 0.0256605155140756 568.769244406878 -120.966439849334 -9.20639873312061 3.30411420954735e-06
408000 4.16e-12 0.0256605155140756 539.469024598582 212.042292016928 -8.61240644254957 3.37254559762214e-06
410000 4.18e-12 0.0256605155140756 578.864031746905 -94.1986098737417 -9.43079682758677 3.4817438158126e-06
412000 4.2e-12 0.0256605155140756 576.928073279868 -92.6108765695895 -9.39957196909139 3.57244081501626e-06
414000 4.22e-12 0.0256605155140756 565.647073914193 154.457890134145 -9.17605424324272 3.7224808852481e-06
416000 4.24e-12 0.0256605155140756 524.570102178282 -94.3575693854558 -8.34008342863648 3.77327215244409e-06
418000 4.26e-12 0.0256605155140756 552.129158955922 136.628480412306 -8.91505255517187 3.94864482307929e-06
420000 4.28e-12 0.0256605155140756 604.773782173795 163.31279588244 -10.0051052855481 4.0648600499537e-06
422000 4.3e-12 0.0256605155140756 595.96865259392 -97.6399138443871 -9.83297520432309 4.13325256768762e-06
424000 4.32e-12 0.0256605155140756 496.765942109686 92.1476767927492 -7.80258622289375 4.23803149121612e-06
426000 4.34e-12 0.0256605155140756 494.646217803568 -179.748946908091 -7.7672458280837 4.27315084223972e-06
428000 4.36e-12 0.0256605155140756 545.657546405609 -178.38483797077 -8.82350091439577 4.32066774805257e-06
430000 4.38e-12 0.0256605155140756 562.142782696977 44.6793245001363 -9.17084990772045 4.41848177878413e-06
432000 4.4e-12 0.0256605155140756 537.072475894491 -87.8576127937445 -8.66422504205185 4.44672437022398e-06
434000 4.42e-12 0.0256605155140756 497.4730064794 99.8984142660844 -7.85878510716246 4.51952059149233e-06
436000 4.44e-12 0.0256605155140756 515.793622096179 247.872683609036 -8.24375280129332 4.57645421710317e-06
438000 4.46e-12 0.0256605155140756 560.148417655603 -32.3327859141724 -9.16395639617472 4.65198933605326e-06
440000 4.48e-12 0.0256605155140756 563.905769145626 105.549135001486 -9.24962515844998 4.64218756314841e-06
442000 4.5e-12 0.0256605155140756 554.656943346919 -92.0343905880661 -9.06831479293428 4.71365764345725e-06
444000 4.52e-12 0.0256605155140756 494.318040025362 -231.894250939236 -7.8366812436853 4.74387218487809e-06
446000 4.54e-12 0.0256605155140756 568.40694872746 23.768398903853 -9.36849864413457 4.80868788452843e-06
448000 4.56e-12 0.0256605155140756 572.391405910793 -107.42199526631 -9.45950836135266 4.82383927217285e-06
450000 4.58e-12 0.0256605155140756 584.91324730443 -12.2247358980978 -9.7260561346826 4.85999411502519e-06
452000 4.6e-12 0.0256605155140756 576.634435668254 88.30725466653 -9.56521439055946 4.85758557584207e-06
454000 4.62e-12 0.0256605155140756 576.405061260604 40.3927892447478 -9.56983412008164 4.92088814955191e-06
456000 4.64e-12 0.0256605155140756 597.20237617106 61.4780320154857 -10.0069257275769 4.95764300193651e-06
458000 4.66e-12 0.0256605155140756 569.937831144905 103.245612404639 -9.45607074192115 4.99207772956143e-06
460000 4.68e-12 0.0256605155140756 550.620093927535 -36.2558561374967 -9.06830739318445 4.95044548428063e-06
462000 4.7e-12 0.0256605155140756 597.442735941946 -20.2825788162272 -10.0397890089059 5.00314937978025e-06
464000 4.72e-12 0.0256605155140756 575.08195978091 -38.2698203336033 -9.59012303287248 5.00920749875153e-06
466000 4.74e-12 0.0256605155140756 553.8448733846 -139.656193542454 -9.16351639735786 5.03173805299624e-06
468000 4.76e-12 0.0256605155140756 544.583950637414 -23.0924168845642 -8.98260429610091 5.01171118844515e-06
470000 4.78e-12 0.0256605155140756 588.020654943641 74.5099303015345 -9.88486372775096 5.04437605378444e-06
472000 4.8e-12 0.0256605155140756 585.898487346322 7.54935109549117 -9.85097730769649 4.99860888452939e-06
474000 4.82e-12 0.0256605155140756 575.738581738372 157.440905206989 -9.65178741135618 4.9548934177389e-06
476000 4.84e-12 0.0256605155140756 632.726668248915 90.4716913847055 -10.8333211323775 4.97632964468168e-06
478000 4.86e-12 0.0256605155140756 596.872539554523 3.5201189256838 -10.1070624120835 4.91851416240494e-06
480000 4.88e-12 0.0256605155140756 575.877237580723 -44.8588888743104 -9.68615344113165 4.90972297565524e-06
482000 4.9e-12 0.0256605155140756 607.156772304136 -156.079622100578 -10.3392871826328 4.93022045874896e-06
484000 4.92e-12 0.0256605155140756 669.921730975236 -44.008495966007 -11.639913556499 4.87387624954529e-06
486000 4.94e-12 0.0256605155140756 598.768229038167 5.49832452608742 -10.1878392131658 4.95920434234207e-06
488000 4.96e-12 0.0256605155140756 574.06880080738 -22.3851325235376 -9.69069636769431 4.94839281965368e-06
490000 4.98e-12 0.0256605155140756 576.246070165704 204.213341326409 -9.74565048889843 4.98952676745024e-06
492000 5e-12 0.0256605155140756 615.995926563794 95.6962289122827 -10.5728396869557 4.98682554608521e-06
494000 5.02e-12 0.0256605155140756 654.301927774168 -37.6103079944336 -11.370454406166 5.09619940215117e-06
496000 5.04e-12 0.0256605155140756 687.091544406 44.2687560935791 -12.0557516221194 5.11055355881458e-06
498000 5.06e-12 0.0256605155140756 571.495998691723 -240.05399441038 -9.69160956657141 5.16065451457271e-06
500000 5.08e-12 0.0256605155140756 536.717068537372 -158.623682604555 -8.98730206961262 5.20190898689457e-06
502000 5.1e-12 0.0256605155140756 601.138110389297 25.0912557827685 -10.3220490313901 5.33384510171808e-06
504000 5.12e-12 0.0256605155140756 640.038783817341 -55.369531226764 -11.1324235114203 5.38605726763413e-06
506000 5.14e-12 0.0256605155140756 577.875500000338 165.199518302617 -9.86556937576505 5.42435962688459e-06
508000 5.16e-12 0.0256605155140756 569.319261273803 230.456557267212 -9.70018373917104 5.50948037626016e-06
510000 5.18e-12 0.0256605155140756 619.339306525478 -63.5764618922709 -10.7388844393242 5.59113654502727e-06
512000 5.2e-12 0.0256605155140756 558.819382378194 82.3174479613502 -9.50597725347651 5.65470276753021e-06
514000 5.22e-12 0.0256605155140756 587.662864192523 -186.670803864993 -10.1095552167462 5.70731413621944e-06
516000 5.24e-12 0.0256605155140756 606.57981482305 -264.49796006364 -10.5093357717695 5.73461650748276e-06
518000 5.26e-12 0.0256605155140756 605.946712299066 94.3279704936803 -10.5073720240473 5.81031839642763e-06
520000 5.28e-12 0.0256605155140756 573.494845283347 -112.915247739574 -9.8515991837167 5.86194832402442e-06
522000 5.3e-12 0.0256605155140756 569.466630864964 163.55497837598 -9.78006093699312 5.90795329617708e-06
524000 5.32e-12 0.0256605155140756 622.691423872377 230.041778855203 -10.8853419473066 5.97471257789391e-06
526000 5.34e-12 0.0256605155140756 583.190374126746 -128.930982706405 -10.0845652493211 5.98958563857552e-06
528000 5.36e-12 0.0256605155140756 608.545947758861 70.8420933024241 -10.617063104542 5.99752734899252e-06
530000 5.38e-12 0.0256605155140756 709.636773249623 29.476103955306 -12.7064970778533 6.0084510434186e-06
532000 5.4e-12 0.0256605155140756 705.412352553592 -214.538325274685 -12.6323258755955 6.06434491439729e-06
534000 5.42e-12 0.0256605155140756 638.134049641944 117.217051627908 -11.262541565662 6.04166997001919e-06
536000 5.44e-12 0.0256605155140756 662.877437035145 8.35359103734975 -11.7834179974007 6.06659229408032e-06
538000 5.46e-12 0.0256605155140756 711.008627332047 -27.3497510038906 -12.7856770126433 6.16467721954065e-06
540000 5.48e-12 0.0256605155140756 645.968954497534 250.479975643501 -11.4614124700599 6.16439922875282e-06
542000 5.5e-12 0.0256605155140756 669.045687728096 -110.927278989052 -11.9485309076014 6.2459629251032e-06
544000 5.52e-12 0.0256605155140756 653.61766529818 -15.6369905599455 -11.6442679680619 6.28753502563884e-06
546000 5.54e-12 0.0256605155140756 615.685132729202 104.229263451985 -10.8772050367966 6.36750826099521e-06
548000 5.56e-12 0.0256605155140756 638.08734475761 -238.880885258926 -11.3497042771708 6.41889785660881e-06
550000 5.58e-12 0.0256605155140756 644.901305768565 123.219596391918 -11.5015594938873 6.43660582771567e-06
552000 5.6e-12 0.0256605155140756 544.869149729961 20.123063122367 -9.45682396112494 6.47837038680613e-06
554000 5.62e-12 0.0256605155140756 533.837044190774 -147.558531416032 -9.2409500760553 6.44162130094866e-06
556000 5.64e-12 0.0256605155140756 642.329556676362 186.980881169747 -11.4825570288676 6.45063458890235e-06
558000 5.66e-12 0.0256605155140756 721.281188378143 -112.749751304338 -13.1174179275122 6.39830533752417e-06
560000 5.68e-12 0.0256605155140756 647.632603930504 -37.0370819345965 -11.6166257237769 6.42328943364157e-06
562000 5.7e-12 0.0256605155140756 552.269674651813 174.152499461921 -9.66911829205302 6.40197183981325e-06
564000 5.72e-12 0.0256605155140756 602.038006546958 -139.276583613193 -10.7032643898626 6.43160074259125e-06
566000 5.74e-12 0.0256605155140756 676.521829512997 84.2995123962584 -12.2457031274237 6.41866375058846e-06
568000 5.76e-12 0.0256605155140756 581.192830813606 -24.2830963653736 -10.2984460480557 6.47762534727576e-06
570000 5.78e-12 0.0256605155140756 543.98281549687 -101.068251531523 -9.5446981371399 6.47208387666686e-06
572000 5.8e-12 0.0256605155140756 600.938943039445 186.989609352702 -10.7271028010362 6.41956305352064e-06
574000 5.82e-12 0.0256605155140756 637.629709141363 -191.648368325543 -11.4923147919061 6.40806796564969e-06
576000 5.84e-12 0.0256605155140756 572.225137663438 50.6202226869507 -10.1595662634839 6.41318923121748e-06
578000 5.86e-12 0.0256605155140756 532.909367897106 68.2746150315368 -9.36307630721266 6.40734519334251e-06
580000 5.88e-12 0.0256605155140756 560.742210070592 -141.073539849921 -9.94594395466333 6.39000601975108e-06
582000 5.9e-12 0.0256605155140756 585.159538085605 159.748799069503 -10.4582338924445 6.43477700435062e-06
584000 5.92e-12 0.0256605155140756 572.281778598613 -8.39969157428715 -10.2046661958437 6.443970869759e-06
586000 5.94e-12 0.0256605155140756 597.391399080245 -100.856995519297 -10.7324984992419 6.44710255503345e-06
588000 5.96e-12 0.0256605155140756 645.912059267501 144.704451487938 -11.7410503546157 6.43377961075371e-06
590000 5.98e-12 0.0256605155140756 647.308118392663 -67.2825860600608 -11.7820371120228 6.4698645192922e-06
592000 6e-12 0.0256605155140756 663.856149684306 -38.9249791858144 -12.1350745548705 6.44872082314098e-06
594000 6.02e-12 0.0256605155140756 683.234434610313 130.554885823559 -12.5461804781899 6.45444223523413e-06
596000 6.04e-12 0.0256605155140756 746.057731712766 -112.177896349313 -13.8505110731855 6.44924661078856e-06
598000 6.06e-12 0.0256605155140756 658.674380804689 46.5722236352896 -12.0674407182521 6.49424497956931e-06
600000 6.08e-12 0.0256605155140756 620.134681120605 86.8664208573903 -11.2890733430119 6.48582217278958e-06
602000 6.1e-12 0.0256605155140756 719.156806133154 -113.80864100937 -13.3371788576904 6.49543246987399e-06
604000 6.12e-12 0.0256605155140756 686.490242733859 103.478508750062 -12.6784790835577 6.54570858901806e-06
606000 6.14e-12 0.0256605155140756 682.29803567528 -71.6896506858182 -12.6050232264538 6.55178303778257e-06
608000 6.16e-12 0.0256605155140756 618.961232762921 -90.9723525655878 -11.316304370333 6.59739006023502e-06
610000 6.18e-12 0.0256605155140756 682.189365879784 169.301291480608 -12.6280555438151 6.57804552711933e-06
612000 6.2e-12 0.0256605155140756 618.516177003423 -104.318746475209 -11.3306553217097 6.6688700942011e-06
614000 6.22e-12 0.0256605155140756 579.182175204356 39.089674991542 -10.5340250511844 6.62003445025166e-06
616000 6.24e-12 0.0256605155140756 629.520869633202 120.28437723032 -11.580439125874 6.70906091307258e-06
618000 6.26e-12 0.0256605155140756 728.881230837657 -183.250536144198 -13.6348385008173 6.63548704170898e-06
620000 6.28e-12 0.0256605155140756 672.756340075156 39.0244204583032 -12.4935962819976 6.69149648810424e-06
622000 6.3e-12 0.0256605155140756 566.641988228404 -37.7721692477239 -10.3241667127309 6.65573622926962e-06
624000 6.32e-12 0.0256605155140756 636.906438291889 -158.74050996271 -11.7797315352006 6.67557816619164e-06
626000 6.34e-12 0.0256605155140756 707.881785519773 149.21002461229 -13.2499401748375 6.61660889804241e-06
628000 6.36e-12 0.0256605155140756 642.808051330272 -19.965379173832 -11.9237266186223 6.6341742721795e-06
630000 6.38e-12 0.0256605155140756 611.117972449463 109.067637687666 -11.2843325444694 6.58396023363892e-06
632000 6.4e-12 0.0256605155140756 571.272771509683 206.178520318937 -10.4779161922986 6.54679156156099e-06
634000 6.42e-12 0.0256605155140756 655.486855507478 -127.053818347253 -12.2208510701644 6.46101688306735e-06
636000 6.44e-12 0.0256605155140756 584.352284472757 0.920701658371134 -10.7700386012871 6.4153166425402e-06
638000 6.46e-12 0.0256605155140756 540.191660598558 -112.694889421391 -9.87372173095183 6.33008299874468e-06
640000 6.48e-12 0.0256605155140756 616.098305228312 -59.4526381123781 -11.4449122756625 6.31179889332585e-06
642000 6.5e-12 0.0256605155140756 683.128579778054 116.399020123114 -12.8343641789072 6.21614769667121e-06
644000 6.52e-12 0.0256605155140756 671.153331206619 65.4307833288759 -12.6004937783877 6.21108745619764e-06
646000 6.54e-12 0.0256605155140756 573.532422969262 56.4710537411856 -10.6062613008979 6.187256150737e-06
648000 6.56e-12 0.0256605155140756 636.295109701018 18.5167397248114 -11.9077887279868 6.18896744660767e-06
650000 6.58e-12 0.0256605155140756 728.474566835167 -60.1567015925199 -13.8141315705501 6.1648498244563e-06
652000 6.6e-12 0.0256605155140756 676.119274143996 -111.622587296382 -12.7499999989421 6.12434068214658e-06
654000 6.62e-12 0.0256605155140756 622.062175759496 -24.688963557578 -11.6510764514825 6.17225191328615e-06
656000 6.64e-12 0.0256605155140756 654.754675007812 68.6114926197227 -12.3356630966343 6.25666274950138e-06
658000 6.66e-12 0.0256605155140756 638.250684606709 37.2324321784892 -12.0084848673162 6.21034301548418e-06
660000 6.68e-12 0.0256605155140756 628.661897926087 188.953813478511 -11.8228403803198 6.24193397138353e-06
662000 6.7e-12 0.0256605155140756 670.16985633492 -79.0690752256776 -12.6875278566151 6.30996734514517e-06
664000 6.72e-12 0.0256605155140756 634.061639749264 -61.7456967819809 -11.9568999304938 6.33599854257172e-06
666000 6.74e-12 0.0256605155140756 595.572848035275 33.7048639028034 -11.1773780397677 6.34632786614209e-06
668000 6.76e-12 0.0256605155140756 629.493259044193 -256.902256982647 -11.886688529187 6.38688933532205e-06
670000 6.78e-12 0.0256605155140756 660.004233923576 162.815538214482 -12.5256423163164 6.42505665392646e-06
672000 6.8e-12 0.0256605155140756 723.702424464362 7.34340967773308 -13.8471109975356 6.47569473462545e-06
674000 6.82e-12 0.0256605155140756 714.813870734969 -0.822010845673456 -13.6769328223393 6.48970653895967e-06
676000 6.84e-12 0.0256605155140756 666.304013766593 270.515567421814 -12.6926121400858 6.50435455860067e-06
678000 6.86e-12 0.0256605155140756 771.417962135125 -241.790043845926 -14.8660575262671 6.57127088496097e-06
680000 6.88e-12 0.0256605155140756 699.902752978125 -57.8075839745446 -13.4090323785195 6.59908063171584e-06
682000 6.9e-12 0.0256605155140756 655.694320629943 31.6155512701226 -12.5124282622668 6.62022175844942e-06
684000 6.92e-12 0.0256605155140756 680.741337097055 -176.470154368784 -13.0402824730613 6.67166248717833e-06
686000 6.94e-12 0.0256605155140756 653.447944579507 200.746691640795 -12.4916982003622 6.64386449328973e-06
688000 6.96e-12 0.0256605155140756 596.44550876095 49.5491376805269 -11.3316460139549 6.64730161639853e-06
690000 6.98e-12 0.0256605155140756 652.179752662928 67.2682534185984 -12.4887497432637 6.62232505548377e-06
692000 7e-12 0.0256605155140756 693.968147012075 168.478867064123 -13.3595543244082 6.65206474813695e-06
694000 7.02e-12 0.0256605155140756 702.065279221071 -141.791329622028 -13.539038659092 6.63196022268231e-06
696000 7.04e-12 0.0256605155140756 743.334525031146 42.5655627615896 -14.400617894039 6.60969986788556e-06
698000 7.06e-12 0.0256605155140756 743.769964655503 -108.767563456478 -14.4223733077602 6.61196519814943e-06
700000 7.08e-12 0.0256605155140756 755.85836300355 -147.649447766602 -14.6833252494525 6.65002912667337e-06
702000 7.1e-12 0.0256605155140756 750.867785953393 235.737760020268 -14.5942780708141 6.68763681382569e-06
704000 7.12e-12 0.0256605155140756 699.44262949485 -93.2402256084788 -13.5513447213413 6.73179562332009e-06
706000 7.14e-12 0.0256605155140756 662.347183177284 116.98338376846 -12.8020188752892 6.71531078545582e-06
708000 7.16e-12 0.0256605155140756 690.651525189326 85.2351015890037 -13.3955332182955 6.80867015754637e-06
710000 7.18e-12 0.0256605155140756 685.326033674836 -156.798562513918 -13.2978884176624 6.86240207668746e-06
712000 7.2e-12 0.0256605155140756 654.280521532409 73.9507233394701 -12.6725354800778 6.92432039045162e-06
714000 7.22e-12 0.0256605155140756 709.415445992703 -123.66855656723 -13.8189280024742 6.96831144143153e-06
716000 7.24e-12 0.0256605155140756 655.611029640673 -62.9646337714678 -12.726199466987 7.04423661806354e-06
718000 7.26e-12 0.0256605155140756 755.642151807515 56.2692542144188 -14.7953916762697 7.13578363005517e-06
720000 7.28e-12 0.0256605155140756 734.284868651076 -70.273474682192 -14.3697452739528 7.24700777277772e-06
722000 7.3e-12 0.0256605155140756 687.220258627572 164.429147650706 -13.415378283926 7.30687654745582e-06
724000 7.32e-12 0.0256605155140756 719.999381280969 -7.80513521708425 -14.1023212275617 7.37600054476717e-06
726000 7.34e-12 0.0256605155140756 783.064179868912 -146.048451055843 -15.4126934159894 7.43610535527233e-06
728000 7.36e-12 0.0256605155140756 782.538328679532 59.1497215712351 -15.4155751567569 7.40550469315731e-06
730000 7.38e-12 0.0256605155140756 712.227817734285 -159.47590531095 -13.9838959393539 7.48436586694864e-06
732000 7.4e-12 0.0256605155140756 671.92339961046 137.268760718682 -13.1689550966677 7.54118211188464e-06
734000 7.42e-12 0.0256605155140756 700.058251141497 116.898056924957 -13.7603861962415 7.53767520788414e-06
736000 7.44e-12 0.0256605155140756 744.553456029368 -61.2124610875762 -14.6874642731276 7.56409250175333e-06
738000 7.46e-12 0.0256605155140756 703.40394596444 111.417140496824 -13.8544750613274 7.59035170484422e-06
740000 7.48e-12 0.0256605155140756 679.59635480996 -163.848513361102 -13.3782715654104 7.60909067754471e-06
742000 7.5e-12 0.0256605155140756 685.574776469305 -98.2491421467231 -13.5145053612798 7.65048505848038e-06
744000 7.52e-12 0.0256605155140756 803.93197826984 -99.5110927737633 -15.9605637860812 7.65350517752227e-06
746000 7.54e-12 0.0256605155140756 835.071817933571 -53.5437718060105 -16.6148831583242 7.68082011639764e-06
748000 7.56e-12 0.0256605155140756 744.945091196679 73.7185988941804 -14.7766310126411 7.66341342930541e-06
750000 7.58e-12 0.0256605155140756 723.135971374746 49.0644554565002 -14.3424905425585 7.67194994208094e-06
752000 7.6e-12 0.0256605155140756 744.633938030577 163.574583491811 -14.7986994242654 7.70167268141537e-06
754000 7.62e-12 0.0256605155140756 785.629015766708 -65.3117247322278 -15.6550495723873 7.71865010417656e-06
756000 7.64e-12 0.0256605155140756 758.966626816519 66.9465217521597 -15.1209700789462 7.77302399565972e-06
758000 7.66e-12 0.0256605155140756 706.29045558774 -79.0482528556434 -14.0521668391306 7.75152168082502e-06
760000 7.68e-12 0.0256605155140756 713.930267228164 -81.1464350537604 -14.2232733195141 7.74830080296259e-06
762000 7.7e-12 0.0256605155140756 725.084970369567 266.506431055952 -14.4657156896146 7.73751151541452e-06
764000 7.72e-12 0.0256605155140756 767.027358095654 -229.850635462475 -15.3415658022256 7.72264631192324e-06
766000 7.74e-12 0.0256605155140756 695.53711033139 179.903338672775 -13.88636959509 7.71954108161979e-06
768000 7.76e-12 0.0256605155140756 690.565301310986 -114.070031078495 -13.7977813496102 7.69578494858138e-06
770000 7.78e-12 0.0256605155140756 819.696884214118 -110.454167017767 -16.4657533369419 7.68674901600216e-06
772000 7.8e-12 0.0256605155140756 883.510481531539 182.65434099698 -17.7923908918849 7.70102759621704e-06
774000 7.82e-12 0.0256605155140756 798.308292620337 -193.670635162213 -16.0565680479312 7.68432286065157e-06
776000 7.84e-12 0.0256605155140756 766.666273627328 181.766108981909 -15.420501269166 7.70344214549536e-06
778000 7.86e-12 0.0256605155140756 802.214123809293 22.3637970947082 -16.1659314390575 7.73484471714541e-06
780000 7.88e-12 0.0256605155140756 750.604571553202 -215.104702008006 -15.120832484197 7.74912823970884e-06
782000 7.9e-12 0.0256605155140756 716.657614458606 193.930178635957 -14.4377887258858 7.75357983364679e-06
784000 7.92e-12 0.0256605155140756 683.427310356534 -286.84245088831 -13.7691249326654 7.82125897890075e-06
786000 7.94e-12 0.0256605155140756 804.168587856921 65.7086885256823 -16.2647047209385 7.84375872982929e-06
788000 7.96e-12 0.0256605155140756 895.33125449716 82.5648695854783 -18.1532925530714 7.88538789369835e-06
790000 7.98e-12 0.0256605155140756 787.27179903089 -82.6426326120319 -15.9481600258344 7.91461762630605e-06
792000 8e-12 0.0256605155140756 758.094560927697 254.396191201211 -15.3630862180228 7.97004232593823e-06
794000 8.02e-12 0.0256605155140756 715.332574661768 -70.840269811519 -14.4998653800614 8.04481553991591e-06
796000 8.04e-12 0.0256605155140756 672.160622690928 -69.1703510219629 -13.6272446929877 8.05755717404956e-06
798000 8.06e-12 0.0256605155140756 707.452440714501 147.73415558576 -14.3659718380917 8.03192733300871e-06
800000 8.08e-12 0.0256605155140756 758.71022296061 -162.367495564919 -15.4335077372124 8.06884103323354e-06
802000 8.1e-12 0.0256605155140756 746.231722188808 53.1770191714817 -15.1910940542276 8.0196826546108e-06
804000 8.12e-12 0.0256605155140756 651.817539576974 81.319962478807 -13.2633710821095 8.06869208959064e-06
806000 8.14e-12 0.0256605155140756 631.390858205728 -118.760029098762 -12.8572986195048 8.0506953568472e-06
808000 8.16e-12 0.0256605155140756 641.212276686686 178.020836404082 -13.0721524510587 8.07542225695531e-06
810000 8.18e-12 0.0256605155140756 694.926910443634 -120.943247883689 -14.189192447565 8.07498810814259e-06
812000 8.2e-12 0.0256605155140756 667.465866748752 -64.0489016565366 -13.6378352726516 8.03206744523321e-06
814000 8.22e-12 0.0256605155140756 667.031151737616 67.5384535137984 -13.6421460294864 8.02234252840567e-06
816000 8.24e-12 0.0256605155140756 750.949954294082 -28.2025364784853 -15.3802186566859 7.98250548450729e-06
818000 8.26e-12 0.0256605155140756 728.967452268574 -11.2467953080684 -14.9423823416357 8.00947830940528e-06
820000 8.28e-12 0.0256605155140756 688.166124695036 81.4498257415415 -14.1167298837849 7.96260644397301e-06
822000 8.3e-12 0.0256605155140756 734.151015313188 -55.3668494336486 -15.0762795963858 7.96574610253601e-06
824000 8.32e-12 0.0256605155140756 765.559321890597 185.558439047025 -15.7366287774456 7.91968863380809e-06
826000 8.34e-12 0.0256605155140756 742.972726839972 -94.7751400486562 -15.2864280316437 7.91303873246699e-06
828000 8.36e-12 0.0256605155140756 661.50146414444 -111.747433080007 -13.6249175816499 7.91121876531224e-06
830000 8.38e-12 0.0256605155140756 651.018407527653 10.5880647901089 -13.4230737516275 7.86991547328648e-06
832000 8.4e-12 0.0256605155140756 713.437362176842 -121.043915584258 -14.7203208564713 7.85928769150979e-06
834000 8.42e-12 0.0256605155140756 811.776923154274 72.3503938116036 -16.7566167954863 7.80362627451268e-06
836000 8.44e-12 0.0256605155140756 815.490061287211 133.362062908265 -16.8484897439601 7.80698624006461e-06
838000 8.46e-12 0.0256605155140756 743.12134517297 -41.7055056164847 -15.3765960368059 7.80182674284916e-06
840000 8.48e-12 0.0256605155140756 718.304019765469 118.284132636171 -14.8808507619711 7.77235611210092e-06
842000 8.5e-12 0.0256605155140756 744.597445844083 -61.1887240972845 -15.4354826536643 7.76388265950033e-06
844000 8.52e-12 0.0256605155140756 755.801763359873 47.6730473312249 -15.6813057407768 7.72821153768446e-06
846000 8.54e-12 0.0256605155140756 834.303833758407 48.5896966729918 -17.3107292619094 7.7469633110188e-06
848000 8.56e-12 0.0256605155140756 826.65527060294 -43.6060350996024 -17.1700642181949 7.72572077072373e-06
850000 8.58e-12 0.0256605155140756 819.519032865097 204.791095722551 -17.0402311391039 7.7245710842317e-06
852000 8.6e-12 0.0256605155140756 832.200854640014 -45.8181684829343 -17.3188347490512 7.72309635999824e-06
854000 8.62e-12 0.0256605155140756 913.850164706353 103.300701856638 -19.0146842628845 7.69875409793802e-06
856000 8.64e-12 0.0256605155140756 905.530614945777 28.6696405323719 -18.8607845233947 7.71928495449837e-06
858000 8.66e-12 0.0256605155140756 863.964058348554 -167.973868366955 -18.02406164695 7.67908741855592e-06
860000 8.68e-12 0.0256605155140756 884.837122574039 36.1097504017695 -18.4713491719545 7.67978200818733e-06
862000 8.7e-12 0.0256605155140756 1024.75148613666 -60.5554152003914 -21.3658995803493 7.60476940522731e-06
864000 8.72e-12 0.0256605155140756 875.426585137682 -24.5587739550288 -18.3156539092815 7.59994954696557e-06
866000 8.74e-12 0.0256605155140756 784.433702271761 152.579793383208 -16.4629929653291 7.55041749870143e-06
868000 8.76e-12 0.0256605155140756 788.279237960964 26.9050330332982 -16.5592683183854 7.54692641026568e-06
870000 8.78e-12 0.0256605155140756 822.814450858826 -97.4179997910618 -17.2864689911055 7.51370242254803e-06
872000 8.8e-12 0.0256605155140756 823.213407669699 50.9861214525718 -17.3116878159943 7.53482359028098e-06
874000 8.82e-12 0.0256605155140756 758.971038246383 -75.7501399656467 -16.0083028730279 7.50589535678111e-06
876000 8.84e-12 0.0256605155140756 841.391953897696 20.5717933229399 -17.7201766540619 7.52873782331487e-06
878000 8.86e-12 0.0256605155140756 920.396905119362 215.094880414705 -19.3635731493012 7.47162003569338e-06
880000 8.88e-12 0.0256605155140756 875.695199872289 -20.5970791322812 -18.4632771039513 7.51605418576211e-06
882000 8.9e-12 0.0256605155140756 958.322534400574 -51.0407430582107 -20.1808928067062 7.55692357984178e-06
884000 8.92e-12 0.0256605155140756 800.676924627626 -40.3410952544691 -16.9604055864065 7.59074081123812e-06
886000 8.94e-12 0.0256605155140756 781.36961658019 -82.8714076783182 -16.5814178014552 7.55407178316469e-06
888000 8.96e-12 0.0256605155140756 966.50495841499 -74.6660355895982 -20.4051232040526 7.67942011842518e-06
890000 8.98e-12 0.0256605155140756 825.077843476436 105.463395558235 -17.5178553305309 7.66240581933278e-06
892000 9e-12 0.0256605155140756 800.886320399574 -10.2623109651887 -17.0399098585558 7.70906530867574e-06
894000 9.02e-12 0.0256605155140756 817.958972370203 180.848952548307 -17.4100677743585 7.73119369831999e-06
896000 9.04e-12 0.0256605155140756 982.609136361581 32.8041843927546 -20.8137508237486 7.89095001999606e-06
898000 9.06e-12 0.0256605155140756 982.689080102991 0.0538609787067072 -20.8357195476621 7.91455101738302e-06
900000 9.08e-12 0.0256605155140756 952.900928448393 -27.3928876017792 -20.2446135411429 7.92112057573171e-06
902000 9.1e-12 0.0256605155140756 988.473885790294 10.4977901822532 -20.999111155402 7.88759102852651e-06
904000 9.12e-12 0.0256605155140756 1068.97058944254 -154.962749117794 -22.6771421798608 7.94378812317458e-06
906000 9.14e-12 0.0256605155140756 1049.5117902327 -65.8891530144378 -22.2994503755585 7.94235443811752e-06
908000 9.16e-12 0.0256605155140756 981.548799644387 -140.859701987369 -20.9266094949417 7.99401251016506e-06
910000 9.18e-12 0.0256605155140756 1026.08301144588 39.4665816800897 -21.8668924437723 7.94466114321805e-06
912000 9.2e-12 0.0256605155140756 1069.4362666959 -57.8838009107905 -22.7828943052285 7.9339481207254e-06
914000 9.22e-12 0.0256605155140756 1053.72432930097 59.61075400331 -22.4846011934808 7.87237564675755e-06
916000 9.24e-12 0.0256605155140756 1066.51160272956 94.7205516803528 -22.7733906581718 7.89209464862271e-06
918000 9.26e-12 0.0256605155140756 991.281608738911 -154.134706151044 -21.2527175598209 7.82465231083077e-06
920000 9.28e-12 0.0256605155140756 1028.63887405191 218.396369457747 -22.0460795223568 7.82236605195601e-06
922000 9.3e-12 0.0256605155140756 1144.50496249305 111.922600575909 -24.4531018409059 7.84796417466845e-06
924000 9.32e-12 0.0256605155140756 1068.34998745851 -103.201795846855 -22.9138699238277 7.86983092607802e-06
926000 9.34e-12 0.0256605155140756 941.625989376472 134.968734051925 -20.3338303179039 7.90158165744369e-06
928000 9.36e-12 0.0256605155140756 979.040488311836 -109.85738458458 -21.1275591532561 7.91232012859674e-06
930000 9.38e-12 0.0256605155140756 1047.43926997294 -12.1769715595924 -22.5590143287326 7.90705778919056e-06
932000 9.4e-12 0.0256605155140756 943.084461193206 91.9401335589329 -20.4398601784888 7.87666072683189e-06
934000 9.42e-12 0.0256605155140756 907.86581683295 -250.355564758377 -19.7395526539714 7.92513696707308e-06
936000 9.44e-12 0.0256605155140756 962.031875106494 82.7843002536492 -20.8755713749487 7.92272820094651e-06
938000 9.46e-12 0.0256605155140756 900.951481549749 82.7318959739002 -19.6437962542633 7.93537573396716e-06
940000 9.48e-12 0.0256605155140756 849.033465634323 5.19520552991424 -18.6005023122498 7.98668976981709e-06
942000 9.5e-12 0.0256605155140756 977.973972423415 136.48782274447 -21.2742376640998 8.01879148379628e-06
944000 9.52e-12 0.0256605155140756 1067.77444052337 -191.63970592271 -23.14676094255 8.02723267491052e-06
946000 9.54e-12 0.0256605155140756 1048.91202147553 -143.887153213478 -22.7870315054509 8.07456221198386e-06
948000 9.56e-12 0.0256605155140756 1003.50257945622 -42.0701850786287 -21.8814098164088 8.04697769813734e-06
950000 9.58e-12 0.0256605155140756 1108.39847235281 -103.298984835516 -24.0652673727042 8.05013026822931e-06
952000 9.6e-12 0.0256605155140756 1173.5662869768 21.2082319382971 -25.4325896723998 8.00089405734181e-06
954000 9.62e-12 0.0256605155140756 1029.85623792903 85.5589623670011 -22.5089433702868 7.972874784558e-06
956000 9.64e-12 0.0256605155140756 956.021378036374 124.678174358768 -21.0188769931826 7.93602178376266e-06
958000 9.66e-12 0.0256605155140756 1061.01685460932 183.485235765954 -23.2041362812437 7.9221460875788e-06
960000 9.68e-12 0.0256605155140756 961.232739735062 -31.0393212632987 -21.1797854346756 7.93011975917843e-06
962000 9.7e-12 0.0256605155140756 960.9622421386 -55.7672426100188 -21.1993262368209 7.92605825079707e-06
964000 9.72e-12 0.0256605155140756 890.34716327799 -160.22835209007 -19.7741307403044 7.88166071056257e-06
966000 9.74e-12 0.0256605155140756 980.430181193689 69.0507578191917 -21.6515264628159 7.85958802748391e-06
968000 9.76e-12 0.0256605155140756 1058.03944952897 -103.968928776483 -23.2739103434314 7.83016421626151e-06
970000 9.78e-12 0.0256605155140756 1002.86814180399 280.789479617786 -22.1695503774269 7.79021727420395e-06
972000 9.8e-12 0.0256605155140756 935.371126917968 75.3989064893734 -20.8096568658465 7.76408107822576e-06
974000 9.82e-12 0.0256605155140756 1022.60573637564 -25.809260810894 -22.6295222842354 7.72564689365157e-06
976000 9.84e-12 0.0256605155140756 1037.20150024991 266.539379957459 -22.9585005718598 7.70029861194087e-06
978000 9.86e-12 0.0256605155140756 1043.87232218012 -317.562436247035 -23.125955416421 7.7009905882024e-06
980000 9.88e-12 0.0256605155140756 1097.32361211452 -80.6725075504559 -24.2548283778637 7.69125403284776e-06
982000 9.9e-12 0.0256605155140756 977.093006907418 -109.615703769335 -21.812035236448 7.77345997861413e-06
984000 9.92e-12 0.0256605155140756 946.515291174272 -240.540292076755 -21.2108135095437 7.84434543173419e-06
986000 9.94e-12 0.0256605155140756 982.011444103445 305.241517299188 -21.9692850872848 7.89357090487511e-06
988000 9.96e-12 0.0256605155140756 971.929383624026 -4.68410217892439 -21.7906569667313 7.81220328367483e-06
990000 9.98e-12 0.0256605155140756 1020.94310313894 211.139941363138 -22.8258892332757 7.96631316762342e-06
992000 1e-11 0.0256605155140756 944.399635180506 158.319922346401 -21.2807195381043 7.88895990092207e-06
994000 1.002e-11 0.0256605155140756 987.291503525704 -317.128334477143 -22.1902963028024 7.98412966224946e-06
996000 1.004e-11 0.0256605155140756 1012.1203325454 35.9639979108443 -22.7295762048336 7.94319685990281e-06
998000 1.006e-11 0.0256605155140756 976.885706470307 -140.5067696555 -22.0369619872653 8.09753644178731e-06
1000000 1.008e-11 0.0256605155140756 892.948905696526 -203.398643625153 -20.3416702096111 8.11563987673468e-06
