# Time-correlated data for fix SS
# Timestep Number-of-time-windows
# Index TimeDelta Ncount v_pxy*v_pxy v_pxz*v_pxz v_pyz*v_pyz
0 400
1 0 1 15.9056 278.451 16712.3
2 5 0 0.0 0.0 0.0
3 10 0 0.0 0.0 0.0
4 15 0 0.0 0.0 0.0
5 20 0 0.0 0.0 0.0
6 25 0 0.0 0.0 0.0
7 30 0 0.0 0.0 0.0
8 35 0 0.0 0.0 0.0
9 40 0 0.0 0.0 0.0
10 45 0 0.0 0.0 0.0
11 50 0 0.0 0.0 0.0
12 55 0 0.0 0.0 0.0
13 60 0 0.0 0.0 0.0
14 65 0 0.0 0.0 0.0
15 70 0 0.0 0.0 0.0
16 75 0 0.0 0.0 0.0
17 80 0 0.0 0.0 0.0
18 85 0 0.0 0.0 0.0
19 90 0 0.0 0.0 0.0
20 95 0 0.0 0.0 0.0
21 100 0 0.0 0.0 0.0
22 105 0 0.0 0.0 0.0
23 110 0 0.0 0.0 0.0
24 115 0 0.0 0.0 0.0
25 120 0 0.0 0.0 0.0
26 125 0 0.0 0.0 0.0
27 130 0 0.0 0.0 0.0
28 135 0 0.0 0.0 0.0
29 140 0 0.0 0.0 0.0
30 145 0 0.0 0.0 0.0
31 150 0 0.0 0.0 0.0
32 155 0 0.0 0.0 0.0
33 160 0 0.0 0.0 0.0
34 165 0 0.0 0.0 0.0
35 170 0 0.0 0.0 0.0
36 175 0 0.0 0.0 0.0
37 180 0 0.0 0.0 0.0
38 185 0 0.0 0.0 0.0
39 190 0 0.0 0.0 0.0
40 195 0 0.0 0.0 0.0
41 200 0 0.0 0.0 0.0
42 205 0 0.0 0.0 0.0
43 210 0 0.0 0.0 0.0
44 215 0 0.0 0.0 0.0
45 220 0 0.0 0.0 0.0
46 225 0 0.0 0.0 0.0
47 230 0 0.0 0.0 0.0
48 235 0 0.0 0.0 0.0
49 240 0 0.0 0.0 0.0
50 245 0 0.0 0.0 0.0
51 250 0 0.0 0.0 0.0
52 255 0 0.0 0.0 0.0
53 260 0 0.0 0.0 0.0
54 265 0 0.0 0.0 0.0
55 270 0 0.0 0.0 0.0
56 275 0 0.0 0.0 0.0
57 280 0 0.0 0.0 0.0
58 285 0 0.0 0.0 0.0
59 290 0 0.0 0.0 0.0
60 295 0 0.0 0.0 0.0
61 300 0 0.0 0.0 0.0
62 305 0 0.0 0.0 0.0
63 310 0 0.0 0.0 0.0
64 315 0 0.0 0.0 0.0
65 320 0 0.0 0.0 0.0
66 325 0 0.0 0.0 0.0
67 330 0 0.0 0.0 0.0
68 335 0 0.0 0.0 0.0
69 340 0 0.0 0.0 0.0
70 345 0 0.0 0.0 0.0
71 350 0 0.0 0.0 0.0
72 355 0 0.0 0.0 0.0
73 360 0 0.0 0.0 0.0
74 365 0 0.0 0.0 0.0
75 370 0 0.0 0.0 0.0
76 375 0 0.0 0.0 0.0
77 380 0 0.0 0.0 0.0
78 385 0 0.0 0.0 0.0
79 390 0 0.0 0.0 0.0
80 395 0 0.0 0.0 0.0
81 400 0 0.0 0.0 0.0
82 405 0 0.0 0.0 0.0
83 410 0 0.0 0.0 0.0
84 415 0 0.0 0.0 0.0
85 420 0 0.0 0.0 0.0
86 425 0 0.0 0.0 0.0
87 430 0 0.0 0.0 0.0
88 435 0 0.0 0.0 0.0
89 440 0 0.0 0.0 0.0
90 445 0 0.0 0.0 0.0
91 450 0 0.0 0.0 0.0
92 455 0 0.0 0.0 0.0
93 460 0 0.0 0.0 0.0
94 465 0 0.0 0.0 0.0
95 470 0 0.0 0.0 0.0
96 475 0 0.0 0.0 0.0
97 480 0 0.0 0.0 0.0
98 485 0 0.0 0.0 0.0
99 490 0 0.0 0.0 0.0
100 495 0 0.0 0.0 0.0
101 500 0 0.0 0.0 0.0
102 505 0 0.0 0.0 0.0
103 510 0 0.0 0.0 0.0
104 515 0 0.0 0.0 0.0
105 520 0 0.0 0.0 0.0
106 525 0 0.0 0.0 0.0
107 530 0 0.0 0.0 0.0
108 535 0 0.0 0.0 0.0
109 540 0 0.0 0.0 0.0
110 545 0 0.0 0.0 0.0
111 550 0 0.0 0.0 0.0
112 555 0 0.0 0.0 0.0
113 560 0 0.0 0.0 0.0
114 565 0 0.0 0.0 0.0
115 570 0 0.0 0.0 0.0
116 575 0 0.0 0.0 0.0
117 580 0 0.0 0.0 0.0
118 585 0 0.0 0.0 0.0
119 590 0 0.0 0.0 0.0
120 595 0 0.0 0.0 0.0
121 600 0 0.0 0.0 0.0
122 605 0 0.0 0.0 0.0
123 610 0 0.0 0.0 0.0
124 615 0 0.0 0.0 0.0
125 620 0 0.0 0.0 0.0
126 625 0 0.0 0.0 0.0
127 630 0 0.0 0.0 0.0
128 635 0 0.0 0.0 0.0
129 640 0 0.0 0.0 0.0
130 645 0 0.0 0.0 0.0
131 650 0 0.0 0.0 0.0
132 655 0 0.0 0.0 0.0
133 660 0 0.0 0.0 0.0
134 665 0 0.0 0.0 0.0
135 670 0 0.0 0.0 0.0
136 675 0 0.0 0.0 0.0
137 680 0 0.0 0.0 0.0
138 685 0 0.0 0.0 0.0
139 690 0 0.0 0.0 0.0
140 695 0 0.0 0.0 0.0
141 700 0 0.0 0.0 0.0
142 705 0 0.0 0.0 0.0
143 710 0 0.0 0.0 0.0
144 715 0 0.0 0.0 0.0
145 720 0 0.0 0.0 0.0
146 725 0 0.0 0.0 0.0
147 730 0 0.0 0.0 0.0
148 735 0 0.0 0.0 0.0
149 740 0 0.0 0.0 0.0
150 745 0 0.0 0.0 0.0
151 750 0 0.0 0.0 0.0
152 755 0 0.0 0.0 0.0
153 760 0 0.0 0.0 0.0
154 765 0 0.0 0.0 0.0
155 770 0 0.0 0.0 0.0
156 775 0 0.0 0.0 0.0
157 780 0 0.0 0.0 0.0
158 785 0 0.0 0.0 0.0
159 790 0 0.0 0.0 0.0
160 795 0 0.0 0.0 0.0
161 800 0 0.0 0.0 0.0
162 805 0 0.0 0.0 0.0
163 810 0 0.0 0.0 0.0
164 815 0 0.0 0.0 0.0
165 820 0 0.0 0.0 0.0
166 825 0 0.0 0.0 0.0
167 830 0 0.0 0.0 0.0
168 835 0 0.0 0.0 0.0
169 840 0 0.0 0.0 0.0
170 845 0 0.0 0.0 0.0
171 850 0 0.0 0.0 0.0
172 855 0 0.0 0.0 0.0
173 860 0 0.0 0.0 0.0
174 865 0 0.0 0.0 0.0
175 870 0 0.0 0.0 0.0
176 875 0 0.0 0.0 0.0
177 880 0 0.0 0.0 0.0
178 885 0 0.0 0.0 0.0
179 890 0 0.0 0.0 0.0
180 895 0 0.0 0.0 0.0
181 900 0 0.0 0.0 0.0
182 905 0 0.0 0.0 0.0
183 910 0 0.0 0.0 0.0
184 915 0 0.0 0.0 0.0
185 920 0 0.0 0.0 0.0
186 925 0 0.0 0.0 0.0
187 930 0 0.0 0.0 0.0
188 935 0 0.0 0.0 0.0
189 940 0 0.0 0.0 0.0
190 945 0 0.0 0.0 0.0
191 950 0 0.0 0.0 0.0
192 955 0 0.0 0.0 0.0
193 960 0 0.0 0.0 0.0
194 965 0 0.0 0.0 0.0
195 970 0 0.0 0.0 0.0
196 975 0 0.0 0.0 0.0
197 980 0 0.0 0.0 0.0
198 985 0 0.0 0.0 0.0
199 990 0 0.0 0.0 0.0
200 995 0 0.0 0.0 0.0
201 1000 0 0.0 0.0 0.0
202 1005 0 0.0 0.0 0.0
203 1010 0 0.0 0.0 0.0
204 1015 0 0.0 0.0 0.0
205 1020 0 0.0 0.0 0.0
206 1025 0 0.0 0.0 0.0
207 1030 0 0.0 0.0 0.0
208 1035 0 0.0 0.0 0.0
209 1040 0 0.0 0.0 0.0
210 1045 0 0.0 0.0 0.0
211 1050 0 0.0 0.0 0.0
212 1055 0 0.0 0.0 0.0
213 1060 0 0.0 0.0 0.0
214 1065 0 0.0 0.0 0.0
215 1070 0 0.0 0.0 0.0
216 1075 0 0.0 0.0 0.0
217 1080 0 0.0 0.0 0.0
218 1085 0 0.0 0.0 0.0
219 1090 0 0.0 0.0 0.0
220 1095 0 0.0 0.0 0.0
221 1100 0 0.0 0.0 0.0
222 1105 0 0.0 0.0 0.0
223 1110 0 0.0 0.0 0.0
224 1115 0 0.0 0.0 0.0
225 1120 0 0.0 0.0 0.0
226 1125 0 0.0 0.0 0.0
227 1130 0 0.0 0.0 0.0
228 1135 0 0.0 0.0 0.0
229 1140 0 0.0 0.0 0.0
230 1145 0 0.0 0.0 0.0
231 1150 0 0.0 0.0 0.0
232 1155 0 0.0 0.0 0.0
233 1160 0 0.0 0.0 0.0
234 1165 0 0.0 0.0 0.0
235 1170 0 0.0 0.0 0.0
236 1175 0 0.0 0.0 0.0
237 1180 0 0.0 0.0 0.0
238 1185 0 0.0 0.0 0.0
239 1190 0 0.0 0.0 0.0
240 1195 0 0.0 0.0 0.0
241 1200 0 0.0 0.0 0.0
242 1205 0 0.0 0.0 0.0
243 1210 0 0.0 0.0 0.0
244 1215 0 0.0 0.0 0.0
245 1220 0 0.0 0.0 0.0
246 1225 0 0.0 0.0 0.0
247 1230 0 0.0 0.0 0.0
248 1235 0 0.0 0.0 0.0
249 1240 0 0.0 0.0 0.0
250 1245 0 0.0 0.0 0.0
251 1250 0 0.0 0.0 0.0
252 1255 0 0.0 0.0 0.0
253 1260 0 0.0 0.0 0.0
254 1265 0 0.0 0.0 0.0
255 1270 0 0.0 0.0 0.0
256 1275 0 0.0 0.0 0.0
257 1280 0 0.0 0.0 0.0
258 1285 0 0.0 0.0 0.0
259 1290 0 0.0 0.0 0.0
260 1295 0 0.0 0.0 0.0
261 1300 0 0.0 0.0 0.0
262 1305 0 0.0 0.0 0.0
263 1310 0 0.0 0.0 0.0
264 1315 0 0.0 0.0 0.0
265 1320 0 0.0 0.0 0.0
266 1325 0 0.0 0.0 0.0
267 1330 0 0.0 0.0 0.0
268 1335 0 0.0 0.0 0.0
269 1340 0 0.0 0.0 0.0
270 1345 0 0.0 0.0 0.0
271 1350 0 0.0 0.0 0.0
272 1355 0 0.0 0.0 0.0
273 1360 0 0.0 0.0 0.0
274 1365 0 0.0 0.0 0.0
275 1370 0 0.0 0.0 0.0
276 1375 0 0.0 0.0 0.0
277 1380 0 0.0 0.0 0.0
278 1385 0 0.0 0.0 0.0
279 1390 0 0.0 0.0 0.0
280 1395 0 0.0 0.0 0.0
281 1400 0 0.0 0.0 0.0
282 1405 0 0.0 0.0 0.0
283 1410 0 0.0 0.0 0.0
284 1415 0 0.0 0.0 0.0
285 1420 0 0.0 0.0 0.0
286 1425 0 0.0 0.0 0.0
287 1430 0 0.0 0.0 0.0
288 1435 0 0.0 0.0 0.0
289 1440 0 0.0 0.0 0.0
290 1445 0 0.0 0.0 0.0
291 1450 0 0.0 0.0 0.0
292 1455 0 0.0 0.0 0.0
293 1460 0 0.0 0.0 0.0
294 1465 0 0.0 0.0 0.0
295 1470 0 0.0 0.0 0.0
296 1475 0 0.0 0.0 0.0
297 1480 0 0.0 0.0 0.0
298 1485 0 0.0 0.0 0.0
299 1490 0 0.0 0.0 0.0
300 1495 0 0.0 0.0 0.0
301 1500 0 0.0 0.0 0.0
302 1505 0 0.0 0.0 0.0
303 1510 0 0.0 0.0 0.0
304 1515 0 0.0 0.0 0.0
305 1520 0 0.0 0.0 0.0
306 1525 0 0.0 0.0 0.0
307 1530 0 0.0 0.0 0.0
308 1535 0 0.0 0.0 0.0
309 1540 0 0.0 0.0 0.0
310 1545 0 0.0 0.0 0.0
311 1550 0 0.0 0.0 0.0
312 1555 0 0.0 0.0 0.0
313 1560 0 0.0 0.0 0.0
314 1565 0 0.0 0.0 0.0
315 1570 0 0.0 0.0 0.0
316 1575 0 0.0 0.0 0.0
317 1580 0 0.0 0.0 0.0
318 1585 0 0.0 0.0 0.0
319 1590 0 0.0 0.0 0.0
320 1595 0 0.0 0.0 0.0
321 1600 0 0.0 0.0 0.0
322 1605 0 0.0 0.0 0.0
323 1610 0 0.0 0.0 0.0
324 1615 0 0.0 0.0 0.0
325 1620 0 0.0 0.0 0.0
326 1625 0 0.0 0.0 0.0
327 1630 0 0.0 0.0 0.0
328 1635 0 0.0 0.0 0.0
329 1640 0 0.0 0.0 0.0
330 1645 0 0.0 0.0 0.0
331 1650 0 0.0 0.0 0.0
332 1655 0 0.0 0.0 0.0
333 1660 0 0.0 0.0 0.0
334 1665 0 0.0 0.0 0.0
335 1670 0 0.0 0.0 0.0
336 1675 0 0.0 0.0 0.0
337 1680 0 0.0 0.0 0.0
338 1685 0 0.0 0.0 0.0
339 1690 0 0.0 0.0 0.0
340 1695 0 0.0 0.0 0.0
341 1700 0 0.0 0.0 0.0
342 1705 0 0.0 0.0 0.0
343 1710 0 0.0 0.0 0.0
344 1715 0 0.0 0.0 0.0
345 1720 0 0.0 0.0 0.0
346 1725 0 0.0 0.0 0.0
347 1730 0 0.0 0.0 0.0
348 1735 0 0.0 0.0 0.0
349 1740 0 0.0 0.0 0.0
350 1745 0 0.0 0.0 0.0
351 1750 0 0.0 0.0 0.0
352 1755 0 0.0 0.0 0.0
353 1760 0 0.0 0.0 0.0
354 1765 0 0.0 0.0 0.0
355 1770 0 0.0 0.0 0.0
356 1775 0 0.0 0.0 0.0
357 1780 0 0.0 0.0 0.0
358 1785 0 0.0 0.0 0.0
359 1790 0 0.0 0.0 0.0
360 1795 0 0.0 0.0 0.0
361 1800 0 0.0 0.0 0.0
362 1805 0 0.0 0.0 0.0
363 1810 0 0.0 0.0 0.0
364 1815 0 0.0 0.0 0.0
365 1820 0 0.0 0.0 0.0
366 1825 0 0.0 0.0 0.0
367 1830 0 0.0 0.0 0.0
368 1835 0 0.0 0.0 0.0
369 1840 0 0.0 0.0 0.0
370 1845 0 0.0 0.0 0.0
371 1850 0 0.0 0.0 0.0
372 1855 0 0.0 0.0 0.0
373 1860 0 0.0 0.0 0.0
374 1865 0 0.0 0.0 0.0
375 1870 0 0.0 0.0 0.0
376 1875 0 0.0 0.0 0.0
377 1880 0 0.0 0.0 0.0
378 1885 0 0.0 0.0 0.0
379 1890 0 0.0 0.0 0.0
380 1895 0 0.0 0.0 0.0
381 1900 0 0.0 0.0 0.0
382 1905 0 0.0 0.0 0.0
383 1910 0 0.0 0.0 0.0
384 1915 0 0.0 0.0 0.0
385 1920 0 0.0 0.0 0.0
386 1925 0 0.0 0.0 0.0
387 1930 0 0.0 0.0 0.0
388 1935 0 0.0 0.0 0.0
389 1940 0 0.0 0.0 0.0
390 1945 0 0.0 0.0 0.0
391 1950 0 0.0 0.0 0.0
392 1955 0 0.0 0.0 0.0
393 1960 0 0.0 0.0 0.0
394 1965 0 0.0 0.0 0.0
395 1970 0 0.0 0.0 0.0
396 1975 0 0.0 0.0 0.0
397 1980 0 0.0 0.0 0.0
398 1985 0 0.0 0.0 0.0
399 1990 0 0.0 0.0 0.0
400 1995 0 0.0 0.0 0.0
2000 400
1 0 401 7481.31 8417.38 6544.02
2 5 400 7299.12 8125.36 6307.33
3 10 399 6774.88 7299.05 5675.5
4 15 398 6024.02 6114.85 4786.62
5 20 397 5199.31 4801.21 3818.53
6 25 396 4434.22 3566.26 2938.48
7 30 395 3822 2554.88 2260.49
8 35 394 3402.93 1831.5 1825.97
9 40 393 3171.02 1393.73 1621.94
10 45 392 3083.78 1191.91 1599.54
11 50 391 3081.82 1157.78 1700.32
12 55 390 3102.69 1222.93 1874.62
13 60 389 3100.23 1332.77 2088.15
14 65 388 3053.8 1447.25 2323.41
15 70 387 2967.34 1538.69 2569.44
16 75 386 2862.91 1595.94 2804.11
17 80 385 2761.89 1620.31 2993.35
18 85 384 2679.94 1628.38 3094.45
19 90 383 2616.95 1640.31 3068.83
20 95 382 2564.98 1678.7 2900.86
21 100 381 2504.26 1758.92 2603.09
22 105 380 2416.19 1883.04 2218.51
23 110 379 2284.53 2037.83 1802.57
24 115 378 2105.72 2193.27 1415.43
25 120 377 1886.04 2311.24 1100.27
26 125 376 1637.87 2352.38 884.207
27 130 375 1376.14 2285.84 766.205
28 135 374 1112.97 2097.25 726.811
29 140 373 858.93 1794.71 735.798
30 145 372 620.947 1403.49 765.39
31 150 371 405.48 963.093 794.11
32 155 370 214.782 512.428 819.779
33 160 369 49.3773 90.6529 847.026
34 165 368 -95.5074 -268.488 891.551
35 170 367 -226.169 -535.111 957.004
36 175 366 -351.308 -686.211 1038.06
37 180 365 -478.492 -707.882 1113.16
38 185 364 -612.41 -599.797 1153.19
39 190 363 -753.739 -377.585 1137.6
40 195 362 -898.342 -74.7655 1055.64
41 200 361 -1036.45 259.96 918.496
42 205 360 -1156.71 570.031 747.523
43 210 359 -1250.5 805.121 569.787
44 215 358 -1316.45 934.726 406.877
45 220 357 -1360.21 959.186 273.413
46 225 356 -1389.66 906.036 172.434
47 230 355 -1411.89 821.183 100.034
48 235 354 -1428.36 747.64 52.0123
49 240 353 -1435.82 711.57 29.1409
50 245 352 -1433.04 715.473 42.3961
51 250 351 -1422.51 744.176 106.957
52 255 350 -1416.8 776.308 229.287
53 260 349 -1431.29 791.739 401.754
54 265 348 -1482.32 778.432 594.529
55 270 347 -1582.56 730.503 768.519
56 275 346 -1740.28 651.25 883.219
57 280 345 -1954.97 548.031 915.981
58 285 344 -2214.3 430.911 861.878
59 290 343 -2489.79 313.35 735.605
60 295 342 -2741.4 208.964 562.479
61 300 341 -2923.22 130.799 368.118
62 305 340 -2997.29 90.2035 177.831
63 310 339 -2943.7 92.8026 3.95772
64 315 338 -2768.39 144.694 -145.122
65 320 337 -2502.84 248.313 -270.35
66 325 336 -2197.58 409.146 -370.724
67 330 335 -1911.21 629.577 -442.156
68 335 334 -1694.55 904.008 -467.772
69 340 333 -1578.51 1212.31 -426.127
70 345 332 -1568.18 1517.18 -295.444
71 350 331 -1643.32 1772.93 -73.1244
72 355 330 -1768.08 1932.94 217.739
73 360 329 -1897.22 1962.7 530.973
74 365 328 -1991.69 1852.53 808.166
75 370 327 -2025.44 1618.95 992.733
76 375 326 -1994.22 1307.6 1048.54
77 380 325 -1915.1 982.865 962.964
78 385 324 -1819.64 708.341 747.38
79 390 323 -1741 532.151 439.917
80 395 322 -1696.49 470.551 91.404
81 400 321 -1680.61 506.836 -238.187
82 405 320 -1669.03 599.168 -495.318
83 410 319 -1631.61 701.195 -642.39
84 415 318 -1544.2 779.057 -666.084
85 420 317 -1396.8 821.681 -579.809
86 425 316 -1192.24 838.926 -420.186
87 430 315 -947.225 849.104 -233.07
88 435 314 -686.676 869.855 -65.967
89 440 313 -441.647 905.745 50.9414
90 445 312 -241.938 949.371 100.585
91 450 311 -108.189 986.945 88.9688
92 455 310 -44.719 1003.9 30.6528
93 460 309 -40.4792 993.317 -53.1456
94 465 308 -71.9297 959.212 -144.476
95 470 307 -112.191 913.004 -230.917
96 475 306 -135.702 872.959 -307.021
97 480 305 -122.616 856.166 -368.272
98 485 304 -65.8947 874.2 -408.864
99 490 303 29.4266 929.602 -418.504
100 495 302 146.05 1013.22 -389.115
101 500 301 261.291 1111.36 -315.643
102 505 300 353.871 1202.28 -203.451
103 510 299 409.155 1256.57 -67.3626
104 515 298 424.03 1245.43 66.7777
105 520 297 402.792 1146.03 165.913
106 525 296 352.925 958.361 202.904
107 530 295 280.645 703.264 158.185
108 535 294 192.523 426.4 30.0538
109 540 293 95.5316 187.764 -169.373
110 545 292 0.837044 46.4407 -411.865
111 550 291 -80.9491 46.5723 -659.627
112 555 290 -139.397 205.649 -870.205
113 560 289 -166.839 504.034 -1007.89
114 565 288 -158.573 891.3 -1055.14
115 570 287 -113.382 1298.78 -1016.49
116 575 286 -33.7544 1658.44 -915.526
117 580 285 73.9069 1918.32 -791.209
118 585 284 203.258 2055.81 -681.238
119 590 283 347.811 2079.52 -617.302
120 595 282 502.671 2021.97 -609.517
121 600 281 663.064 1931.69 -648.031
122 605 280 818.5 1853.9 -703.339
123 610 279 957.816 1824.4 -742.383
124 615 278 1067.88 1859.25 -740.847
125 620 277 1142.2 1952.49 -700.107
126 625 276 1181.32 2083.73 -645.134
127 630 275 1188.83 2214.95 -621.635
128 635 274 1169.4 2311.23 -670.044
129 640 273 1127.03 2338.56 -819.188
130 645 272 1066.14 2279.36 -1065.7
131 650 271 999.633 2131.19 -1380.49
132 655 270 940.744 1916.87 -1710.25
133 660 269 900.573 1674.91 -1995.67
134 665 268 877.368 1455.23 -2191.34
135 670 267 857.76 1299.77 -2274.96
136 675 266 824.84 1238.82 -2249.65
137 680 265 766.738 1276.94 -2134.3
138 685 264 682.055 1399.46 -1956.1
139 690 263 581.447 1578.73 -1737.35
140 695 262 481.97 1784.16 -1500.47
141 700 261 404.094 1990.89 -1259.75
142 705 260 366.351 2179.51 -1038.18
143 710 259 380.187 2335.18 -862.228
144 715 258 445.39 2438.97 -766.655
145 720 257 547.778 2473.69 -786.239
146 725 256 664.094 2423.79 -945.127
147 730 255 773.346 2281.99 -1251.74
148 735 254 864.592 2054.95 -1684.63
149 740 253 938.6 1766.15 -2200.15
150 745 252 1005.66 1455.88 -2730.54
151 750 251 1077.87 1170.37 -3203.01
152 755 250 1165.32 944.229 -3553
153 760 249 1271.81 789.169 -3742.48
154 765 248 1390.79 690.565 -3768.23
155 770 247 1502.54 621.45 -3650.77
156 775 246 1574.24 553.509 -3428.24
157 780 245 1567.6 471.963 -3142.63
158 785 244 1455.09 381.228 -2833.98
159 790 243 1229.48 298.363 -2537.33
160 795 242 911.351 241.904 -2282.77
161 800 241 543.694 219.523 -2098.92
162 805 240 181.085 226.471 -2010.25
163 810 239 -122.096 249.941 -2033.08
164 815 238 -329.5 276.163 -2174.61
165 820 237 -425.315 297.689 -2418.44
166 825 236 -421.055 308.83 -2726.46
167 830 235 -344.426 303.927 -3039.79
168 835 234 -229.178 277.061 -3291.47
169 840 233 -100.405 217.537 -3420.62
170 845 232 28.1414 119.867 -3389.2
171 850 231 156.487 -24.7953 -3186.2
172 855 230 289.808 -214.517 -2834.56
173 860 229 432.67 -440.06 -2377.88
174 865 228 579.813 -677.391 -1873.28
175 870 227 718.051 -897.162 -1375.54
176 875 226 826.744 -1070.96 -925.991
177 880 225 887.326 -1180.25 -547.903
178 885 224 887.04 -1224.77 -243.7
179 890 223 823.263 -1223.03 -12.6621
180 895 222 705.712 -1210.56 141.713
181 900 221 556.028 -1220.99 203.48
182 905 220 406.197 -1273.66 156.428
183 910 219 289.928 -1357.7 -6.11884
184 915 218 231.546 -1438.45 -261.387
185 920 217 239.365 -1467.66 -566.859
186 925 216 293.784 -1408.57 -856.899
187 930 215 357.58 -1243.38 -1065.4
188 935 214 384.569 -984.576 -1131.42
189 940 213 340.587 -661.602 -1021.92
190 945 212 212.929 -316.205 -740.908
191 950 211 11.9055 7.80796 -334.18
192 955 210 -231.322 274.239 124.099
193 960 209 -474.627 455.705 551.559
194 965 208 -677.167 542.625 877.836
195 970 207 -805.096 538.59 1066.61
196 975 206 -839.28 454.132 1118.97
197 980 205 -775.071 302.193 1075.32
198 985 204 -623.902 96.7315 991.425
199 990 203 -412.654 -138.461 915.22
200 995 202 -182.136 -367.125 874.543
201 1000 201 20.2457 -543.503 863.563
202 1005 200 147.875 -628.728 858.504
203 1010 199 169.392 -600.822 822.051
204 1015 198 71.9578 -462.053 726.334
205 1020 197 -134.437 -236.617 559.854
206 1025 196 -423.064 39.311 339.453
207 1030 195 -754.301 321.805 100.271
208 1035 194 -1087.99 576.246 -112.505
209 1040 193 -1380.33 776.877 -265.182
210 1045 192 -1598.17 913.569 -347.735
211 1050 191 -1716.24 986.906 -369.352
212 1055 190 -1734.49 1007.46 -351.024
213 1060 189 -1674.86 994.32 -313.216
214 1065 188 -1577.59 968.54 -267.863
215 1070 187 -1486.01 948.894 -217.094
216 1075 186 -1424.5 950.277 -147.977
217 1080 185 -1390.66 969.11 -45.4947
218 1085 184 -1354.85 996.814 101.957
219 1090 183 -1276.33 1013.41 284.211
220 1095 182 -1119.95 998.694 476.906
221 1100 181 -879.479 938.216 632.391
222 1105 180 -577.466 819.334 705.21
223 1110 179 -272.255 643.431 657.828
224 1115 178 -32.0491 415.764 488.222
225 1120 177 70.6185 155.242 234.632
226 1125 176 -8.40842 -109.062 -35.2049
227 1130 175 -277.422 -340.185 -247.178
228 1135 174 -697.378 -505.805 -348.669
229 1140 173 -1198.4 -584.868 -326.384
230 1145 172 -1691.35 -572.691 -203.339
231 1150 171 -2094.34 -474.772 -28.2893
232 1155 170 -2348.63 -305.665 141.42
233 1160 169 -2435.37 -85.2497 259.488
234 1165 168 -2375.64 156.116 299.587
235 1170 167 -2217.76 382.045 267.368
236 1175 166 -2019.52 564.394 186.497
237 1180 165 -1820.18 690.227 89.6722
238 1185 164 -1639.67 776.486 -0.900868
239 1190 163 -1473 857.949 -81.3409
240 1195 162 -1311.12 972.686 -164.89
241 1200 161 -1146.63 1144.35 -261.609
242 1205 160 -989.609 1374.04 -367.105
243 1210 159 -857.191 1635.7 -444.353
244 1215 158 -772.964 1885.37 -442.336
245 1220 157 -752.662 2071.4 -320.26
246 1225 156 -799.239 2149.51 -67.1747
247 1230 155 -892.848 2093.84 283.206
248 1235 154 -994.598 1899.25 666.549
249 1240 153 -1057 1586.37 1003.59
250 1245 152 -1042.23 1182.5 1225.33
251 1250 151 -934.189 726.995 1286.75
252 1255 150 -747.32 258.192 1177.23
253 1260 149 -523.486 -176.469 928.689
254 1265 148 -309.101 -538.042 606.182
255 1270 147 -150.052 -790.457 280.68
256 1275 146 -71.3745 -919.627 12.3808
257 1280 145 -86.8337 -923.307 -176.12
258 1285 144 -195.001 -819.796 -287.121
259 1290 143 -383.929 -633.495 -350.731
260 1295 142 -633.237 -400.341 -392.741
261 1300 141 -907.855 -153.614 -423.46
262 1305 140 -1156.42 71.5084 -430.462
263 1310 139 -1324.29 248.034 -378.392
264 1315 138 -1366.63 363.522 -237.357
265 1320 137 -1264.95 417.841 16.4015
266 1325 136 -1032.35 431.677 360.438
267 1330 135 -703.439 432.589 748.715
268 1335 134 -330.496 451.945 1098.32
269 1340 133 39.5124 508.51 1327.8
270 1345 132 363.6 602.277 1373.63
271 1350 131 609.6 717.194 1218.48
272 1355 130 753.073 822.063 896.842
273 1360 129 784.72 877.148 486.377
274 1365 128 717.062 853.957 78.2052
275 1370 127 583.323 744.432 -254.723
276 1375 126 422.36 564.303 -465.874
277 1380 125 268.661 352.618 -553.927
278 1385 124 132.4 144.689 -530.948
279 1390 123 3.46176 -25.3017 -430.772
280 1395 122 -146.584 -154.456 -266.839
281 1400 121 -345.147 -251.05 -49.662
282 1405 120 -602.928 -341.154 218.205
283 1410 119 -912.13 -448.574 518.912
284 1415 118 -1242.09 -589.755 825.734
285 1420 117 -1554.77 -773.247 1101.66
286 1425 116 -1805.06 -994.401 1316.88
287 1430 115 -1960.93 -1237.62 1439.19
288 1435 114 -2013.52 -1476.42 1448.17
289 1440 113 -1983.83 -1658.42 1321.71
290 1445 112 -1912 -1721.5 1062.54
291 1450 111 -1854.46 -1596.74 695.636
292 1455 110 -1862.96 -1231.01 273.447
293 1460 109 -1985.47 -606.212 -134.672
294 1465 108 -2245.22 244.745 -465.124
295 1470 107 -2644.91 1241.42 -671.626
296 1475 106 -3154.89 2253.82 -728.285
297 1480 105 -3727.28 3143.68 -627.722
298 1485 104 -4293.65 3785.09 -380.924
299 1490 103 -4781.95 4110.01 -24.7931
300 1495 102 -5124.96 4101.51 393.818
301 1500 101 -5282.62 3808.99 817.559
302 1505 100 -5251.62 3320.07 1212.74
303 1510 99 -5067.7 2751.61 1561.03
304 1515 98 -4791.59 2203.93 1848.41
305 1520 97 -4481.87 1749 2049.17
306 1525 96 -4184.44 1420.97 2123.37
307 1530 95 -3916.46 1211.46 2033.96
308 1535 94 -3680.98 1079.02 1761
309 1540 93 -3474.91 965.328 1321.43
310 1545 92 -3298.8 822.401 769.722
311 1550 91 -3163.4 625.4 191.025
312 1555 90 -3082.64 397.004 -324.726
313 1560 89 -3065.26 200.31 -693.697
314 1565 88 -3121.16 120.744 -861.544
315 1570 87 -3238.28 212.503 -785.58
316 1575 86 -3404.81 495.746 -476.244
317 1580 85 -3577.59 928.699 41.3453
318 1585 84 -3717.47 1433.95 691.413
319 1590 83 -3777.62 1919.12 1392.49
320 1595 82 -3721.4 2312.99 2051.89
321 1600 81 -3520.28 2567.67 2589.54
322 1605 80 -3170.44 2661.86 2935.63
323 1610 79 -2688.32 2590.23 3035.55
324 1615 78 -2110.72 2354.88 2866.27
325 1620 77 -1483.69 1968.4 2457.68
326 1625 76 -865.065 1445.91 1881.17
327 1630 75 -313.575 805.845 1247.23
328 1635 74 125.319 91.6242 642.248
329 1640 73 427.652 -641.743 124.606
330 1645 72 575.951 -1313.16 -285.301
331 1650 71 573.584 -1839.69 -608.926
332 1655 70 438.1 -2157.29 -847.436
333 1660 69 213.229 -2216.26 -989.835
334 1665 68 -35.8062 -1988.12 -1000.41
335 1670 67 -252.088 -1487.07 -853.602
336 1675 66 -383.369 -768.009 -537.258
337 1680 65 -389.266 86.4983 -90.2401
338 1685 64 -243.54 981.41 423.758
339 1690 63 73.0849 1841.24 914.265
340 1695 62 562.035 2601.12 1304.46
341 1700 61 1207.55 3227.13 1529.59
342 1705 60 1969.28 3696.54 1575.14
343 1710 59 2772.74 4003.11 1448.84
344 1715 58 3532.63 4137.99 1214.82
345 1720 57 4176.51 4085.34 926.765
346 1725 56 4656.62 3834.23 636.215
347 1730 55 4962.52 3402.09 359.64
348 1735 54 5098.49 2841.44 76.9439
349 1740 53 5077.61 2218.24 -240.931
350 1745 52 4926.21 1584.15 -638.879
351 1750 51 4676.86 988.681 -1115.65
352 1755 50 4394.05 481.883 -1645.55
353 1760 49 4145.86 91.0213 -2145.8
354 1765 48 3999.85 -171.065 -2548.74
355 1770 47 4009.18 -327.062 -2792.95
356 1775 46 4206.32 -410.412 -2862.77
357 1780 45 4611.45 -469.325 -2765.75
358 1785 44 5222.05 -531.908 -2504.5
359 1790 43 6011.64 -613.702 -2074.49
360 1795 42 6922.88 -696.704 -1478.99
361 1800 41 7870.08 -737.419 -735.586
362 1805 40 8754.54 -670.82 90.0164
363 1810 39 9482.86 -432.498 920.131
364 1815 38 9983.13 11.2585 1646.67
365 1820 37 10220.2 638.078 2167.29
366 1825 36 10189.8 1382.71 2328.05
367 1830 35 9942.41 2152.05 2038.98
368 1835 34 9549.31 2846.1 1239.84
369 1840 33 9121.83 3368.48 -15.517
370 1845 32 8723.44 3657.21 -1533.07
371 1850 31 8414.82 3677.55 -3082.87
372 1855 30 8177.09 3438.42 -4319.54
373 1860 29 7976.92 2965.21 -5022.43
374 1865 28 7742.16 2324.74 -4973.16
375 1870 27 7439.92 1593.99 -4167.49
376 1875 26 7065.35 877.105 -2708.21
377 1880 25 6684.92 258.164 -876.04
378 1885 24 6369.13 -234.847 964.492
379 1890 23 6177.43 -630.234 2464.52
380 1895 22 6096.12 -1005.44 3438.25
381 1900 21 6052.31 -1440 3786.12
382 1905 20 5963.03 -1945.56 3606.25
383 1910 19 5742.06 -2479.06 3006.48
384 1915 18 5401.65 -2904.52 2120.07
385 1920 17 4981.67 -3083.05 985.625
386 1925 16 4541.04 -2878.42 -437.109
387 1930 15 4104.52 -2242.74 -2184.36
388 1935 14 3666.48 -1206.82 -4213.75
389 1940 13 3216.77 112.973 -6273.8
390 1945 12 2757.37 1582.05 -8027.08
391 1950 11 2312.86 3030.73 -8893.47
392 1955 10 1918.45 4241.48 -8427
393 1960 9 1598.56 5032.18 -6377.58
394 1965 8 1371.85 5310.71 -2818.88
395 1970 7 1189.33 5076.45 1784.42
396 1975 6 997.483 4352.39 6566.93
397 1980 5 741.462 3195.32 10640.4
398 1985 4 405.867 1817.64 13083.2
399 1990 3 136.358 376.398 13841.5
400 1995 2 62.3597 -867.564 13598
4000 400
1 0 801 7550.22 7411.03 6633.38
2 5 800 7327.64 7135.47 6402.07
3 10 799 6714.14 6389.48 5768.94
4 15 798 5844.76 5326.66 4876.14
5 20 797 4894.22 4146.17 3903.32
6 25 796 4013.99 3026.61 3006.55
7 30 795 3304.86 2097.12 2287.14
8 35 794 2807.31 1422.14 1783.27
9 40 793 2512.42 1010 1484.17
10 45 792 2378.89 828.091 1350.48
11 50 791 2351.7 821.215 1333.43
12 55 790 2376.98 927.386 1389.29
13 60 789 2412.31 1089.44 1484.08
14 65 788 2434.25 1261.06 1595.41
15 70 787 2435.13 1406.98 1703.55
16 75 786 2418.41 1508.99 1786.6
17 80 785 2388.8 1558.72 1816.79
18 85 784 2347.12 1562.65 1770.61
19 90 783 2288.44 1530.26 1632.82
20 95 782 2207.62 1477.83 1410.67
21 100 781 2101.82 1422.32 1128.82
22 105 780 1974.89 1379.01 827.113
23 110 779 1831.28 1354.89 546.78
24 115 778 1677.98 1344.53 322.914
25 120 777 1519.1 1332.24 177.213
26 125 776 1359.87 1297.66 114.518
27 130 775 1207.94 1220.14 122.072
28 135 774 1071.3 1088.86 172.682
29 140 773 958.889 900.356 234.458
30 145 772 873.268 663.411 279.045
31 150 771 813.144 395.196 292.044
32 155 770 769.741 115.477 278.15
33 160 769 732.257 -151.793 258.251
34 165 768 688.431 -386.102 257.273
35 170 767 627.517 -565.765 290.22
36 175 766 541.805 -674.026 355.002
37 180 765 427.718 -698.081 432.689
38 185 764 288.094 -632.283 496.692
39 190 763 132.438 -479.455 521.068
40 195 762 -24.773 -256.619 489.33
41 200 761 -165.031 6.59233 397.024
42 205 760 -274.235 269.865 254.229
43 210 759 -341.578 493.636 79.1332
44 215 758 -365.694 650.249 -104.136
45 220 757 -349.555 729.069 -272.033
46 225 756 -301.152 740.504 -404.646
47 230 755 -230.535 706.324 -489.05
48 235 754 -148.329 654.435 -517.024
49 240 753 -66.2816 605.97 -484.455
50 245 752 3.48698 571.504 -387.218
51 250 751 46.0633 548.489 -225.486
52 255 750 46.0252 528.355 -8.07047
53 260 749 -11.4883 503.481 245.548
54 265 748 -134.146 467.912 503.786
55 270 747 -319.734 422.996 732.7
56 275 746 -554.879 370.304 899.721
57 280 745 -816.336 315.547 985.594
58 285 744 -1074.63 263.383 982.044
59 290 743 -1301.05 221.91 896.674
60 295 742 -1471.37 195.386 747.875
61 300 741 -1571.3 188.374 564.729
62 305 740 -1595.71 201.083 381.493
63 310 739 -1548.85 235.367 228.72
64 315 738 -1443.18 293.205 126.072
65 320 737 -1298.15 379.345 75.3923
66 325 736 -1139.07 498.195 65.189
67 330 735 -994.958 650.415 77.3778
68 335 734 -891.134 827.949 100.702
69 340 733 -845.353 1014.66 129.197
70 345 732 -860.745 1184.06 163.315
71 350 731 -928.233 1306.92 199.698
72 355 730 -1028.57 1353.79 229.335
73 360 729 -1136.79 1306.1 241.74
74 365 728 -1229.3 1165.37 229.548
75 370 727 -1287.02 951.923 193.438
76 375 726 -1300.33 704.424 144.485
77 380 725 -1272.56 463.954 97.7362
78 385 724 -1217.25 268.941 67.3009
79 390 723 -1154.47 145.014 62.8241
80 395 722 -1099.01 100.642 86.0641
81 400 721 -1054.72 125.931 135.169
82 405 720 -1014.07 193.94 203.938
83 410 719 -964.854 272.399 285.931
84 415 718 -895.825 332.427 374.888
85 420 717 -800.17 360.745 468.55
86 425 716 -673.856 358.639 567.147
87 430 715 -517.539 340.133 669.407
88 435 714 -335.734 319.89 766.935
89 440 713 -138.078 310.054 843.521
90 445 712 61.0338 314.309 879.585
91 450 711 245.268 333.895 864.885
92 455 710 396.508 364.22 801.97
93 460 709 500.73 403.015 707.427
94 465 708 547.192 444.859 600.859
95 470 707 532.73 487.254 496.138
96 475 706 463.95 525.48 396.935
97 480 705 355.949 555.374 300.523
98 485 704 231.032 570.721 205.831
99 490 703 110.818 565.867 117.063
100 495 702 13.6738 539.17 43.1422
101 500 701 -51.2989 490.5 -5.33809
102 505 700 -82.8661 422.037 -20.1236
103 510 699 -86.5625 331.804 3.53565
104 515 698 -71.3415 218.146 62.6753
105 520 697 -49.1388 80.1561 144.036
106 525 696 -32.1621 -74.2517 226.502
107 530 695 -32.7621 -228.457 284.025
108 535 694 -59.2923 -355.748 296.669
109 540 693 -113.844 -429.367 254.119
110 545 692 -190.791 -426.677 161.227
111 550 691 -277.601 -339.971 35.2395
112 555 690 -356.926 -179.24 -98.0631
113 560 689 -410.244 30.5995 -211.205
114 565 688 -419.504 257.581 -284.144
115 570 687 -372.441 474.639 -306.087
116 575 686 -265.327 660.646 -280.008
117 580 685 -108.02 801.838 -219.126
118 585 684 77.6125 888.72 -143.589
119 590 683 264.972 921.275 -73.7068
120 595 682 431.37 903.599 -22.5185
121 600 681 565.465 845.703 5.78868
122 605 680 666.728 756.5 17.2621
123 610 679 741.56 646.466 20.1857
124 615 678 796.235 522.754 19.9591
125 620 677 834.498 392.589 12.2688
126 625 676 856.948 262.115 -16.9289
127 630 675 862.161 137.227 -84.1432
128 635 674 849.556 20.1769 -201.001
129 640 673 820.401 -92.6718 -367.301
130 645 672 776.832 -204.375 -569.581
131 650 671 724.057 -315.543 -787.005
132 655 670 665.777 -413.913 -995.669
133 660 669 607.204 -485.421 -1175.5
134 665 668 548.313 -508.319 -1312.56
135 670 667 486.703 -472.809 -1399.09
136 675 666 419.617 -375.148 -1430.41
137 680 665 350.218 -229.835 -1405.71
138 685 664 290.245 -57.8598 -1327.21
139 690 663 258.623 112.791 -1201.05
140 695 662 272.181 258.794 -1037.28
141 700 661 339.01 361.316 -849.09
142 705 660 450.782 410.973 -653.936
143 710 659 584.076 403.834 -472.568
144 715 658 706.514 341.383 -324.399
145 720 657 787.733 230.578 -226.273
146 725 656 811.234 78.4211 -187.67
147 730 655 778.93 -98.8639 -213.286
148 735 654 711.004 -286.246 -303.994
149 740 653 637.544 -461.253 -454.471
150 745 652 589.524 -605.325 -651.531
151 750 651 591.359 -704.888 -870.711
152 755 650 656.039 -757.053 -1082.85
153 760 649 781.32 -772.731 -1262.08
154 765 648 946.867 -768.899 -1394.8
155 770 647 1118.34 -761.169 -1477.63
156 775 646 1254.39 -754.197 -1513.13
157 780 645 1319.74 -735.006 -1501.79
158 785 644 1294.54 -682.182 -1441.51
159 790 643 1179.2 -569.342 -1333.15
160 795 642 990.012 -384.928 -1189.95
161 800 641 753.94 -138.492 -1040.44
162 805 640 498.868 141.103 -922.399
163 810 639 252.186 408.785 -869.932
164 815 638 36.0031 622.733 -902.682
165 820 637 -131.712 750.904 -1019.86
166 825 636 -238.896 782.48 -1200.55
167 830 635 -278.365 724.714 -1412.31
168 835 634 -247.172 599.136 -1618.09
169 840 633 -149.813 433.699 -1784.49
170 845 632 2.31718 257.839 -1887.93
171 850 631 187.222 93.3022 -1915.64
172 855 630 376.946 -47.6869 -1866.66
173 860 629 538.689 -163.974 -1746.2
174 865 628 647.149 -261.844 -1561.14
175 870 627 687.555 -346.828 -1317.05
176 875 626 663.602 -422.784 -1021.13
177 880 625 591.272 -486.976 -685.811
178 885 624 492.677 -538.471 -333.834
179 890 623 389.37 -578.756 1.75171
180 895 622 296.912 -617.908 281.44
181 900 621 228.377 -666.65 471.192
182 905 620 193.689 -731.597 551.463
183 910 619 199.043 -809.99 524.481
184 915 618 244.606 -888.016 412.902
185 920 617 320.253 -949.774 250.907
186 925 616 408.128 -981.652 77.2125
187 930 615 485.819 -979.356 -75.9771
188 935 614 532.273 -942.696 -185.777
189 940 613 531.43 -878.558 -244.935
190 945 612 475.764 -796.774 -259.947
191 950 611 367.728 -715.128 -245.375
192 955 610 223.83 -651.391 -214.954
193 960 609 71.3827 -621.462 -174.603
194 965 608 -57.4839 -635.851 -119.738
195 970 607 -133.586 -699.55 -41.3279
196 975 606 -141.481 -811.185 68.0961
197 980 605 -84.7341 -960.52 205.53
198 985 604 18.1842 -1127.43 354.628
199 990 603 140.103 -1279.73 486.936
200 995 602 258.793 -1386.2 571.359
201 1000 601 358.402 -1420.26 581.595
202 1005 600 429.46 -1372.56 508.7
203 1010 599 466.597 -1250.64 362.187
204 1015 598 466.822 -1077.82 167.795
205 1020 597 434.297 -885.328 -43.6655
206 1025 596 383.012 -708.484 -247.988
207 1030 595 334.029 -575.223 -434.462
208 1035 594 310.526 -505.548 -604.393
209 1040 593 326.118 -505.558 -764.869
210 1045 592 381.385 -567.949 -922.127
211 1050 591 460.655 -672.752 -1073.53
212 1055 590 540.115 -789.819 -1209.8
213 1060 589 595.599 -885.417 -1317.2
214 1065 588 613.649 -928.969 -1384.16
215 1070 587 595.839 -898.356 -1406.07
216 1075 586 561.412 -785.748 -1383.82
217 1080 585 541.829 -596.146 -1325.03
218 1085 584 569.958 -347.033 -1242.82
219 1090 583 671.66 -67.0733 -1154.82
220 1095 582 852.216 209.78 -1084.1
221 1100 581 1094.77 445.412 -1053.33
222 1105 580 1360.36 606.708 -1078.98
223 1110 579 1595.11 667.019 -1163.77
224 1115 578 1745.26 614.657 -1292.04
225 1120 577 1766.47 453.471 -1437.37
226 1125 576 1640.59 201.684 -1570.58
227 1130 575 1377.33 -114.106 -1671.5
228 1135 574 1016.12 -460.771 -1731.86
229 1140 573 614.205 -799.779 -1752.76
230 1145 572 233.969 -1089 -1739.72
231 1150 571 -71.7459 -1284.95 -1695.8
232 1155 570 -272.435 -1352.33 -1620.71
233 1160 569 -363.297 -1270.31 -1510.13
234 1165 568 -364.433 -1044.6 -1360.33
235 1170 567 -310.471 -705.345 -1174.15
236 1175 566 -238.94 -307.813 -965.774
237 1180 565 -179.551 87.4346 -763.64
238 1185 564 -148.104 424.728 -602.505
239 1190 563 -144.088 673.73 -512.207
240 1195 562 -157.495 824.1 -506.194
241 1200 561 -174.038 890.252 -571.437
242 1205 560 -183.118 893.911 -675.4
243 1210 559 -181.059 859.899 -774.942
244 1215 558 -171.087 803.815 -834.523
245 1220 557 -161.683 727.803 -836.721
246 1225 556 -159.861 623.07 -782.597
247 1230 555 -166.283 471.244 -687.13
248 1235 554 -171.277 262.131 -570.114
249 1240 553 -158.701 -5.59842 -452.109
250 1245 552 -111.153 -313.681 -350.618
251 1250 551 -24.0377 -635.217 -277.807
252 1255 550 92.3915 -931.591 -236.481
253 1260 549 213.032 -1165.91 -220.922
254 1265 548 307.431 -1304.68 -219.589
255 1270 547 347.322 -1333.53 -226.185
256 1275 546 311.941 -1254.54 -242.996
257 1280 545 191.075 -1093.8 -285.243
258 1285 544 -9.95999 -887.399 -366.151
259 1290 543 -271.267 -674.905 -490.451
260 1295 542 -556.476 -483.891 -643.094
261 1300 541 -822.666 -324.711 -791.78
262 1305 540 -1028.94 -194.257 -895.84
263 1310 539 -1147.59 -82.3604 -914.288
264 1315 538 -1170.22 13.734 -822.268
265 1320 537 -1106.72 95.8783 -615.338
266 1325 536 -980.79 158.156 -320.941
267 1330 535 -822.357 196.226 11.7777
268 1335 534 -662.112 201.723 317.215
269 1340 533 -523.108 170.983 536.402
270 1345 532 -421.288 103.904 628.926
271 1350 531 -360.916 15.3203 584.9
272 1355 530 -340.571 -79.3393 423.575
273 1360 529 -352.706 -157.833 186.095
274 1365 528 -383.635 -205.62 -79.3595
275 1370 527 -419.481 -210.694 -330.651
276 1375 526 -450.703 -167.46 -539.878
277 1380 525 -474.713 -77.8317 -693.716
278 1385 524 -495.43 50.4699 -786.596
279 1390 523 -521.181 194.028 -819.873
280 1395 522 -563.802 323.058 -792.985
281 1400 521 -636.877 406.125 -709.361
282 1405 520 -752.11 421.267 -574.224
283 1410 519 -913.312 363.571 -401.185
284 1415 518 -1108.98 245.216 -212.388
285 1420 517 -1315.97 91.7672 -38.8288
286 1425 516 -1501.34 -64.113 85.481
287 1430 515 -1638.83 -188.464 129.851
288 1435 514 -1713.49 -253.211 76.6076
289 1440 513 -1732.36 -243.797 -76.2033
290 1445 512 -1720.18 -161.754 -308.733
291 1450 511 -1713.74 -24.189 -588.131
292 1455 510 -1749.12 138.598 -874.399
293 1460 509 -1847.21 295.376 -1131.99
294 1465 508 -2008.39 415.02 -1336.33
295 1470 507 -2206.26 483.141 -1474.71
296 1475 506 -2402.18 498.996 -1546.28
297 1480 505 -2550.58 473.341 -1554.84
298 1485 504 -2615.52 418.779 -1508.64
299 1490 503 -2574.91 343.609 -1415.36
300 1495 502 -2425.1 250.51 -1283.5
301 1500 501 -2179.2 150.469 -1122.36
302 1505 500 -1862.01 53.2291 -941.396
303 1510 499 -1505.22 -25.8658 -752.254
304 1515 498 -1143.66 -73.8356 -569.72
305 1520 497 -807.024 -79.3419 -413.502
306 1525 496 -518.424 -36.5229 -302.627
307 1530 495 -288.269 41.312 -251.785
308 1535 494 -119.415 129.09 -266.931
309 1540 493 -5.55216 188.11 -348.771
310 1545 492 60.8696 187.434 -492.297
311 1550 491 89.2305 110.209 -687.098
312 1555 490 90.2927 -37.9828 -913.593
313 1560 489 74.9207 -234.579 -1142.85
314 1565 488 52.0215 -442.757 -1342.63
315 1570 487 24.4192 -627.042 -1485.18
316 1575 486 -9.58701 -756.591 -1557.88
317 1580 485 -53.3753 -818.708 -1559.91
318 1585 484 -106.169 -820.865 -1502.06
319 1590 483 -160.476 -784.647 -1392.4
320 1595 482 -201.551 -734.579 -1237.63
321 1600 481 -209.627 -685.825 -1040.89
322 1605 480 -167.342 -643.176 -812.622
323 1610 479 -64.1838 -595.512 -572.472
324 1615 478 96.9795 -529.03 -346.342
325 1620 477 300.365 -425.838 -158.205
326 1625 476 521.457 -283.527 -25.3889
327 1630 475 729.095 -112.199 39.8271
328 1635 474 896.632 59.6552 29.0453
329 1640 473 999.322 202.644 -59.1044
330 1645 472 1023.14 295.314 -213.468
331 1650 471 963.814 334.701 -408.904
332 1655 470 830.691 334.783 -607.051
333 1660 469 645.927 321.411 -770.032
334 1665 468 440.722 321.978 -865.904
335 1670 467 251.715 354.337 -881.761
336 1675 466 115.155 431.791 -816.695
337 1680 465 62.1425 558.245 -681.269
338 1685 464 110.116 732.403 -490.977
339 1690 463 260 939.852 -266.888
340 1695 462 494.989 1161.82 -33.7169
341 1700 461 784.311 1370.06 181.381
342 1705 460 1089.16 1539.6 356.877
343 1710 459 1371.86 1642.97 478.552
344 1715 458 1600.18 1662.69 541.618
345 1720 457 1755.06 1583.47 545.8
346 1725 456 1829.16 1408.94 491.959
347 1730 455 1828.99 1155.43 382.506
348 1735 454 1770.24 860.447 221.829
349 1740 453 1677.24 569.25 20.7865
350 1745 452 1580.46 324.622 -203.349
351 1750 451 1511.95 160.273 -425.867
352 1755 450 1502.39 89.0777 -619.882
353 1760 449 1570.06 108.575 -758.344
354 1765 448 1719.64 200.345 -824.328
355 1770 447 1940.89 341.069 -808.981
356 1775 446 2215.09 503.619 -714.808
357 1780 445 2515.13 667.922 -548.998
358 1785 444 2810.19 810.471 -322.723
359 1790 443 3064.42 918.055 -51.8199
360 1795 442 3248.84 984.378 241.64
361 1800 441 3341.91 1019.13 527.97
362 1805 440 3343.28 1033.65 771.459
363 1810 439 3270.3 1044.95 938.634
364 1815 438 3158.62 1062 1004.27
365 1820 437 3047.59 1089.37 961.563
366 1825 436 2970.63 1127.74 816.96
367 1830 435 2944.54 1170.43 597.203
368 1835 434 2967.62 1208.35 334.114
369 1840 433 3023.82 1224.11 64.2605
370 1845 432 3088.4 1195.98 -177.881
371 1850 431 3143.84 1098.58 -364.248
372 1855 430 3182.28 916.601 -466.679
373 1860 429 3207 655.753 -468.848
374 1865 428 3227.61 346.324 -362.14
375 1870 427 3249.44 32.0661 -156.491
376 1875 426 3271.1 -234.792 121.392
377 1880 425 3280.21 -406.733 432.782
378 1885 424 3257.7 -450.676 737.739
379 1890 423 3180.92 -350.618 1004.77
380 1895 422 3029.95 -121.099 1217.94
381 1900 421 2794.87 203.069 1370.78
382 1905 420 2479.25 566.652 1468.28
383 1910 419 2101.59 913.631 1515.52
384 1915 418 1691.82 1199.09 1519.16
385 1920 417 1282.46 1395.89 1483.47
386 1925 416 901.844 1495.35 1412.81
387 1930 415 565.246 1501.72 1314.58
388 1935 414 280.909 1422.39 1198.21
389 1940 413 48.899 1272.56 1075.27
390 1945 412 -123.11 1063.62 954.733
391 1950 411 -225.322 815.954 846.026
392 1955 410 -242.224 549.127 756.668
393 1960 409 -165.106 288.126 694.961
394 1965 408 0.278973 61.5169 668.872
395 1970 407 232.76 -109.239 684.935
396 1975 406 498.062 -207.996 741.963
397 1980 405 756.299 -237.865 831.812
398 1985 404 969.33 -211.096 931.469
399 1990 403 1104.46 -155.771 1010.13
400 1995 402 1145.12 -101.698 1029.04
6000 400
1 0 1201 7335.39 7929.88 6271.92
2 5 1200 7103.22 7660.37 6026.49
3 10 1199 6463.05 6905.92 5385.48
4 15 1198 5554.79 5819.7 4492.84
5 20 1197 4560.04 4606.44 3527.43
6 25 1196 3637.61 3454.14 2644.55
7 30 1195 2894.62 2501.47 1943.72
8 35 1194 2376.93 1821.52 1464.81
9 40 1193 2077.85 1426.99 1196.44
10 45 1192 1955.4 1285.46 1097.23
11 50 1191 1950.99 1337.94 1114.78
12 55 1190 2005.04 1513.64 1198.92
13 60 1189 2070.13 1742.77 1311.12
14 65 1188 2117.74 1963.99 1425.61
15 70 1187 2135.63 2127.22 1524.19
16 75 1186 2125.4 2201.78 1592.44
17 80 1185 2090.22 2173.27 1613.11
18 85 1184 2034.55 2050.93 1571
19 90 1183 1958.79 1858.3 1455.34
20 95 1182 1866.75 1631.94 1270.56
21 100 1181 1763.75 1408.69 1035.67
22 105 1180 1658.82 1218.39 782.311
23 110 1179 1557.36 1077.3 543.249
24 115 1178 1459.61 986.52 345.622
25 120 1177 1360.81 935.703 205.43
26 125 1176 1255.64 908.062 127.293
27 130 1175 1143.85 886.444 104.731
28 135 1174 1029.83 855.978 124.587
29 140 1173 923.08 806.91 169.926
30 145 1172 831.38 733.157 223.983
31 150 1171 760.66 634.544 273.574
32 155 1170 710.013 512.958 314.807
33 160 1169 674.631 376.071 349.954
34 165 1168 646.302 233.379 384.426
35 170 1167 617.125 99.6024 418.388
36 175 1166 581.933 -10.3217 446.084
37 180 1165 538.95 -80.2683 455.716
38 185 1164 489.837 -98.3441 434.534
39 190 1163 437.818 -58.0815 373.08
40 195 1162 385.073 37.962 269.534
41 200 1161 333.461 178.257 130.879
42 205 1160 283.237 344.741 -27.8589
43 210 1159 234.537 515.65 -186.693
44 215 1158 189.788 671.744 -327.314
45 220 1157 151.871 798.36 -434.433
46 225 1156 125.798 889.116 -500.788
47 230 1155 112.974 943.637 -524.513
48 235 1154 111.679 966.537 -507.619
49 240 1153 114.789 961.968 -452.875
50 245 1152 112.674 933.595 -363.021
51 250 1151 94.6686 883.682 -242.597
52 255 1150 51.4878 816.711 -101.026
53 260 1149 -23.4125 739.964 49.1417
54 265 1148 -130.45 663.028 192.096
55 270 1147 -265.55 596.493 314.439
56 275 1146 -417.233 548.473 403.965
57 280 1145 -571.912 523.52 453.782
58 285 1144 -714.17 520.114 459.816
59 290 1143 -831.314 533.536 423.936
60 295 1142 -915.47 555.247 351.97
61 300 1141 -963.892 578.218 256.958
62 305 1140 -978.094 597.314 154.461
63 310 1139 -961.105 614.117 60.6636
64 315 1138 -914.631 634.336 -14.3309
65 320 1137 -841.274 667.162 -69.093
66 325 1136 -747.415 720.183 -109.494
67 330 1135 -645.296 797.49 -143.412
68 335 1134 -553.466 896.678 -172.236
69 340 1133 -490.508 1009.7 -194.325
70 345 1132 -470.48 1122.07 -205.1
71 350 1131 -498.308 1216.67 -206.233
72 355 1130 -568.355 1275.89 -203.411
73 360 1129 -666.775 1285.42 -204.994
74 365 1128 -773.784 1238.42 -216.474
75 370 1127 -867.991 1135.77 -239.471
76 375 1126 -932.239 990.179 -267.941
77 380 1125 -957.32 822.157 -292.62
78 385 1124 -945.554 658.167 -301.925
79 390 1123 -906.393 522.93 -287.023
80 395 1122 -852.348 433.922 -246.016
81 400 1121 -793.67 395.691 -183.678
82 405 1120 -736.307 399.862 -111.275
83 410 1119 -682.194 427.832 -39.729
84 415 1118 -628.52 458.847 24.1584
85 420 1117 -569.29 477.488 81.7521
86 425 1116 -496.561 478.592 140.181
87 430 1115 -403.412 468.694 206.323
88 435 1114 -287.971 457.261 280.027
89 440 1113 -154.295 452.925 349.854
90 445 1112 -12.666 454.178 400.098
91 450 1111 121.579 455.046 418.176
92 455 1110 231.692 445.467 402.222
93 460 1109 301.651 421.083 360.98
94 465 1108 319.207 382.155 306.671
95 470 1107 279.623 334.501 250.937
96 475 1106 186.395 282.665 198.048
97 480 1105 53.8753 227.943 148.749
98 485 1104 -98.3393 165.965 101.525
99 490 1103 -249.766 89.7614 56.5941
100 495 1102 -384.614 -5.58366 15.6346
101 500 1101 -494.825 -120.376 -19.3412
102 505 1100 -577.795 -248.497 -47.9996
103 510 1099 -634.601 -382.023 -68.527
104 515 1098 -667.486 -510.4 -78.76
105 520 1097 -679.108 -625.018 -77.8707
106 525 1096 -673.368 -715.127 -68.756
107 530 1095 -653.545 -771.947 -59.0538
108 535 1094 -621.2 -784.876 -58.7123
109 540 1093 -576.725 -746.92 -77.8842
110 545 1092 -518.739 -654.73 -122.047
111 550 1091 -449.623 -515.242 -189.129
112 555 1090 -373.913 -346.221 -269.095
113 560 1089 -299.152 -176.039 -346.831
114 565 1088 -232.928 -37.1239 -407.408
115 570 1087 -179.33 43.8582 -439.207
116 575 1086 -141.758 52.8582 -436.302
117 580 1085 -121.552 -4.7347 -401.409
118 585 1084 -120.369 -108.31 -346.083
119 590 1083 -137.744 -225.395 -288.485
120 595 1082 -166.94 -325.026 -246.019
121 600 1081 -195.089 -383.081 -229.716
122 605 1080 -205.241 -391.329 -238.509
123 610 1079 -182.734 -353.892 -263.291
124 615 1078 -121.618 -286.605 -291.328
125 620 1077 -25.2581 -208.705 -315.599
126 625 1076 94.1854 -140.055 -337.156
127 630 1075 221.13 -97.0803 -363.085
128 635 1074 339.487 -92.8053 -401.103
129 640 1073 434.822 -136.058 -454.696
130 645 1072 495.116 -229.584 -521.015
131 650 1071 512.036 -366.271 -595.618
132 655 1070 481.447 -526.543 -672.319
133 660 1069 404.924 -681.625 -748.366
134 665 1068 288.329 -799.699 -821.792
135 670 1067 141.996 -857.145 -890.513
136 675 1066 -18.963 -843.734 -949.391
137 680 1065 -174.642 -766.936 -989.608
138 685 1064 -302.603 -647.767 -1001.06
139 690 1063 -382.345 -514.075 -975.299
140 695 1062 -401.817 -392.983 -910.702
141 700 1061 -361.564 -304.936 -813.151
142 705 1060 -277.161 -262.105 -696.608
143 710 1059 -175.738 -268.649 -579.03
144 715 1058 -88.4865 -322.6 -477.255
145 720 1057 -41.1991 -415.829 -405.14
146 725 1056 -46.1001 -536.606 -368.676
147 730 1055 -97.0585 -668.642 -370.263
148 735 1054 -173.647 -796.809 -407.626
149 740 1053 -247.352 -906.724 -476.783
150 745 1052 -291.413 -989.606 -570.828
151 750 1051 -286.808 -1041.82 -678.77
152 755 1050 -224.972 -1065.44 -786.611
153 760 1049 -109.158 -1066.17 -879.277
154 765 1048 44.9469 -1050.06 -946.057
155 770 1047 211.288 -1019.69 -980.161
156 775 1046 357.349 -972.365 -976.694
157 780 1045 454.577 -900.015 -932.403
158 785 1044 485.158 -794.746 -848.962
159 790 1043 446.284 -654.104 -736.177
160 795 1042 348.135 -486.597 -615.626
161 800 1041 208.321 -309.976 -514.789
162 805 1040 47.6094 -145.864 -459.639
163 810 1039 -113.532 -14.7918 -464.903
164 815 1038 -258.08 70.9405 -529.168
165 820 1037 -373.145 106.742 -636.056
166 825 1036 -452.447 98.2213 -758.292
167 830 1035 -496.906 57.4656 -866.709
168 835 1034 -510.075 0.436683 -936.736
169 840 1033 -496.627 -58.4859 -955.319
170 845 1032 -457.435 -111.142 -924.135
171 850 1031 -392.449 -158.187 -855.716
172 855 1030 -304.457 -206.962 -769.129
173 860 1029 -204.527 -267.281 -680.371
174 865 1028 -110.106 -345.906 -596.034
175 870 1027 -39.2049 -441.921 -510.791
176 875 1026 -2.64027 -546.114 -411.73
177 880 1025 0.125368 -641.846 -286.592
178 885 1024 -21.2334 -713.065 -133.316
179 890 1023 -49.3358 -749.483 39.3615
180 895 1022 -66.1995 -753.425 210.531
181 900 1021 -54.0932 -737.684 361.038
182 905 1020 -2.32178 -722.025 476.437
183 910 1019 92.6706 -725.598 554.513
184 915 1018 221.987 -760.25 599.816
185 920 1017 367.178 -827.536 620.809
186 925 1016 502.95 -919.687 626.581
187 930 1015 604.275 -1021.6 625.646
188 935 1014 653.409 -1115.91 625.843
189 940 1013 643.487 -1186.43 629.975
190 945 1012 579.318 -1223.35 635.586
191 950 1011 474.939 -1225.76 635.305
192 955 1010 349.926 -1199.28 624.869
193 960 1009 225.513 -1154.52 605.669
194 965 1008 123.706 -1102.03 589.26
195 970 1007 61.0356 -1052.95 589.385
196 975 1006 48.0449 -1018.14 618.274
197 980 1005 83.0676 -1006.99 675.82
198 985 1004 155.783 -1024.78 748.597
199 990 1003 250.139 -1067.53 811.87
200 995 1002 348.843 -1122.32 840.01
201 1000 1001 437.017 -1168.83 814.288
202 1005 1000 502.89 -1186.81 730.255
203 1010 999 540.251 -1162.14 599.476
204 1015 998 546.962 -1092.61 446.183
205 1020 997 527.393 -987.447 298.376
206 1025 996 490.978 -866.514 177.009
207 1030 995 450.344 -750.388 87.994
208 1035 994 415.782 -659.493 25.788
209 1040 993 392.683 -605.824 -25.7852
210 1045 992 376.08 -595.297 -83.3892
211 1050 991 354.354 -624.554 -157.978
212 1055 990 311.35 -682.18 -250.726
213 1060 989 234.696 -750.906 -351.663
214 1065 988 122.405 -810.406 -443.57
215 1070 987 -14.8165 -841.83 -509.018
216 1075 986 -153.498 -830.737 -535.239
217 1080 985 -264.339 -768.811 -518.641
218 1085 984 -318.577 -655.784 -464.981
219 1090 983 -294.04 -500.99 -388.33
220 1095 982 -180.836 -323.254 -310.142
221 1100 981 14.9983 -150.227 -253.136
222 1105 980 270.166 -12.3509 -235.182
223 1110 979 542.999 61.6835 -261.286
224 1115 978 781.475 52.2913 -322.755
225 1120 977 931.352 -47.6714 -404.098
226 1125 976 953.698 -231.836 -489.292
227 1130 975 835.168 -481.709 -569.641
228 1135 974 592.912 -768.679 -643.355
229 1140 973 268.76 -1056.75 -714.381
230 1145 972 -81.354 -1305.58 -787.934
231 1150 971 -401.818 -1475.95 -863.678
232 1155 970 -646.59 -1537.63 -933.862
233 1160 969 -790.264 -1475.13 -982.607
234 1165 968 -830.052 -1295.53 -993.181
235 1170 967 -785.718 -1025.4 -955.888
236 1175 966 -691.109 -707.754 -874.211
237 1180 965 -583.541 -389.851 -766.098
238 1185 964 -493.45 -113.132 -657.3
239 1190 963 -438.827 93.3033 -574.927
240 1195 962 -424.17 215.978 -536.778
241 1200 961 -443.71 255.19 -543.453
242 1205 960 -488.135 222.042 -582.957
243 1210 959 -547.814 135.408 -634.384
244 1215 958 -616.823 16.5827 -679.209
245 1220 957 -691.581 -114.888 -702.992
246 1225 956 -767.946 -245.009 -697.324
247 1230 955 -839.155 -368.97 -659.25
248 1235 954 -894.678 -485.836 -587.774
249 1240 953 -922.91 -598.439 -487.968
250 1245 952 -914.779 -704.623 -368.78
251 1250 951 -867.07 -798.608 -246.46
252 1255 950 -784.491 -868.532 -138.496
253 1260 949 -678.349 -901.828 -59.2188
254 1265 948 -565.873 -888.562 -17.9954
255 1270 947 -467.388 -827.034 -18.1782
256 1275 946 -403.013 -723.875 -59.8396
257 1280 945 -389.107 -595.223 -142.684
258 1285 944 -434.037 -460.972 -258.591
259 1290 943 -535.847 -339.004 -396.839
260 1295 942 -681.591 -238.942 -537.309
261 1300 941 -849.597 -157.675 -661.163
262 1305 940 -1014.71 -85.9112 -748.553
263 1310 939 -1155.86 -10.5659 -778.715
264 1315 938 -1261.39 74.2201 -736.476
265 1320 937 -1330.19 170.22 -612.566
266 1325 936 -1369.4 271.43 -418.143
267 1330 935 -1388.28 370.427 -179.569
268 1335 934 -1395.75 456.721 62.6262
269 1340 933 -1394.79 520.559 269.157
270 1345 932 -1383.54 551.574 411.704
271 1350 931 -1354.85 542.285 476.829
272 1355 930 -1301.39 487.138 465.537
273 1360 929 -1219.5 385.499 388.768
274 1365 928 -1111.9 241.799 264.686
275 1370 927 -989.35 67.476 115.802
276 1375 926 -867.175 -117.379 -35.7216
277 1380 925 -762.117 -287.168 -170.785
278 1385 924 -688.048 -414.007 -275.736
279 1390 923 -651.917 -477.504 -343.284
280 1395 922 -653.44 -469.598 -366.222
281 1400 921 -686.099 -399.581 -341.913
282 1405 920 -739.486 -289.859 -271.546
283 1410 919 -803.946 -170.163 -165.861
284 1415 918 -871.567 -68.5106 -44.7862
285 1420 917 -937.596 -4.89517 67.0564
286 1425 916 -1001.69 11.0481 144.242
287 1430 915 -1065.7 -19.7487 166.527
288 1435 914 -1133.91 -90.5494 120.832
289 1440 913 -1208.78 -189.749 5.0109
290 1445 912 -1291.14 -304.943 -169.175
291 1450 911 -1383.15 -421.751 -382.942
292 1455 910 -1487.84 -526.959 -610.28
293 1460 909 -1606.59 -605.791 -830.301
294 1465 908 -1735.89 -647.214 -1026.93
295 1470 907 -1862.84 -641.873 -1190.63
296 1475 906 -1969.08 -589.415 -1313.66
297 1480 905 -2034.21 -498.022 -1388.18
298 1485 904 -2043.16 -386.105 -1405.93
299 1490 903 -1989.45 -278.689 -1361.32
300 1495 902 -1874.38 -200.562 -1253.9
301 1500 901 -1704.57 -169.346 -1091.44
302 1505 900 -1491.36 -190.397 -890.953
303 1510 899 -1247.31 -256.558 -675.686
304 1515 898 -990.364 -350.934 -472.399
305 1520 897 -737.31 -452.201 -309.351
306 1525 896 -506.722 -540.166 -209.61
307 1530 895 -313.244 -603.537 -186.875
308 1535 894 -167.717 -640.742 -240.189
309 1540 893 -73.4963 -660.959 -360.261
310 1545 892 -28.4691 -676.636 -529.538
311 1550 891 -25.2941 -699.265 -729.943
312 1555 890 -50.7025 -735.614 -940.62
313 1560 889 -85.1191 -786.252 -1138.83
314 1565 888 -104.87 -847.219 -1300.48
315 1570 887 -91.4314 -910.01 -1403.9
316 1575 886 -35.7933 -964.87 -1439.87
317 1580 885 56.2176 -1003.03 -1412.15
318 1585 884 170.817 -1021.28 -1335.13
319 1590 883 289.261 -1021.49 -1226.94
320 1595 882 399.169 -1011.2 -1101.33
321 1600 881 493.145 -996.617 -968.11
322 1605 880 572.676 -981.71 -832.898
323 1610 879 641.081 -962.657 -700.596
324 1615 878 704.45 -931.593 -578.113
325 1620 877 766.708 -875.375 -472.085
326 1625 876 830.001 -782.406 -388.618
327 1630 875 890.47 -643.439 -333.206
328 1635 874 938.948 -459.648 -310.194
329 1640 873 961.904 -241.626 -323.168
330 1645 872 945.843 -10.562 -369.619
331 1650 871 886.215 209.744 -440.633
332 1655 870 788.596 396.757 -519.74
333 1660 869 672.73 535.457 -590.122
334 1665 868 561.76 620.309 -637.415
335 1670 867 478.903 654.615 -654.911
336 1675 866 437.27 650.849 -638.967
337 1680 865 441.878 624.862 -588.096
338 1685 864 488.66 594.934 -500.873
339 1690 863 568.928 575.146 -379.898
340 1695 862 670.297 574.77 -232.743
341 1700 861 777.707 594.827 -73.2793
342 1705 860 876.817 630.635 80.6426
343 1710 859 955.945 672.66 211.993
344 1715 858 1009.6 709.503 305.31
345 1720 857 1036.79 729.383 349.947
346 1725 856 1038.09 724.18 341.263
347 1730 855 1013.68 692.091 278.599
348 1735 854 967.342 639.461 165.299
349 1740 853 907.39 579.775 9.10484
350 1745 852 853.442 527.737 -174.125
351 1750 851 829.742 496.022 -360.075
352 1755 850 860.047 488.633 -522.399
353 1760 849 955.269 504.169 -634.179
354 1765 848 1106.89 535.251 -678.044
355 1770 847 1289.48 573.309 -644.556
356 1775 846 1468.77 608.372 -536.369
357 1780 845 1612.16 631.359 -363.594
358 1785 844 1697.63 635.607 -141.628
359 1790 843 1714.1 620.463 108.405
360 1795 842 1664.4 591.46 361.226
361 1800 841 1562.28 559.256 583.417
362 1805 840 1432.69 534.329 744.301
363 1810 839 1308.71 524.444 816.565
364 1815 838 1224.1 532.645 789.947
365 1820 837 1205.67 556.141 675.464
366 1825 836 1264.73 588.911 503.419
367 1830 835 1393.85 618.864 318.408
368 1835 834 1569.16 632.332 159.258
369 1840 833 1755.3 611.563 48.519
370 1845 832 1912.37 543.262 -11.614
371 1850 831 2007.36 420.88 -35.1483
372 1855 830 2021.06 251.469 -38.9024
373 1860 829 1955.05 55.2117 -34.4856
374 1865 828 1831.13 -137.07 -24.0201
375 1870 827 1682.8 -290.874 -3.06525
376 1875 826 1546.68 -375.912 31.2688
377 1880 825 1448.5 -371.151 76.8413
378 1885 824 1395.44 -270.243 128.008
379 1890 823 1375.66 -80.3967 177.974
380 1895 822 1361.47 176.915 222.494
381 1900 821 1325.2 471.071 259.223
382 1905 820 1246.33 766.136 289.149
383 1910 819 1121.1 1029.49 318.066
384 1915 818 958.689 1235.92 353.415
385 1920 817 776.236 1373.4 399.77
386 1925 816 594.353 1439.1 454.448
387 1930 815 428.692 1438.02 506.045
388 1935 814 290.652 1378.63 538.423
389 1940 813 183.611 1271.93 536.173
390 1945 812 109.04 1132.58 491.336
391 1950 811 66.7839 978.083 408.466
392 1955 810 59.789 828.578 301.932
393 1960 809 90.5234 702.853 195.156
394 1965 808 159.801 615.963 109.511
395 1970 807 259.378 575.374 62.3037
396 1975 806 372.09 580.072 58.9302
397 1980 805 471.252 619.019 96.642
398 1985 804 529.551 675.952 162.37
399 1990 803 527.328 730.303 236.832
400 1995 802 460.409 764.817 295.846
8000 400
1 0 1601 6910.12 7725.24 6489.21
2 5 1600 6684.78 7475.88 6275.56
3 10 1599 6061.65 6781.13 5693.2
4 15 1598 5178.8 5784.84 4874.01
5 20 1597 4214.76 4677.47 3983.62
6 25 1596 3324.6 3630.71 3163.21
7 30 1595 2611.86 2768.6 2503.29
8 35 1594 2119.3 2153.6 2038.53
9 40 1593 1838.51 1792.83 1760.19
10 45 1592 1728.77 1652.17 1634.85
11 50 1591 1735.09 1673.31 1618.34
12 55 1590 1802.41 1788.59 1668.46
13 60 1589 1884.88 1933.98 1749.21
14 65 1588 1952.26 2057.93 1834.65
15 70 1587 1988.17 2123.18 1905.45
16 75 1586 1990.72 2112.66 1947.33
17 80 1585 1963.43 2023.56 1947.72
18 85 1584 1914.62 1871.44 1899.2
19 90 1583 1851.07 1679.98 1797.97
20 95 1582 1780.5 1480.51 1651.17
21 100 1581 1707.61 1301.38 1472.85
22 105 1580 1635.4 1163.24 1284.87
23 110 1579 1560.94 1073.73 1109.88
24 115 1578 1477.85 1026.81 966.815
25 120 1577 1378.15 1007.4 867.475
26 125 1576 1258.42 997.238 813.78
27 130 1575 1123.97 981.447 800.103
28 135 1574 988.043 949.857 814.491
29 140 1573 868.818 898.536 845.543
30 145 1572 781.69 825.112 882.954
31 150 1571 735.661 731.172 920.621
32 155 1570 729.52 617.944 956.037
33 160 1569 753.577 492.086 990.949
34 165 1568 792.188 362.16 1027.54
35 170 1567 827.948 241.777 1065.56
36 175 1566 845.241 145.044 1100.01
37 180 1565 833.133 86.1828 1121.48
38 185 1564 786.621 75.7283 1120.83
39 190 1563 706.988 118.338 1091.36
40 195 1562 601.577 210.688 1032.96
41 200 1561 482.93 340.514 949.683
42 205 1560 365.569 489.418 850.829
43 210 1559 262.953 636.098 745.908
44 215 1558 184.113 762.855 644.945
45 220 1557 133.19 857.596 555.135
46 225 1556 109.248 916.768 482.89
47 230 1555 107.547 941.642 433.294
48 235 1554 121.219 937.094 412.488
49 240 1553 141.636 907.053 425.456
50 245 1552 160.106 855.238 476.494
51 250 1551 166.49 785.184 565.89
52 255 1550 150.974 702.354 687.308
53 260 1549 104.89 614.094 829.317
54 265 1548 24.2771 528.049 974.764
55 270 1547 -88.6298 451.95 1108.14
56 275 1546 -223.349 391.417 1214.19
57 280 1545 -364.725 350.114 1284
58 285 1544 -495.17 327.648 1310.9
59 290 1543 -602.099 321.391 1294.7
60 295 1542 -679.758 325.208 1239.77
61 300 1541 -730.489 333.891 1157.2
62 305 1540 -760.22 343.306 1062.49
63 310 1539 -773.295 353.756 970.45
64 315 1538 -768.717 368.031 891.04
65 320 1537 -740.241 390.265 825.593
66 325 1536 -682.05 423.25 770.689
67 330 1535 -594.727 466.532 720.682
68 335 1534 -489.818 516.528 675.368
69 340 1533 -387.195 566.947 635.568
70 345 1532 -309.3 609.706 604.764
71 350 1531 -273.184 636.88 581.741
72 355 1530 -285.443 641.368 563.277
73 360 1529 -340.664 618.92 546.024
74 365 1528 -424.007 569.446 530.373
75 370 1527 -516.052 496.774 520.846
76 375 1526 -599.603 410.3 524.361
77 380 1525 -663.783 321.772 546.1
78 385 1524 -705.324 244.337 586.016
79 390 1523 -725.275 187.809 640.098
80 395 1522 -725.41 157.222 699.178
81 400 1521 -705.865 150.537 754.131
82 405 1520 -665.802 159.619 795.406
83 410 1519 -605.136 171.675 818.203
84 415 1518 -525.577 173.957 822.59
85 420 1517 -430.616 158.199 816.094
86 425 1516 -324.205 123.824 809.864
87 430 1515 -210.235 79.3299 814.364
88 435 1514 -92.8847 35.9823 833.086
89 440 1513 22.3383 4.75322 860.288
90 445 1512 127.725 -11.7652 884.352
91 450 1511 213.614 -16.5804 896.002
92 455 1510 270.237 -18.7489 893.637
93 460 1509 288.902 -26.1808 884.282
94 465 1508 264.692 -46.11 878.18
95 470 1507 197.766 -82.0469 881.27
96 475 1506 95.1115 -137.911 892.366
97 480 1505 -29.9903 -216.782 902.388
98 485 1504 -160.982 -322.801 901.833
99 490 1503 -282.934 -457.422 882.78
100 495 1502 -385.444 -617.444 843.961
101 500 1501 -465.087 -793.162 789.346
102 505 1500 -522.264 -969.783 728.223
103 510 1499 -559.748 -1132.11 672.965
104 515 1498 -580.905 -1266.29 634.64
105 520 1497 -588.939 -1363.59 619.649
106 525 1496 -587.698 -1417.25 625.961
107 530 1495 -580.182 -1424.49 644.131
108 535 1494 -567.838 -1382.17 659.025
109 540 1493 -550.414 -1290.85 656.123
110 545 1492 -525.224 -1153.37 625.913
111 550 1491 -490.06 -980.377 568.081
112 555 1490 -444.2 -788.692 490.781
113 560 1489 -388.768 -602.361 408.357
114 565 1488 -326.087 -446.461 335.887
115 570 1487 -257.104 -342.23 286.738
116 575 1486 -184.021 -301.182 268.002
117 580 1485 -109.74 -321.376 279.991
118 585 1484 -39.9056 -388.445 315.72
119 590 1483 20.5264 -478.757 363.188
120 595 1482 69.0241 -567.674 410.008
121 600 1481 108.439 -634.722 445.703
122 605 1480 145.461 -669.213 465.306
123 610 1479 187.665 -668.469 467.369
124 615 1478 238.987 -637.165 454.096
125 620 1477 298.505 -583.028 426.266
126 625 1476 361.133 -517.569 382.961
127 630 1475 420.089 -453.784 322.457
128 635 1474 469.169 -407.04 245.084
129 640 1473 502.204 -391.457 156.15
130 645 1472 513.301 -417.187 64.8221
131 650 1471 496.098 -485.884 -18.0878
132 655 1470 445.475 -588.643 -84.9145
133 660 1469 359.956 -707.828 -132.871
134 665 1468 244.044 -820.633 -165.993
135 670 1467 108.669 -906.613 -189.884
136 675 1466 -29.4238 -951.58 -208.753
137 680 1465 -151.151 -951.86 -221.295
138 685 1464 -239.06 -912.957 -223.172
139 690 1463 -281.364 -847.222 -208.801
140 695 1462 -275.208 -769.536 -176.515
141 700 1461 -227.1 -694.724 -129.722
142 705 1460 -152.517 -635.047 -77.52
143 710 1459 -72.7513 -600.335 -31.3857
144 715 1458 -9.80363 -597.073 -0.96828
145 720 1457 18.736 -627.932 8.54322
146 725 1456 4.64527 -691.731 -1.78478
147 730 1455 -48.0169 -781.666 -27.9894
148 735 1454 -125.424 -887.644 -65.3196
149 740 1453 -206.59 -995.887 -109.959
150 745 1452 -270.511 -1092.69 -158.509
151 750 1451 -299.126 -1166.44 -208.031
152 755 1450 -281.38 -1210.16 -255.855
153 760 1449 -214.922 -1222.24 -300.446
154 765 1448 -108.007 -1205.27 -339.819
155 770 1447 21.9379 -1162.19 -368.924
156 775 1446 151.402 -1095.47 -379.124
157 780 1445 257.871 -1005.19 -359.54
158 785 1444 324.164 -893.157 -302.348
159 790 1443 341.804 -764.141 -207.793
160 795 1442 310.472 -628.671 -88.577
161 800 1441 236.03 -500.609 33.3987
162 805 1440 128.271 -394.708 133.277
163 810 1439 -1.2394 -323.553 193.77
164 815 1438 -140.382 -294.016 208.842
165 820 1437 -276.302 -306.01 185.908
166 825 1436 -396.78 -349.596 140.401
167 830 1435 -490.226 -407.917 89.9477
168 835 1434 -546.607 -460.34 49.008
169 840 1433 -558.255 -490.092 26.1353
170 845 1432 -520.604 -489.198 22.5846
171 850 1431 -435.059 -461.238 34.2905
172 855 1430 -310.811 -418.509 53.9374
173 860 1429 -166.745 -377.053 76.1031
174 865 1428 -28.1755 -350.638 100.836
175 870 1427 79.825 -346.495 134.677
176 875 1426 138.846 -363.191 187.097
177 880 1425 143.48 -390.613 264.103
178 885 1424 100.564 -414.972 363.617
179 890 1423 28.2394 -423.929 474.164
180 895 1422 -49.5798 -414.105 579.828
181 900 1421 -108.198 -391.518 667.189
182 905 1420 -127.467 -370.708 730.126
183 910 1419 -96.1482 -366.525 771.405
184 915 1418 -14.7951 -389.626 798.224
185 920 1417 104.124 -440.816 818.076
186 925 1416 239.404 -513.255 835.794
187 930 1415 366.644 -592.73 853.557
188 935 1414 464.518 -663.818 872.559
189 940 1413 519.869 -711.676 892.998
190 945 1412 529.685 -727.667 913.334
191 950 1411 499.454 -710.059 931.694
192 955 1410 439.563 -663.585 946.036
193 960 1409 362.48 -596.309 956.689
194 965 1408 280.991 -517.155 965.736
195 970 1407 207.347 -434.873 976.85
196 975 1406 152.441 -358.544 993.113
197 980 1405 122.696 -295.921 1014.79
198 985 1404 120.091 -251.544 1037.46
199 990 1403 141.02 -223.358 1052.37
200 995 1402 179.149 -202.533 1050.63
201 1000 1401 226.97 -174.985 1025.75
202 1005 1400 277.277 -125.321 978.663
203 1010 1399 324.573 -42.6519 916.719
204 1015 1398 365.198 75.3118 851.629
205 1020 1397 398.132 219.062 793.938
206 1025 1396 424.943 368.739 747.294
207 1030 1395 448.204 500.006 706.226
208 1035 1394 468.962 590.014 658.54
209 1040 1393 484.833 622.853 591.197
210 1045 1392 488.656 592.19 496.389
211 1050 1391 470.97 501.202 376.664
212 1055 1390 423.789 363.209 244.601
213 1060 1389 343.709 198.858 119.061
214 1065 1388 236.002 33.6868 20.1424
215 1070 1387 112.53 -105.534 -37.1791
216 1075 1386 -9.02177 -195.695 -44.9062
217 1080 1385 -109.277 -218.937 -4.18554
218 1085 1384 -170.664 -167.613 75.1456
219 1090 1383 -178.842 -45.5738 176.45
220 1095 1382 -126.037 129.589 278.204
221 1100 1381 -13.0551 328.717 358.67
222 1105 1380 148.545 516.033 401.197
223 1110 1379 334.181 656.509 399.652
224 1115 1378 510.671 722.957 360.567
225 1120 1377 641.781 701.543 298.411
226 1125 1376 699.613 592.201 229.739
227 1130 1375 671.523 407.794 165.89
228 1135 1374 563.549 171.753 111.641
229 1140 1373 396.426 -84.5883 64.53
230 1145 1372 198.698 -324.625 18.2619
231 1150 1371 -1.3238 -511.948 -33.6108
232 1155 1370 -180.9 -615.874 -93.0931
233 1160 1369 -326.386 -617.517 -154.304
234 1165 1368 -433.705 -515.676 -204.463
235 1170 1367 -505.655 -327.089 -229.109
236 1175 1366 -549.625 -83.6626 -220.211
237 1180 1365 -572.377 175.674 -181.405
238 1185 1364 -578.996 414.661 -127.106
239 1190 1363 -571.757 604.926 -76.2615
240 1195 1362 -552.162 730.469 -44.6832
241 1200 1361 -522.676 786.207 -38.5432
242 1205 1360 -488.157 776.963 -54.4496
243 1210 1359 -456.915 715.084 -81.4992
244 1215 1358 -438.806 617.496 -106.621
245 1220 1357 -443.419 501.324 -118.21
246 1225 1356 -474.871 380.437 -108.07
247 1230 1355 -529.91 262.536 -71.8556
248 1235 1354 -596.178 152.223 -9.43749
249 1240 1353 -655.701 51.1936 73.547
250 1245 1352 -690.408 -36.5987 165.936
251 1250 1351 -688.502 -105.962 252.293
252 1255 1350 -648.63 -149.205 318.114
253 1260 1349 -579.988 -159.989 353.93
254 1265 1348 -500.205 -135.438 358.609
255 1270 1347 -429.778 -78.8577 336.728
256 1275 1346 -388.217 0.847585 296.093
257 1280 1345 -388.505 89.8577 241.993
258 1285 1344 -434.628 174.074 179.453
259 1290 1343 -519.567 242.234 112.415
260 1295 1342 -626.32 289.92 47.4214
261 1300 1341 -731.539 320.429 -7.29017
262 1305 1340 -812.345 341.274 -43.5432
263 1310 1339 -854.09 362.235 -52.4334
264 1315 1338 -855.163 389.574 -27.4158
265 1320 1337 -826.414 427.167 36.7294
266 1325 1336 -786.321 474.136 137.124
267 1330 1335 -752.79 527.331 264.003
268 1335 1334 -738.44 580.418 398.828
269 1340 1333 -746.008 625.515 521.631
270 1345 1332 -770.018 652.435 616.219
271 1350 1331 -798.194 652.045 673.485
272 1355 1330 -815.51 616.226 692.603
273 1360 1329 -808.674 542.855 677.452
274 1365 1328 -768.832 435.03 634.525
275 1370 1327 -696.286 302.757 570.2
276 1375 1326 -600.713 161.045 488.557
277 1380 1325 -500.026 27.2615 393.261
278 1385 1324 -416.245 -80.6934 290.465
279 1390 1323 -368.355 -150.531 191.167
280 1395 1322 -368.462 -177.97 114.011
281 1400 1321 -419.023 -169.373 79.0191
282 1405 1320 -513.628 -138.511 102.527
283 1410 1319 -640.735 -102.025 187.839
284 1415 1318 -785.624 -74.4597 322.288
285 1420 1317 -934.384 -64.2656 479.992
286 1425 1316 -1075.07 -73.7754 628.207
287 1430 1315 -1198.77 -98.4178 736.187
288 1435 1314 -1300.26 -130.41 782.12
289 1440 1313 -1377.19 -160.547 756.201
290 1445 1312 -1431.45 -183.602 663.284
291 1450 1311 -1468.47 -199.013 518.092
292 1455 1310 -1497.86 -211.768 342.569
293 1460 1309 -1529.7 -228.074 159.181
294 1465 1308 -1571.18 -253.027 -12.8534
295 1470 1307 -1619.91 -287.9 -160.997
296 1475 1306 -1663.38 -330.694 -279.501
297 1480 1305 -1680.83 -378.44 -365.476
298 1485 1304 -1650.97 -428.673 -417.006
299 1490 1303 -1559.6 -480.756 -430.128
300 1495 1302 -1403.53 -534.715 -401.859
301 1500 1301 -1192.82 -590.055 -332.721
302 1505 1300 -947.571 -644.85 -229.96
303 1510 1299 -694.332 -697.057 -108.291
304 1515 1298 -460.24 -744.896 11.7097
305 1520 1297 -268.052 -789.088 107.884
306 1525 1296 -132.444 -831.398 161.559
307 1530 1295 -59.1037 -876.361 162.371
308 1535 1294 -44.7733 -927.966 108.65
309 1540 1293 -79.1557 -989.464 5.67419
310 1545 1292 -146.176 -1059.55 -137.892
311 1550 1291 -227.424 -1132.39 -310.808
312 1555 1290 -303.35 -1199.52 -499.925
313 1560 1289 -356.234 -1252.3 -688.057
314 1565 1288 -371.678 -1285.68 -856.36
315 1570 1287 -342.398 -1297.67 -986.93
316 1575 1286 -270.415 -1290.82 -1068.67
317 1580 1285 -167.191 -1269.26 -1098.88
318 1585 1284 -50.4276 -1239.65 -1084.33
319 1590 1283 61.6754 -1207.64 -1035.23
320 1595 1282 155.577 -1179.64 -962.607
321 1600 1281 225.752 -1159.04 -873.529
322 1605 1280 273.559 -1147.56 -772.764
323 1610 1279 304.663 -1142.39 -662.889
324 1615 1278 325.147 -1137.8 -545.133
325 1620 1277 338.173 -1124.12 -420.111
326 1625 1276 343.547 -1091.74 -290.171
327 1630 1275 336.385 -1032.84 -163.841
328 1635 1274 310.061 -946.943 -55.8808
329 1640 1273 258.401 -840.609 16.4477
330 1645 1272 178.805 -726.575 40.9339
331 1650 1271 76.5973 -619.19 16.5468
332 1655 1270 -36.0984 -530.407 -45.3311
333 1660 1269 -140.082 -468.312 -125.084
334 1665 1268 -216.614 -435.025 -201.593
335 1670 1267 -252.206 -429.521 -258.473
336 1675 1266 -243.599 -445.539 -285.458
337 1680 1265 -196.953 -475.786 -277.585
338 1685 1264 -124.212 -510.978 -234.353
339 1690 1263 -39.1595 -544.456 -159.771
340 1695 1262 45.4452 -572.123 -62.0068
341 1700 1261 119.194 -593.065 46.2542
342 1705 1260 174.516 -607.746 150.978
343 1710 1259 207.964 -616.741 238.479
344 1715 1258 220.39 -620.949 298.881
345 1720 1257 215.116 -622.273 325.37
346 1725 1256 195.859 -623.344 314.968
347 1730 1255 164.698 -625.453 267.799
348 1735 1254 124.145 -626.48 187.549
349 1740 1253 80.5726 -619.442 80.4757
350 1745 1252 46.9467 -595.738 -43.5064
351 1750 1251 41.6568 -547.055 -171.092
352 1755 1250 80.1489 -471.175 -285.811
353 1760 1249 167.058 -371.096 -370.186
354 1765 1248 289.406 -257.201 -411.736
355 1770 1247 420.2 -144.402 -403.477
356 1775 1246 527.264 -49.9222 -347.408
357 1780 1245 585.325 11.2545 -249.536
358 1785 1244 583.755 31.4951 -120.125
359 1790 1243 527.515 14.0564 28.0482
360 1795 1242 434.813 -27.7305 179.162
361 1800 1241 329.22 -74.7644 315.341
362 1805 1240 235.999 -109.128 418.022
363 1810 1239 175.724 -119.143 473.032
364 1815 1238 162.963 -101.362 472.945
365 1820 1237 202.075 -61.0197 421.658
366 1825 1236 288.609 -7.98709 330.904
367 1830 1235 409.777 43.7068 220.465
368 1835 1234 547.906 79.1224 109.163
369 1840 1233 682.731 81.6836 12.0539
370 1845 1232 793.578 36.8727 -63.0694
371 1850 1231 864.037 -63.4619 -115.745
372 1855 1230 885.235 -216.565 -148.116
373 1860 1229 859.462 -405.581 -164.754
374 1865 1228 799.749 -602.609 -167.302
375 1870 1227 725.469 -773.252 -159.371
376 1875 1226 656.152 -884.43 -144.573
377 1880 1225 603.768 -910.11 -129.345
378 1885 1224 568.463 -837.566 -119.222
379 1890 1223 538.563 -669.394 -117.323
380 1895 1222 495.107 -425.295 -121.227
381 1900 1221 422.126 -138.728 -125.067
382 1905 1220 315.003 149.595 -119.219
383 1910 1219 184.108 401.425 -95.3748
384 1915 1218 50.882 588.716 -48.1088
385 1920 1217 -61.6254 698.135 21.4171
386 1925 1216 -134.398 728.541 106.072
387 1930 1215 -159.637 687.786 193.812
388 1935 1214 -138.579 588.912 270.924
389 1940 1213 -80.8118 447.854 325.353
390 1945 1212 2.0731 284.409 348.396
391 1950 1211 99.9369 118.806 339.041
392 1955 1210 206.534 -27.6974 302.025
393 1960 1209 317.974 -137.939 248.071
394 1965 1208 430.762 -198.593 188.905
395 1970 1207 538.044 -204.748 133.53
396 1975 1206 628.893 -159.117 86.4308
397 1980 1205 688.328 -74.3403 46.4881
398 1985 1204 701.489 31.4725 7.99786
399 1990 1203 659.153 137.295 -37.3257
400 1995 1202 561.744 225.756 -95.6501
10000 400
1 0 2001 6946.19 7590.33 6642.89
2 5 2000 6716.42 7343.22 6427.06
3 10 1999 6079.59 6664.55 5836.03
4 15 1998 5173.17 5697.27 5000.96
5 20 1997 4176.46 4627.48 4087.75
6 25 1996 3247.81 3619.69 3238.92
7 30 1995 2496.3 2789.6 2548.13
8 35 1994 1971.18 2193.42 2055.17
9 40 1993 1669.36 1836.15 1757.73
10 45 1992 1552.4 1685.99 1628.02
11 50 1991 1563.87 1689.57 1625.72
12 55 1990 1644.41 1784.34 1707.72
13 60 1989 1742.46 1909.87 1833.08
14 65 1988 1822.07 2016.74 1967.09
15 70 1987 1862.51 2068.59 2080.78
16 75 1986 1859.55 2048.49 2152.38
17 80 1985 1816.53 1952.98 2165.29
18 85 1984 1743.42 1796.01 2112.84
19 90 1983 1650.16 1598.44 1995.96
20 95 1982 1548.06 1388.36 1827.85
21 100 1981 1446.31 1191.74 1628.73
22 105 1980 1351.96 1030.75 1423.62
23 110 1979 1266.63 918.329 1235.54
24 115 1978 1187.73 857.134 1081.62
25 120 1977 1109.45 839.098 971.498
26 125 1976 1027.42 848.791 906.925
27 130 1975 941.522 867.581 882.898
28 135 1974 856.617 878.095 889.434
29 140 1973 780.941 868.622 914.423
30 145 1972 721.233 831.525 946.015
31 150 1971 680.408 765.868 975.106
32 155 1970 655.378 670.505 997.688
33 160 1969 638.859 548.929 1014.78
34 165 1968 621.531 406.073 1029.45
35 170 1967 594.981 253.686 1042.68
36 175 1966 553.752 108.465 1051.22
37 180 1965 496.578 -9.19605 1047.29
38 185 1964 425.538 -80.9381 1022.89
39 190 1963 345.55 -95.0549 972.088
40 195 1962 262.814 -50.7346 895.709
41 200 1961 184.78 41.1751 799.706
42 205 1960 118.199 161.823 696.176
43 210 1959 67.8054 288.143 597.422
44 215 1958 35.1753 400.69 514.454
45 220 1957 19.6487 485.553 452.797
46 225 1956 19.5956 538.45 414.179
47 230 1955 32.6625 560.181 397.652
48 235 1954 56.6406 556.477 403.568
49 240 1953 87.2551 532.06 433.255
50 245 1952 119.087 491.648 488.61
51 250 1951 142.931 438.822 569.042
52 255 1950 148.442 378.52 668.852
53 260 1949 124.483 315.657 779.308
54 265 1948 64.1113 256.623 888.486
55 270 1947 -33.983 208.413 987.548
56 275 1946 -162.529 177.856 1068.7
57 280 1945 -307.982 170.019 1128.87
58 285 1944 -453.011 185.068 1164.03
59 290 1943 -582.58 218.583 1171.7
60 295 1942 -687.44 260.207 1149
61 300 1941 -765.019 297.936 1096.49
62 305 1940 -816.712 320.65 1018.65
63 310 1939 -843.267 323.368 922.619
64 315 1938 -842.887 307.456 816.952
65 320 1937 -811.161 280.224 708.36
66 325 1936 -746.611 252.039 603.596
67 330 1935 -654.162 234.006 508.24
68 335 1934 -548.237 236.076 429.762
69 340 1933 -449.164 264.585 373.295
70 345 1932 -378.05 318.713 342.372
71 350 1931 -350.002 390.369 335.704
72 355 1930 -369.772 464.765 349.3
73 360 1929 -430.821 526.036 378.572
74 365 1928 -517.5 561.51 419.82
75 370 1927 -609.894 563.64 469.875
76 375 1926 -690.103 532.48 525.766
77 380 1925 -746.127 473.515 582.461
78 385 1924 -773.755 397.059 632.193
79 390 1923 -773.899 314.764 666.291
80 395 1922 -749.64 237.248 675.348
81 400 1921 -703.412 172.141 654.158
82 405 1920 -637.139 123.343 601.798
83 410 1919 -553.368 89.823 525.241
84 415 1918 -456.038 67.6851 437.449
85 420 1917 -350.747 52.2169 357.333
86 425 1916 -243.132 40.9218 304.089
87 430 1915 -139.184 35.2986 292.128
88 435 1914 -44.049 37.8811 324.441
89 440 1913 36.2187 50.3044 390.978
90 445 1912 95.7328 68.5119 471.694
91 450 1911 128.527 84.1739 545.895
92 455 1910 130.779 85.8096 599.479
93 460 1909 101.175 64.4312 629.245
94 465 1908 42.0212 14.3997 640.094
95 470 1907 -41.1584 -64.8342 637.776
96 475 1906 -139.732 -171.727 624.953
97 480 1905 -243.404 -301.804 598.035
98 485 1904 -342.215 -448.731 553.302
99 490 1903 -429.402 -603.286 488.777
100 495 1902 -502.226 -753.327 409.259
101 500 1901 -562.297 -884.53 324.57
102 505 1900 -612.786 -983.82 248.389
103 510 1899 -656.198 -1042.92 194.059
104 515 1898 -693.601 -1059.93 170.619
105 520 1897 -724.038 -1040.15 179.209
106 525 1896 -746.157 -990.787 211.927
107 530 1895 -757.749 -919.983 253.422
108 535 1894 -755.817 -831.278 285.226
109 540 1893 -738.055 -726.665 291.932
110 545 1892 -702.349 -605.774 266.233
111 550 1891 -649.915 -471.715 211.621
112 555 1890 -583.703 -331.944 140.296
113 560 1889 -508.535 -200.131 68.5846
114 565 1888 -429.33 -92.7112 10.8654
115 570 1887 -349.261 -25.2503 -23.1599
116 575 1886 -270.754 -6.26379 -30.3174
117 580 1885 -194.646 -33.9043 -13.4721
118 585 1884 -122.884 -95.6528 19.5182
119 590 1883 -56.5134 -171.775 57.4748
120 595 1882 4.72043 -243.36 89.7274
121 600 1881 64.5847 -295.83 108.384
122 605 1880 128.629 -324.381 112.016
123 610 1879 201.479 -330.227 103.596
124 615 1878 283.452 -320.027 89.4251
125 620 1877 369.894 -301.088 73.2107
126 625 1876 452.819 -280.522 55.3354
127 630 1875 523.751 -264.998 33.1201
128 635 1874 576.106 -261.282 3.6275
129 640 1873 605.267 -275.935 -33.0714
130 645 1872 607.871 -313.186 -73.8892
131 650 1871 581.054 -371.973 -113.448
132 655 1870 522.853 -443.617 -148.02
133 660 1869 434.335 -514.03 -176.328
134 665 1868 321.12 -567.096 -201.25
135 670 1867 194.475 -591.571 -225.161
136 675 1866 70.7909 -584.068 -248.174
137 680 1865 -31.0771 -550.373 -265.685
138 685 1864 -94.4984 -501.782 -271.699
139 690 1863 -109.611 -449.77 -261.015
140 695 1862 -77.5945 -402.628 -234.265
141 700 1861 -9.81265 -364.296 -197.644
142 705 1860 73.8777 -335.922 -162.252
143 710 1859 150.665 -317.877 -139.072
144 715 1858 199.811 -311.08 -134.265
145 720 1857 207.903 -316.497 -146.955
146 725 1856 171.992 -335.284 -169.629
147 730 1855 100.566 -366.494 -193.066
148 735 1854 10.726 -408.567 -210.397
149 740 1853 -75.5561 -457.301 -219.502
150 745 1852 -137.029 -507.492 -221.877
151 750 1851 -157.491 -552.426 -220.946
152 755 1850 -129.074 -586.167 -219.779
153 760 1849 -54.1449 -603.746 -221.164
154 765 1848 54.9392 -602.922 -226.292
155 770 1847 178.163 -583.425 -233.262
156 775 1846 291.73 -546.943 -236.67
157 780 1845 373.747 -495.649 -228.325
158 785 1844 408.336 -431.798 -202.056
159 790 1843 388.678 -357.261 -156.955
160 795 1842 317.254 -275.206 -100.814
161 800 1841 204.464 -190.044 -46.3854
162 805 1840 66.0175 -109.574 -6.73021
163 810 1839 -79.9779 -44.9992 11.5649
164 815 1838 -215.894 -7.27251 9.34082
165 820 1837 -326.494 -3.0581 -5.85424
166 825 1836 -400.991 -30.8082 -24.5563
167 830 1835 -433.32 -81.6943 -39.3302
168 835 1834 -422.128 -142.188 -46.8233
169 840 1833 -370.333 -199.262 -47.5346
170 845 1832 -283.953 -245.096 -44.68
171 850 1831 -172.945 -278.776 -42.0529
172 855 1830 -50.2437 -304.431 -41.6697
173 860 1829 67.1506 -328.005 -41.4858
174 865 1828 161.074 -353.793 -33.8744
175 870 1827 216.493 -382.288 -7.99826
176 875 1826 225.607 -409.314 46.0784
177 880 1825 191.416 -426.993 131.31
178 885 1824 125.22 -427.491 241.246
179 890 1823 44.7677 -406.721 360.451
180 895 1822 -31.0223 -367.946 470.449
181 900 1821 -84.491 -320.889 556.441
182 905 1820 -103.047 -280.813 612.395
183 910 1819 -80.8174 -263.089 641.846
184 915 1818 -21.278 -279.478 654.369
185 920 1817 62.7479 -333.987 659.91
186 925 1816 151.581 -421.855 665.356
187 930 1815 223.412 -529.806 673.134
188 935 1814 261.756 -639.875 682.964
189 940 1813 259.093 -734.499 693.46
190 945 1812 219.098 -802.86 702.986
191 950 1811 152.887 -842.414 711.775
192 955 1810 74.3005 -856.395 721.095
193 960 1809 -4.1135 -849.78 733.52
194 965 1808 -73.2093 -825.826 750.945
195 970 1807 -126.559 -786.637 773.708
196 975 1806 -160.076 -736.164 800.32
197 980 1805 -172.537 -680.886 827.646
198 985 1804 -164.849 -629.183 850.789
199 990 1803 -140.26 -587.619 863.77
200 995 1802 -102.654 -557.536 861.925
201 1000 1801 -55.9968 -535.094 842.798
202 1005 1800 -4.3861 -511.201 809.01
203 1010 1799 49.0054 -476.51 766.605
204 1015 1798 101.409 -423.535 724.148
205 1020 1797 151.925 -350.688 688.779
206 1025 1796 201.381 -263.408 663.279
207 1030 1795 251.376 -172.556 644.53
208 1035 1794 301.724 -92.4384 625.096
209 1040 1793 348.998 -37.2623 596.07
210 1045 1792 385.31 -17.9436 549.73
211 1050 1791 400.882 -40.0363 483.323
212 1055 1790 386.579 -100.177 399.784
213 1060 1789 337.163 -185.553 308.63
214 1065 1788 254.463 -276.708 223.454
215 1070 1787 147.132 -352.157 158.003
216 1075 1786 30.6732 -393.214 122.466
217 1080 1785 -75.7126 -386.645 120.726
218 1085 1784 -152.466 -327.676 148.93
219 1090 1783 -182.133 -219.43 197.478
220 1095 1782 -153.512 -74.5616 252.073
221 1100 1781 -64.8312 87.374 298.204
222 1105 1780 73.415 241.829 324.605
223 1110 1779 236.505 363.513 327.037
224 1115 1778 390.412 431.024 309.748
225 1120 1777 497.688 430.289 281.862
226 1125 1776 529.715 358.305 253.46
227 1130 1775 474.498 222.834 229.896
228 1135 1774 340.97 41.9803 210.946
229 1140 1773 154.91 -160.105 190.683
230 1145 1772 -49.1769 -354.083 161.632
231 1150 1771 -238.569 -510.997 118.273
232 1155 1770 -388.969 -604.858 61.4271
233 1160 1769 -488.645 -619.255 -0.0517636
234 1165 1768 -536.916 -550.978 -51.4464
235 1170 1767 -541.293 -411.679 -77.814
236 1175 1766 -512.912 -225.429 -70.9115
237 1180 1765 -462.735 -22.7803 -33.221
238 1185 1764 -400.418 167.085 22.741
239 1190 1763 -333.839 321.414 79.7035
240 1195 1762 -271.223 426.603 121.619
241 1200 1761 -220.892 477.672 140.379
242 1205 1760 -191.147 476.009 136.436
243 1210 1759 -188.838 429.704 118.347
244 1215 1758 -217.246 350.442 97.5046
245 1220 1757 -275.599 252.831 84.8789
246 1225 1756 -356.742 150.057 88.2234
247 1230 1755 -447.846 52.5735 111.368
248 1235 1754 -530.371 -32.8767 153.785
249 1240 1753 -584.331 -105.225 210.349
250 1245 1752 -593.087 -165.61 272.581
251 1250 1751 -548.96 -216.972 330.511
252 1255 1750 -456.566 -258.805 377.398
253 1260 1749 -331.874 -289.326 411.241
254 1265 1748 -198.899 -304.517 436.016
255 1270 1747 -83.1634 -302.832 455.7
256 1275 1746 -6.96472 -284.942 471.867
257 1280 1745 16.0327 -255.139 479.166
258 1285 1744 -17.1926 -217.55 470.18
259 1290 1743 -97.5106 -175.631 438.148
260 1295 1742 -205.7 -130.68 382.804
261 1300 1741 -316.51 -82.3863 311.369
262 1305 1740 -405.293 -32.0394 237.132
263 1310 1739 -455.491 17.8527 176.903
264 1315 1738 -463.266 62.3285 145.907
265 1320 1737 -437.721 98.3977 155.416
266 1325 1736 -396.412 125.103 206.895
267 1330 1735 -358.404 145.481 293.318
268 1335 1734 -338.575 162.957 398.813
269 1340 1733 -343.329 180.048 505.886
270 1345 1732 -370.36 196.084 599.157
271 1350 1731 -409.814 208.711 668.485
272 1355 1730 -448.053 213.082 709.148
273 1360 1729 -471.587 205.309 720.02
274 1365 1728 -470.75 180.116 702.564
275 1370 1727 -442.973 133.661 660.038
276 1375 1726 -394.035 63.4744 596.186
277 1380 1725 -336.724 -29.1682 516.009
278 1385 1724 -287.575 -135.276 426.271
279 1390 1723 -261.423 -241.92 336.316
280 1395 1722 -267.321 -334.843 259.75
281 1400 1721 -306.807 -404.936 211.465
282 1405 1720 -374.518 -449.256 204.73
283 1410 1719 -461.907 -470.207 244.874
284 1415 1718 -559.64 -472.275 326.264
285 1420 1717 -660.556 -459.695 432.563
286 1425 1716 -759.882 -434.567 540.762
287 1430 1715 -854.417 -396.775 627.409
288 1435 1714 -940.614 -345.747 673.977
289 1440 1713 -1012.81 -281.502 670.115
290 1445 1712 -1063.67 -207.942 615.792
291 1450 1711 -1086.89 -131.82 519.231
292 1455 1710 -1081.62 -62.4076 394.895
293 1460 1709 -1053.45 -8.26728 258.866
294 1465 1708 -1012.9 24.3027 124.734
295 1470 1707 -968.695 32.3146 1.79436
296 1475 1706 -924.578 16.7437 -104.825
297 1480 1705 -877.468 -18.4905 -190.194
298 1485 1704 -820.311 -66.7079 -248.516
299 1490 1703 -746.201 -120.665 -272.334
300 1495 1702 -650.648 -173.757 -256.089
301 1500 1701 -534.367 -221.636 -199.719
302 1505 1700 -402.237 -262.321 -110.144
303 1510 1699 -262.589 -297.549 -1.02541
304 1515 1698 -125.02 -330.248 110.252
305 1520 1697 0.668286 -366.073 205.591
306 1525 1696 104.862 -408.3 269.729
307 1530 1695 178.747 -460.794 292.097
308 1535 1694 215.717 -524.349 267.076
309 1540 1693 212.853 -599.114 192.627
310 1545 1692 172.013 -682.59 70.0967
311 1550 1691 99.2256 -769.489 -94.5329
312 1555 1690 5.11288 -853.945 -288.954
313 1560 1689 -95.7653 -929.476 -494.255
314 1565 1688 -185.952 -992.475 -687.767
315 1570 1687 -249.044 -1041.1 -847.47
316 1575 1686 -274.013 -1076.5 -957.524
317 1580 1685 -258.731 -1098.11 -1010.21
318 1585 1684 -210.47 -1107.62 -1007.99
319 1590 1683 -142.388 -1103.7 -959.619
320 1595 1682 -69.1342 -1088.77 -878.421
321 1600 1681 -1.77725 -1062.54 -777.047
322 1605 1680 53.9249 -1026.58 -666.277
323 1610 1679 97.1596 -979.153 -552.944
324 1615 1678 130.124 -918.731 -440.157
325 1620 1677 155.087 -843.254 -328.711
326 1625 1676 173.139 -752.629 -220.525
327 1630 1675 182.019 -649.57 -121.827
328 1635 1674 176.996 -539.748 -43.3242
329 1640 1673 153.053 -430.778 3.97069
330 1645 1672 108.031 -330.461 14.3895
331 1650 1671 46.2538 -244.354 -8.29894
332 1655 1670 -22.2206 -174.808 -51.0066
333 1660 1669 -82.5832 -122.732 -96.2475
334 1665 1668 -120.778 -87.4956 -127.548
335 1670 1667 -127.155 -70.6179 -135.098
336 1675 1666 -99.9193 -72.5631 -115.266
337 1680 1665 -45.2626 -92.8441 -70.7792
338 1685 1664 25.007 -128.928 -7.48813
339 1690 1663 96.483 -176.646 65.4624
340 1695 1662 155.479 -232.025 138.368
341 1700 1661 191.911 -288.844 201.956
342 1705 1660 200.993 -339.47 250.047
343 1710 1659 184.629 -374.119 280.309
344 1715 1658 149.701 -386.624 293.272
345 1720 1657 105.911 -375.973 290.112
346 1725 1656 62.2918 -349.432 270.726
347 1730 1655 25.6662 -316.29 234.088
348 1735 1654 1.20338 -284.943 179.409
349 1740 1653 -5.3986 -256.232 108.47
350 1745 1652 12.5299 -224.748 26.3682
351 1750 1651 62.0808 -181.988 -57.5212
352 1755 1650 145.558 -122.46 -132.164
353 1760 1649 257.643 -45.9526 -185.194
354 1765 1648 382.121 40.6743 -208.809
355 1770 1647 496.222 125.945 -198.47
356 1775 1646 576.704 195.692 -155.3
357 1780 1645 607.635 237.899 -82.8402
358 1785 1644 585.757 247.361 13.3328
359 1790 1643 519.436 226.767 125.763
360 1795 1642 426.876 188.013 245.854
361 1800 1641 328.16 146.065 363.711
362 1805 1640 243.084 116.548 468.748
363 1810 1639 185.452 108.695 550.763
364 1815 1638 164.102 125.645 600.469
365 1820 1637 179.909 161.851 613.235
366 1825 1636 228.485 207.109 589.323
367 1830 1635 300.551 245.913 537.257
368 1835 1634 385.304 261.746 468.676
369 1840 1633 471.833 237.155 395.974
370 1845 1632 549.515 158.102 328.473
371 1850 1631 610.389 18.3748 270.665
372 1855 1630 648.875 -175.49 225.126
373 1860 1629 664.066 -403.108 191.791
374 1865 1628 658.53 -632.161 171.848
375 1870 1627 637.789 -825.936 165.424
376 1875 1626 608.375 -950.83 172.037
377 1880 1625 575.278 -982.944 188.931
378 1885 1624 540.277 -913.764 211.929
379 1890 1623 501.362 -751.046 236.565
380 1895 1622 454.313 -518.855 260.435
381 1900 1621 396.934 -252.366 283.436
382 1905 1620 331.853 9.4212 309.376
383 1910 1619 267.48 232.087 342.627
384 1915 1618 215.339 392.004 387.042
385 1920 1617 184.74 478.373 442.112
386 1925 1616 180.299 490.462 502.785
387 1930 1615 198.659 435.052 559.189
388 1935 1614 231.848 324.25 598.979
389 1940 1613 268.617 174.374 610.554
390 1945 1612 300.185 4.94526 585.763
391 1950 1611 322.152 -164.481 524.141
392 1955 1610 336.46 -314.941 432.914
393 1960 1609 349.226 -431.63 326.747
394 1965 1608 367.717 -502.932 224.207
395 1970 1607 395.623 -524.601 142.535
396 1975 1606 431.127 -499.109 93.1948
397 1980 1605 465.402 -436.825 78.5048
398 1985 1604 486.141 -352.423 90.8818
399 1990 1603 480.747 -262.413 116.039
400 1995 1602 441.553 -180.262 137.556
