2.1031859   -5.4317227
1.6681241   -4.7867954
1.6750435   -4.7955971
1.6688388   -4.7857441
1.6758903   -4.7955425
1.6739169   -4.7923637
1.6595381    -4.770298
1.6573416   -4.7665176
1.6489282   -4.7533658
1.6458363   -4.7492704
1.6494282   -4.7548249
1.6426119   -4.7448371
 1.650265   -4.7558559
1.6385255   -4.7379068
1.6324555   -4.7286791
  1.62148   -4.7121888
1.6493867   -4.7541473
1.6468032   -4.7501978
1.6466982    -4.750453
1.6630725   -4.7750988
1.6534463   -4.7606776
1.6539824    -4.762297
1.6547093   -4.7634485
1.6319532    -4.729196
1.6275257   -4.7224992
1.6456441   -4.7491837
1.6492069   -4.7542217
1.6580023   -4.7677283
1.6336331   -4.7312639
1.6454234   -4.7497837
1.6304298   -4.7270551
1.6331811   -4.7307762
1.6421319   -4.7442346
1.6520077   -4.7591062
1.6512342   -4.7583046
1.6420094   -4.7442441
1.6385367   -4.7395183
1.6536184   -4.7628246
1.6459419   -4.7512502
1.6536854   -4.7627528
1.6146606   -4.7032605
1.6428858   -4.7460202
 1.622327   -4.7153082
1.6515333   -4.7592041
1.6258767   -4.7203075
1.6497904    -4.756678
1.6491436   -4.7558775
1.6489292   -4.7553191
1.6535526   -4.7622889
1.6381567    -4.739199
 1.630771   -4.7279896
1.6239945   -4.7180118
1.6626295   -4.7762575
1.6563062   -4.7669132
1.6539395   -4.7628611
1.6300814   -4.7280489
1.6575798      -4.7698
1.6147913   -4.7049092
1.6476822    -4.754831
1.6462766   -4.7525275
1.6646577   -4.7797481
1.6304806   -4.7288907
1.6353055   -4.7361708
 1.621345   -4.7156587
1.6446223   -4.7506614
1.6160464   -4.7074939
 1.663687   -4.7790863
1.6443894   -4.7500387
1.6357109   -4.7367485
1.6177062   -4.7100223
1.6225271   -4.7171981
1.6195984   -4.7124627
1.6460345    -4.752667
1.6598302   -4.7738525
1.6532371   -4.7641573
1.6587859    -4.772267
1.6662736   -4.7830476
1.6469146   -4.7543869
1.6396422   -4.7434398
1.6540561    -4.765304
1.6402745   -4.7446187
1.6589901   -4.7727306
1.6236837   -4.7198331
1.6261179   -4.7237341
1.6598727   -4.7740326
1.6312751   -4.7316363
1.6285614   -4.7276949
1.6405273     -4.74599
1.6371261   -4.7402635
1.6161785   -4.7087676
1.6412697   -4.7457897
1.6413579   -4.7463455
1.6415133    -4.747093
1.6388828   -4.7436736
1.6440019   -4.7512942
1.6336038   -4.7362539
 1.643168   -4.7503192
 1.614058   -4.7064763
1.6444585   -4.7526932
1.6547203   -4.7681016
