# Fix print output for fix 333
2000 1e-11 0.0256605155140756 1086.91934399631 -33.6396246076771 -23.6902001465886 8.05369174964554e-05
4000 1.2e-11 0.0256605155140756 1176.44399065558 22.9680859448712 -29.37160117885 -2.59474352208781e-06
6000 1.4e-11 0.0256605155140756 1288.66775791095 135.720411050997 -36.5507668590607 7.2627762460545e-07
8000 1.6e-11 0.0256605155140756 1344.55114322227 165.429335016426 -43.0604408972022 8.08267005550513e-07
10000 1.8e-11 0.0256605155140756 1279.36519650453 228.68453290826 -47.5461477930107 1.226482110523e-06
12000 2e-11 0.0256605155140756 1120.92015082684 -25.6300386938974 -49.8380509660364 1.08535232065879e-06
14000 2.2e-11 0.0256605155140756 1229.70230401803 84.6381094239303 -57.480027524295 1.80432084228103e-06
16000 2.4e-11 0.0256605155140756 1031.70056696238 226.208690988313 -58.663248410812 2.70682636255188e-06
18000 2.6e-11 0.0256605155140756 918.109873271671 -83.556930305992 -61.0598954641263 2.2490744076023e-06
20000 2.8e-11 0.0256605155140756 888.761130573155 -251.507143851905 -64.8891023116483 3.11004624256612e-06
22000 3e-11 0.0256605155140756 858.235443090155 -215.500084218613 -68.4024716602273 3.41233857597949e-06
24000 3.2e-11 0.0256605155140756 907.112340722096 -128.990046981371 -73.1761960734025 3.32062431779815e-06
26000 3.4e-11 0.0256605155140756 837.668062115777 294.503532958158 -75.5598247231182 3.53173346882121e-06
28000 3.6e-11 0.0256605155140756 895.498906341985 147.625680680082 -80.2613384386167 3.56249740095192e-06
30000 3.8e-11 0.0256605155140756 748.766247990536 -39.5146264548952 -80.2340552744869 3.55069462249926e-06
32000 4e-11 0.0256605155140756 752.755536582884 -191.25771150746 -83.1147091320052 3.31584237663037e-06
34000 4.2e-11 0.0256605155140756 773.036203236527 57.5846008168413 -86.1134328167403 3.30307261994757e-06
36000 4.4e-11 0.0256605155140756 651.360724862867 -55.3161775672672 -85.9308505641632 3.3133436504394e-06
38000 4.6e-11 0.0256605155140756 691.646077372716 160.620990964387 -88.9967671619858 3.18683160180771e-06
40000 4.8e-11 0.0256605155140756 608.877186676416 206.191269214616 -89.3209044549458 2.91035105256597e-06
42000 5e-11 0.0256605155140756 606.264789954986 -150.363985848731 -91.2507649333624 2.93286815744812e-06
44000 5.2e-11 0.0256605155140756 714.639881203693 138.85390320481 -95.3810635742165 2.84682830202845e-06
46000 5.4e-11 0.0256605155140756 608.806623726617 -150.892153042483 -94.8376890977005 2.7558776351901e-06
48000 5.6e-11 0.0256605155140756 506.758645632239 32.9734401827262 -94.0394608131662 2.60325334019841e-06
50000 5.8e-11 0.0256605155140756 430.93774928548 -96.6369483009666 -93.6003235987569 2.45557902354435e-06
52000 6e-11 0.0256605155140756 423.924229882661 -95.221705146775 -94.453153051872 2.29377810296522e-06
54000 6.2e-11 0.0256605155140756 476.389581264457 90.7670439602228 -96.4885033015285 2.26282214227524e-06
56000 6.4e-11 0.0256605155140756 534.720021936856 159.704726435039 -98.7682062862065 2.16177960491302e-06
58000 6.6e-11 0.0256605155140756 449.650188663699 -76.6993684597358 -98.1278018355027 2.08867374346806e-06
60000 6.8e-11 0.0256605155140756 530.483977864741 -12.8737071752493 -100.727456538697 2.0906877498933e-06
62000 7e-11 0.0256605155140756 483.187145117823 -166.471259938454 -100.728063494756 2.10619198251745e-06
64000 7.2e-11 0.0256605155140756 426.065240550666 -188.07747032888 -100.447584015303 2.09558640115383e-06
66000 7.4e-11 0.0256605155140756 620.756403845301 -18.3664790076645 -105.481603978838 1.96506862528583e-06
68000 7.6e-11 0.0256605155140756 947.046638216072 -270.249855564281 -114.182883109177 1.89479865127425e-06
70000 7.8e-11 0.0256605155140756 865.538638088435 171.86436528589 -114.776555946525 1.72423081658485e-06
72000 8e-11 0.0256605155140756 849.175487460926 -87.2001425354115 -116.803144412886 1.6069583760773e-06
74000 8.2e-11 0.0256605155140756 754.820335413613 33.1377300379991 -117.072006400286 1.55844067692063e-06
76000 8.4e-11 0.0256605155140756 625.617950303062 101.664567558633 -116.481045358654 1.49723398247936e-06
78000 8.6e-11 0.0256605155140756 696.836189756015 195.018966114591 -120.014967151281 1.56295550605821e-06
80000 8.8e-11 0.0256605155140756 681.80688957057 -32.3296735999453 -121.901414338468 1.51823600834233e-06
82000 9e-11 0.0256605155140756 702.509601501862 -187.943486624566 -124.279577718149 1.46922396121708e-06
84000 9.2e-11 0.0256605155140756 635.078962867628 -146.981000409505 -124.977177959175 1.32578103154237e-06
86000 9.4e-11 0.0256605155140756 603.529043987236 14.1085062660043 -126.229819250966 1.2612609268876e-06
88000 9.6e-11 0.0256605155140756 580.135021507655 69.3003131123799 -127.588718228612 1.2592491030711e-06
90000 9.8e-11 0.0256605155140756 526.252524702429 157.689452114779 -128.064843335293 1.1861797448713e-06
92000 1e-10 0.0256605155140756 542.837458144271 -72.0615983238885 -129.992099666826 1.18924096409837e-06
94000 1.02e-10 0.0256605155140756 484.643935848391 -72.9145005355057 -130.142235152279 1.16155787965247e-06
96000 1.04e-10 0.0256605155140756 620.460100504625 -132.637191079895 -134.452159981026 1.14752713588449e-06
98000 1.06e-10 0.0256605155140756 520.976630712885 12.3953011236021 -133.913820203208 1.1499164244096e-06
100000 1.08e-10 0.0256605155140756 561.563712148595 117.437491280955 -136.06597708345 1.14254830292417e-06
102000 1.1e-10 0.0256605155140756 490.26582937772 -156.628245694409 -135.809204944788 1.09315417675956e-06
104000 1.12e-10 0.0256605155140756 491.616766452361 -171.807927115556 -137.016749675115 1.05598840095428e-06
106000 1.14e-10 0.0256605155140756 402.436067060255 35.2543734646741 -136.212533023286 1.04241571183134e-06
108000 1.16e-10 0.0256605155140756 769.891922534825 1.25042278847821 -145.441183977895 1.06786697877675e-06
110000 1.18e-10 0.0256605155140756 818.957014159196 -170.611484040799 -149.196696995022 1.03177460813078e-06
112000 1.2e-10 0.0256605155140756 821.831897997706 224.815686579135 -151.620594392111 9.91840596189335e-07
114000 1.22e-10 0.0256605155140756 726.683829968503 -114.570035166645 -152.010447545237 9.85813315290979e-07
116000 1.24e-10 0.0256605155140756 599.571471709615 -68.3049192416375 -151.639341954576 9.67561138626009e-07
118000 1.26e-10 0.0256605155140756 660.986337482289 -350.678899065883 -155.115952129298 9.71180683014831e-07
120000 1.28e-10 0.0256605155140756 785.907135916045 39.6596460083284 -159.817735464994 9.31336159926105e-07
122000 1.3e-10 0.0256605155140756 677.110956017254 77.111189676952 -159.661762338384 8.80491416581552e-07
124000 1.32e-10 0.0256605155140756 874.110645831656 136.463543566233 -165.895890119231 8.69363213486622e-07
126000 1.34e-10 0.0256605155140756 730.215518494464 -1.24988574438611 -165.001886819135 8.36869076312971e-07
128000 1.36e-10 0.0256605155140756 911.288493088495 -40.9265251073484 -170.786960598425 8.19326650846818e-07
130000 1.38e-10 0.0256605155140756 839.26775014772 121.224992330353 -172.174638475938 8.0582092885414e-07
132000 1.4e-10 0.0256605155140756 748.650437527489 -78.0946690932635 -173.063334287102 7.89998693046304e-07
134000 1.42e-10 0.0256605155140756 780.42901303328 316.418788590911 -176.229982995503 8.11828705160316e-07
136000 1.44e-10 0.0256605155140756 761.890962713493 -299.117218816851 -178.259267237839 7.96073413858754e-07
138000 1.46e-10 0.0256605155140756 740.25274925824 110.050982605814 -179.988217824549 7.97664637657213e-07
140000 1.48e-10 0.0256605155140756 667.891606424286 -161.415085350365 -180.642149612166 8.23861175425435e-07
142000 1.5e-10 0.0256605155140756 585.737880598411 142.2472928064 -180.726659211472 7.845721919909e-07
144000 1.52e-10 0.0256605155140756 476.010084659863 127.23561370685 -180.066906194367 7.73836420663515e-07
146000 1.54e-10 0.0256605155140756 514.969722455773 182.888129234489 -182.310992676739 7.66890825919624e-07
148000 1.56e-10 0.0256605155140756 426.936514905169 289.791061283156 -181.798956267118 7.40214723386754e-07
150000 1.58e-10 0.0256605155140756 436.661802812022 0.00877048280110376 -183.24268183215 7.09942720189842e-07
152000 1.6e-10 0.0256605155140756 437.718070844648 104.596580008625 -184.376358451749 7.29123953107998e-07
154000 1.62e-10 0.0256605155140756 428.388079766491 117.737285414121 -185.176160842599 7.09616484721835e-07
156000 1.64e-10 0.0256605155140756 424.584527276508 49.5387756148205 -185.916366915828 6.86553249548402e-07
158000 1.66e-10 0.0256605155140756 331.97058011226 107.631110065231 -184.744522519684 6.82360963035095e-07
160000 1.68e-10 0.0256605155140756 451.367369704072 36.6092403658578 -187.972248171413 6.73806943594384e-07
162000 1.7e-10 0.0256605155140756 425.744193584493 -29.6162870703574 -188.095375367542 6.66423559665982e-07
164000 1.72e-10 0.0256605155140756 307.481434827053 55.7754578658146 -186.175425509024 6.58520377251895e-07
166000 1.74e-10 0.0256605155140756 347.185741240486 102.578363095045 -187.511159437125 6.57333085188297e-07
168000 1.76e-10 0.0256605155140756 336.066187150643 60.0191144041066 -187.712388665198 6.34205786305606e-07
170000 1.78e-10 0.0256605155140756 390.790746535302 -90.6586763587286 -189.27228489796 6.09154290868824e-07
172000 1.8e-10 0.0256605155140756 304.252675840668 69.1953137704678 -187.848284022772 5.90092750619744e-07
174000 1.82e-10 0.0256605155140756 305.454361093465 275.307607845301 -188.202876527158 5.82181893437826e-07
176000 1.84e-10 0.0256605155140756 316.127389082218 85.3917352372391 -188.728653406067 5.58702691664392e-07
178000 1.86e-10 0.0256605155140756 348.752522670794 -69.2068137258623 -189.661501006942 5.24077609653481e-07
180000 1.88e-10 0.0256605155140756 296.493353728445 33.2924719418672 -188.817647139673 5.24375397633776e-07
182000 1.9e-10 0.0256605155140756 451.561383391812 108.279941857683 -192.25909368338 5.18503288178108e-07
184000 1.92e-10 0.0256605155140756 431.400147663372 14.6988768048049 -192.230181353603 5.16543131608058e-07
186000 1.94e-10 0.0256605155140756 391.21337756945 -0.185736562005361 -191.988131067181 5.07812438350971e-07
188000 1.96e-10 0.0256605155140756 348.88076614493 137.170604558567 -191.598365189959 4.99637917993685e-07
190000 1.98e-10 0.0256605155140756 408.276693535865 48.9312575329315 -193.309088953162 4.96597743926379e-07
192000 2e-10 0.0256605155140756 331.158554006482 262.180718904516 -192.112943863435 4.98366246635007e-07
194000 2.02e-10 0.0256605155140756 363.486063597333 -177.013758379355 -193.209965465202 4.69249476187747e-07
196000 2.04e-10 0.0256605155140756 390.362164142025 -89.9184764688589 -194.2257023608 4.57129545739944e-07
198000 2.06e-10 0.0256605155140756 310.435078284924 48.4530989230043 -192.978655716684 4.4057066006827e-07
200000 2.08e-10 0.0256605155140756 329.564668252019 89.9955867654769 -193.724394556629 4.35280677060601e-07
202000 2.1e-10 0.0256605155140756 330.908944161483 -4.82698721995052 -194.041628627711 4.26570785117239e-07
204000 2.12e-10 0.0256605155140756 357.594425062735 -0.639548344993299 -194.87526620306 4.32574219361427e-07
206000 2.14e-10 0.0256605155140756 350.30614199078 -156.233795696054 -195.117671559435 4.22630666500407e-07
208000 2.16e-10 0.0256605155140756 529.440081934905 408.579192219212 -199.25957361042 4.23725291646995e-07
210000 2.18e-10 0.0256605155140756 683.516318493501 138.701466826519 -203.605938753946 4.19294396217648e-07
212000 2.2e-10 0.0256605155140756 704.231055046329 0.881919256192348 -205.466416370623 4.28486935289468e-07
214000 2.22e-10 0.0256605155140756 656.009646580739 54.8882174826592 -206.16794656468 4.20140250497781e-07
216000 2.24e-10 0.0256605155140756 725.093758606487 3.71170858975882 -209.17798580569 4.18119733059207e-07
218000 2.26e-10 0.0256605155140756 583.000471695198 -192.566754531049 -207.816843794473 4.43648859262666e-07
220000 2.28e-10 0.0256605155140756 581.219637028262 65.2822435611205 -209.320207533669 4.12716757097341e-07
222000 2.3e-10 0.0256605155140756 564.427807100606 -62.7578296212353 -210.537807822253 4.34447046315548e-07
224000 2.32e-10 0.0256605155140756 576.053924877143 117.967274215515 -212.162129072864 4.4416889812307e-07
226000 2.34e-10 0.0256605155140756 513.888631576946 -105.823880234464 -212.191222819948 4.53932560180749e-07
228000 2.36e-10 0.0256605155140756 463.783428956945 226.749411528719 -212.408636716896 4.5769275521879e-07
230000 2.38e-10 0.0256605155140756 528.373807822036 138.317181166037 -214.827417402602 4.45205132027543e-07
232000 2.4e-10 0.0256605155140756 431.599352087963 281.804261589337 -213.986666095509 4.38207188795621e-07
234000 2.42e-10 0.0256605155140756 450.93702307898 30.087200184269 -215.400762788908 4.24271653525462e-07
236000 2.44e-10 0.0256605155140756 536.255706252073 -344.082282276461 -218.064096406034 4.18240107560759e-07
238000 2.46e-10 0.0256605155140756 503.510548766664 -95.5910578747925 -218.342909897164 4.09391684206893e-07
240000 2.48e-10 0.0256605155140756 409.107240977479 264.14541791903 -217.16392436163 4.1566085473233e-07
242000 2.5e-10 0.0256605155140756 474.311103587939 179.841969221002 -219.349313441217 4.16375226749184e-07
244000 2.52e-10 0.0256605155140756 493.052489920779 313.701835118811 -220.587791600541 4.21356571199141e-07
246000 2.54e-10 0.0256605155140756 409.237754756903 -73.5995198406247 -219.550322716186 4.12981440711075e-07
248000 2.56e-10 0.0256605155140756 419.378830703761 43.8202037523527 -220.375083102592 3.93044590139724e-07
250000 2.58e-10 0.0256605155140756 369.315975274058 -37.5848052390526 -219.978856630976 3.96680330744997e-07
252000 2.6e-10 0.0256605155140756 446.256292894172 -105.030043939335 -222.116414867673 3.92452720079617e-07
254000 2.62e-10 0.0256605155140756 324.408639114781 12.8846693381737 -220.124228020858 3.78986257525403e-07
256000 2.64e-10 0.0256605155140756 285.939145001448 38.2741766322743 -219.786953782544 3.90710523572838e-07
258000 2.66e-10 0.0256605155140756 354.226891900242 -63.195391909721 -221.641270701032 3.85125305950841e-07
260000 2.68e-10 0.0256605155140756 300.610656862057 131.184764856303 -220.852823971305 3.73580135205842e-07
262000 2.7e-10 0.0256605155140756 385.606323770442 -28.4509377333168 -223.01564418989 3.65406550111922e-07
264000 2.72e-10 0.0256605155140756 313.686844888031 -174.403948959958 -221.86269023905 3.63139094526006e-07
266000 2.74e-10 0.0256605155140756 366.975695519629 -96.5512470937006 -223.220552206021 3.53366137842042e-07
268000 2.76e-10 0.0256605155140756 382.005355912581 47.0181652748751 -223.861799449247 3.39061452411606e-07
270000 2.78e-10 0.0256605155140756 308.708208619082 -39.2274285817104 -222.568475634248 3.4253103874882e-07
272000 2.8e-10 0.0256605155140756 264.931143789631 43.8519112111111 -221.870502948371 3.42028390611033e-07
274000 2.82e-10 0.0256605155140756 344.076978240555 118.031390482284 -223.669865133904 3.46740206523783e-07
276000 2.84e-10 0.0256605155140756 267.328655469475 114.809786561355 -222.245801660226 3.41089152267968e-07
278000 2.86e-10 0.0256605155140756 320.983857251404 90.9785081347223 -223.560715203254 3.4324336035329e-07
280000 2.88e-10 0.0256605155140756 300.876742546222 265.847360445217 -223.299133800819 3.37170633220886e-07
282000 2.9e-10 0.0256605155140756 340.523521153743 19.3553046092259 -224.252359988323 3.29685755717795e-07
284000 2.92e-10 0.0256605155140756 328.929478243083 100.240627185078 -224.076838117643 3.07537318020116e-07
286000 2.94e-10 0.0256605155140756 306.362421895269 -27.7645187497957 -223.715137894857 3.00729602198845e-07
288000 2.96e-10 0.0256605155140756 316.087316136896 -82.9929162731472 -223.930193689804 2.94930661137688e-07
290000 2.98e-10 0.0256605155140756 302.825653807779 -53.8139612092395 -223.679252117749 2.82693297454247e-07
292000 3e-10 0.0256605155140756 262.637056675757 15.7948429087614 -222.914724294012 2.81417726973577e-07
294000 3.02e-10 0.0256605155140756 336.051543431234 -83.6212857792236 -224.462643751563 2.7955552198752e-07
296000 3.04e-10 0.0256605155140756 320.761351143988 -30.4374789627396 -224.085278597118 2.85132436448912e-07
298000 3.06e-10 0.0256605155140756 301.160891107287 -26.5916472772296 -223.685530716284 2.82254906510364e-07
300000 3.08e-10 0.0256605155140756 349.943784139373 -52.5447550760068 -224.649408805141 2.84773496831366e-07
302000 3.1e-10 0.0256605155140756 346.336732358845 -132.904906026644 -224.744579981736 2.7911729040959e-07
304000 3.12e-10 0.0256605155140756 446.810320204828 36.9369643846588 -227.144486414611 2.75254417792196e-07
306000 3.14e-10 0.0256605155140756 345.651244127141 -68.5632747926538 -225.511437918442 2.81091647496118e-07
308000 3.16e-10 0.0256605155140756 315.045273660761 -133.119755556705 -225.293012202681 2.8156733622504e-07
310000 3.18e-10 0.0256605155140756 338.231493593409 -139.32714464716 -226.149784993493 2.84282529396442e-07
312000 3.2e-10 0.0256605155140756 284.533617798389 -102.336768320928 -225.260303716845 2.90158017745368e-07
314000 3.22e-10 0.0256605155140756 353.568242952866 -142.418872645116 -226.963974617315 2.92671038540659e-07
316000 3.24e-10 0.0256605155140756 426.450096134612 226.165875370085 -228.734113937165 2.86711534473246e-07
318000 3.26e-10 0.0256605155140756 337.593895185816 0.0326771042054416 -227.240511420437 2.88744806588715e-07
320000 3.28e-10 0.0256605155140756 320.312621664353 -229.143183591928 -227.194694992645 2.77290256662723e-07
322000 3.3e-10 0.0256605155140756 314.811214377512 -137.815452519413 -227.342557837887 2.76231672844164e-07
324000 3.32e-10 0.0256605155140756 331.373676176949 6.65090608596309 -227.940448941501 2.66750313550383e-07
326000 3.34e-10 0.0256605155140756 324.542550551371 76.9494042921188 -228.025405079659 2.63693370437658e-07
328000 3.36e-10 0.0256605155140756 369.499131923709 170.5199259582 -229.142232092851 2.57040320175006e-07
330000 3.38e-10 0.0256605155140756 298.087410179482 43.9243622396084 -227.85608045692 2.54905537398045e-07
332000 3.4e-10 0.0256605155140756 202.16250841951 -26.2294769133473 -226.001643494285 2.51933188793203e-07
334000 3.42e-10 0.0256605155140756 355.625986457543 114.567021461484 -229.352141048389 2.51698007619072e-07
336000 3.44e-10 0.0256605155140756 325.289135045689 59.1831381555263 -228.877180949073 2.43389176234588e-07
338000 3.46e-10 0.0256605155140756 265.126279671354 -23.190416523794 -227.730272110859 2.39475798152607e-07
340000 3.48e-10 0.0256605155140756 270.876392895812 16.7447526303203 -227.947252357908 2.43651902096344e-07
342000 3.5e-10 0.0256605155140756 284.111120406841 75.0362036354548 -228.341486684315 2.48559841974956e-07
344000 3.52e-10 0.0256605155140756 331.04603036585 94.9957689144971 -229.362390336551 2.46678505583973e-07
346000 3.54e-10 0.0256605155140756 301.927458120383 -63.1572628659665 -228.844649971585 2.44408534854887e-07
348000 3.56e-10 0.0256605155140756 299.091863265887 88.9169446675477 -228.848955059079 2.45000842598341e-07
350000 3.58e-10 0.0256605155140756 286.712225642611 -33.8397340295737 -228.725836493711 2.32697963051264e-07
352000 3.6e-10 0.0256605155140756 316.472214996251 116.062794766074 -229.35706635694 2.2495369315009e-07
354000 3.62e-10 0.0256605155140756 262.692942739125 11.823979824241 -228.308809666839 2.16954637842097e-07
356000 3.64e-10 0.0256605155140756 313.465873800585 35.9883545707334 -229.4318590256 2.08961528469248e-07
358000 3.66e-10 0.0256605155140756 309.906214339062 93.8546446271715 -229.404007369179 2.03035908491391e-07
360000 3.68e-10 0.0256605155140756 258.83804488407 -19.1273752014814 -228.373170833906 2.07500636403618e-07
362000 3.7e-10 0.0256605155140756 272.824478929615 -13.6102627785996 -228.703008323568 2.07949268413945e-07
364000 3.72e-10 0.0256605155140756 276.992692779245 -4.1407192875965 -228.772291894825 2.08036124380585e-07
366000 3.74e-10 0.0256605155140756 297.884580298777 -91.3903864367617 -229.215393883431 2.12397739483816e-07
368000 3.76e-10 0.0256605155140756 300.679294988248 -66.3319821585224 -229.233570345964 2.15973197327335e-07
370000 3.78e-10 0.0256605155140756 298.16912000702 121.964490383529 -229.130006633119 2.16661513941792e-07
372000 3.8e-10 0.0256605155140756 228.629443865649 -295.84662209468 -227.620428457534 2.21018975165137e-07
374000 3.82e-10 0.0256605155140756 282.388220456672 8.13334221832862 -228.605075818362 2.22135664972079e-07
376000 3.84e-10 0.0256605155140756 277.409157305978 -147.259453429662 -228.4170639192 2.13886078969707e-07
378000 3.86e-10 0.0256605155140756 248.912367743103 -89.7499867339549 -227.654050632358 2.17265929756624e-07
380000 3.88e-10 0.0256605155140756 315.626339879035 -45.9098963405485 -228.899762346057 2.10022164805283e-07
382000 3.9e-10 0.0256605155140756 291.645126257823 -4.12402256824069 -228.282261186342 2.03301521993264e-07
384000 3.92e-10 0.0256605155140756 309.635047201089 -67.4618467842027 -228.451512209383 1.9625272242807e-07
386000 3.94e-10 0.0256605155140756 302.052477792987 -111.738206155017 -228.136296879322 1.98752251959239e-07
388000 3.96e-10 0.0256605155140756 311.646905666551 -26.0740449119193 -228.236106376417 1.93024325692015e-07
390000 3.98e-10 0.0256605155140756 271.997252397567 50.0735904161307 -227.311134775318 1.98593087015989e-07
392000 4e-10 0.0256605155140756 361.970229983234 80.4708391900055 -229.094567482289 1.98592362956733e-07
394000 4.02e-10 0.0256605155140756 330.311529086388 86.0477991370757 -228.368871314816 1.97572521549623e-07
396000 4.04e-10 0.0256605155140756 342.962249742461 -11.2439448193545 -228.649981211407 2.06230799014121e-07
398000 4.06e-10 0.0256605155140756 288.289974691093 -34.7045727401175 -227.589559861797 2.04394049050131e-07
400000 4.08e-10 0.0256605155140756 296.516236504323 246.584268698987 -227.858522913921 2.11788795402518e-07
402000 4.1e-10 0.0256605155140756 329.030451586776 -49.8550397863155 -228.67644726286 2.1703032424114e-07
404000 4.12e-10 0.0256605155140756 265.986526245264 14.4922532482107 -227.522808734209 2.19558504873492e-07
406000 4.14e-10 0.0256605155140756 344.150321560951 66.6263254727147 -229.3540664036 2.1967190632848e-07
408000 4.16e-10 0.0256605155140756 308.546569134913 -57.9005874116688 -228.808406504971 2.1850740142629e-07
410000 4.18e-10 0.0256605155140756 326.677180786826 -66.4009330440211 -229.35490380986 2.24241811923261e-07
412000 4.2e-10 0.0256605155140756 289.948315737087 -30.2492594246493 -228.697549945392 2.22740906748455e-07
414000 4.22e-10 0.0256605155140756 272.511756145339 -83.5574450893248 -228.443100700366 2.25724972954687e-07
416000 4.24e-10 0.0256605155140756 383.507813702004 17.6670291779761 -230.796635797351 2.23224094061623e-07
418000 4.26e-10 0.0256605155140756 288.570040651193 -135.5373629774 -228.866032163837 2.24410971474004e-07
420000 4.28e-10 0.0256605155140756 271.63845105555 46.7903835454097 -228.546331076821 2.21527679214811e-07
422000 4.3e-10 0.0256605155140756 276.2249392178 29.9918218427152 -228.655152895725 2.19962089598586e-07
424000 4.32e-10 0.0256605155140756 288.573478041096 137.326510739518 -228.842698450712 2.20572929508202e-07
426000 4.34e-10 0.0256605155140756 387.266008466712 -30.6047623514073 -230.850183504062 2.12713052770666e-07
428000 4.36e-10 0.0256605155140756 282.16226682564 -3.92077871992376 -228.631661391344 2.04925667184223e-07
430000 4.38e-10 0.0256605155140756 348.191068984562 85.9741703451266 -229.966291511157 2.12764956624789e-07
432000 4.4e-10 0.0256605155140756 268.928502058579 -155.244471050727 -228.271612343618 2.16887480866088e-07
434000 4.42e-10 0.0256605155140756 304.355662901362 88.5996306456619 -228.931804903522 2.20122979859989e-07
436000 4.44e-10 0.0256605155140756 318.323060683139 -16.8788074253301 -229.183576706873 2.30598152742825e-07
438000 4.46e-10 0.0256605155140756 305.211371801101 -17.7535422892752 -228.802274472071 2.21331165974297e-07
440000 4.48e-10 0.0256605155140756 362.935176279102 117.516801936678 -229.91477536747 2.22347684765424e-07
442000 4.5e-10 0.0256605155140756 337.825592645392 -18.5233691437189 -229.296157209105 2.20067841767863e-07
444000 4.52e-10 0.0256605155140756 617.285634674119 -193.841024266061 -235.026483961517 2.29677992629766e-07
446000 4.54e-10 0.0256605155140756 971.6315376815 82.7993169592627 -243.702733688074 2.30776682679553e-07
448000 4.56e-10 0.0256605155140756 906.093739301718 -193.600518118943 -244.860654538908 2.2717655830675e-07
450000 4.58e-10 0.0256605155140756 865.574799353789 -57.7062925974267 -246.458872080854 2.18499268216649e-07
452000 4.6e-10 0.0256605155140756 885.809376936455 -21.7831453094276 -249.566304742468 2.26050369104414e-07
454000 4.62e-10 0.0256605155140756 896.582458163068 -258.182114811977 -252.535562851868 2.25071055492693e-07
456000 4.64e-10 0.0256605155140756 767.74832706657 -154.862855479309 -252.503996467492 2.1741956760513e-07
458000 4.66e-10 0.0256605155140756 614.245885746059 -291.015479624561 -251.635119720407 2.15361534177017e-07
460000 4.68e-10 0.0256605155140756 723.243901377036 108.209552943808 -255.977484584912 2.17943067236567e-07
462000 4.7e-10 0.0256605155140756 652.24454830062 52.4175578313823 -256.416706591141 2.15053842989125e-07
464000 4.72e-10 0.0256605155140756 551.234808672003 -303.658987428914 -256.019485129285 2.10248428611879e-07
466000 4.74e-10 0.0256605155140756 525.07630312513 -469.158889187703 -257.064175187966 2.16748366475671e-07
468000 4.76e-10 0.0256605155140756 502.572138604718 44.2118981200445 -258.008162872819 2.15137471545568e-07
470000 4.78e-10 0.0256605155140756 445.606854067547 38.8453932144296 -258.080390047249 2.1228065503288e-07
472000 4.8e-10 0.0256605155140756 489.774153057349 -22.5366177054892 -260.136342224318 2.06967853851038e-07
474000 4.82e-10 0.0256605155140756 418.794707225674 115.372037170345 -259.694613285231 2.06979719845935e-07
476000 4.84e-10 0.0256605155140756 435.708203419042 86.0549677276363 -260.910646540975 2.09015315190317e-07
478000 4.86e-10 0.0256605155140756 502.935797562207 -23.8233847932609 -263.170341574357 2.07604123561874e-07
480000 4.88e-10 0.0256605155140756 543.594204852143 81.6204796034567 -265.198503480506 2.07828850654438e-07
482000 4.9e-10 0.0256605155140756 513.488799498585 -78.4109600905396 -265.882619374755 2.09315503412005e-07
484000 4.92e-10 0.0256605155140756 500.143421619686 82.2490682521867 -266.72643237373 2.17641426851274e-07
486000 4.94e-10 0.0256605155140756 447.28154568752 79.1852081597172 -266.708796764236 2.16813760258345e-07
488000 4.96e-10 0.0256605155140756 555.129623120104 183.998808344701 -269.806516069931 2.18285634397425e-07
490000 4.98e-10 0.0256605155140756 474.688716432557 -89.8850831862441 -269.120607124529 2.14357700586742e-07
492000 5e-10 0.0256605155140756 345.067497243996 -63.1400256861567 -267.240407249258 2.14082781487523e-07
494000 5.02e-10 0.0256605155140756 432.238155192868 -55.7964682070312 -269.853304095584 2.12614911741187e-07
496000 5.04e-10 0.0256605155140756 451.67353938752 19.2121863396355 -270.991237863637 2.16892631835562e-07
498000 5.06e-10 0.0256605155140756 378.935093665449 -305.420696794015 -270.155634535795 2.13056691392869e-07
500000 5.08e-10 0.0256605155140756 349.775439064885 139.059231359052 -270.132907402787 2.17477968888428e-07
502000 5.1e-10 0.0256605155140756 440.825663673011 54.9867989257878 -272.608347063058 2.16256256146082e-07
504000 5.12e-10 0.0256605155140756 322.683985280436 11.6152663965455 -270.685674403495 2.1741888851981e-07
506000 5.14e-10 0.0256605155140756 275.780525354329 11.4486226023002 -270.220963399152 2.18569875905975e-07
508000 5.16e-10 0.0256605155140756 331.517575472335 -45.5237421742843 -271.778235217625 2.1684015157814e-07
510000 5.18e-10 0.0256605155140756 359.365828423864 -91.2913700839646 -272.730356332645 2.17087137852384e-07
512000 5.2e-10 0.0256605155140756 275.029466411248 -90.1230727104805 -271.309163820323 2.16788962846652e-07
514000 5.22e-10 0.0256605155140756 325.354929746957 -49.7186944670281 -272.663166782162 2.15949696993774e-07
516000 5.24e-10 0.0256605155140756 280.099500667178 -193.254708299226 -272.048557364859 2.12494637963239e-07
518000 5.26e-10 0.0256605155140756 321.185317705337 100.332965267622 -273.154270964102 2.11195830191648e-07
520000 5.28e-10 0.0256605155140756 262.341478163273 110.359793358149 -272.133706033921 2.1034494535934e-07
522000 5.3e-10 0.0256605155140756 262.19298176783 -128.410747612252 -272.379811276034 2.10046960995003e-07
524000 5.32e-10 0.0256605155140756 301.371345465333 79.1622978319794 -273.369949047033 2.08404190182609e-07
526000 5.34e-10 0.0256605155140756 325.329792224106 -147.642103541321 -274.018642493767 2.05451463753847e-07
528000 5.36e-10 0.0256605155140756 279.816656107715 112.255705309586 -273.283361135658 2.02861864825901e-07
530000 5.38e-10 0.0256605155140756 319.879435597161 89.2914668131466 -274.180693904987 2.02150729830988e-07
532000 5.4e-10 0.0256605155140756 325.945936280432 24.971023078961 -274.400276959793 2.0446718629838e-07
534000 5.42e-10 0.0256605155140756 293.167068027225 -64.1622739699601 -273.83783359779 2.01556617981479e-07
536000 5.44e-10 0.0256605155140756 265.631666146844 -42.7228504951695 -273.300588961095 2.00733163149374e-07
538000 5.46e-10 0.0256605155140756 333.136575243054 -0.577036025972267 -274.793214545418 2.03914611526659e-07
540000 5.48e-10 0.0256605155140756 282.645935396843 -10.852076083993 -273.851493909799 2.02741347073917e-07
542000 5.5e-10 0.0256605155140756 335.28117772404 20.6924473091821 -274.948815113445 1.97879970172776e-07
544000 5.52e-10 0.0256605155140756 256.307831117437 52.5591636376353 -273.394278384378 1.96833777277208e-07
546000 5.54e-10 0.0256605155140756 238.558913567695 129.20967923393 -272.998309874459 1.95744337704444e-07
548000 5.56e-10 0.0256605155140756 274.888503403404 52.317435617754 -273.718265890049 1.93967809945896e-07
550000 5.58e-10 0.0256605155140756 331.393687340103 163.397365380845 -274.86486782102 1.90789346897242e-07
552000 5.6e-10 0.0256605155140756 294.847565197885 54.2362556235133 -273.958854035862 1.88441897273e-07
554000 5.62e-10 0.0256605155140756 341.621389276927 18.6634667931506 -274.779238544566 1.90255000639558e-07
556000 5.64e-10 0.0256605155140756 384.825506027134 -33.7556339822303 -275.613026790881 1.89688077578572e-07
558000 5.66e-10 0.0256605155140756 287.520129427059 -23.496100507966 -273.37761482706 1.88350749890227e-07
560000 5.68e-10 0.0256605155140756 354.993435437812 26.5640723881801 -274.633314230422 1.87274207140059e-07
562000 5.7e-10 0.0256605155140756 294.795329228469 -61.9895250560972 -273.259968119814 1.8414652583487e-07
564000 5.72e-10 0.0256605155140756 260.095201284555 -26.033189141338 -272.445237727104 1.82525763990374e-07
566000 5.74e-10 0.0256605155140756 273.49751951063 -20.2258713475753 -272.612240222551 1.80913082715449e-07
568000 5.76e-10 0.0256605155140756 351.05667039788 20.6530353059565 -274.150828047859 1.80899892487514e-07
570000 5.78e-10 0.0256605155140756 255.557450959697 119.62791713899 -272.101567167873 1.81142981938144e-07
572000 5.8e-10 0.0256605155140756 338.643589459373 89.375846453455 -273.778559551365 1.78053993500523e-07
574000 5.82e-10 0.0256605155140756 298.432877648829 45.418252540083 -272.910327552688 1.77635019319927e-07
576000 5.84e-10 0.0256605155140756 267.699856620217 -65.2634044221492 -272.291421355113 1.77458421881758e-07
578000 5.86e-10 0.0256605155140756 300.217540156363 -9.45088967143473 -273.003072114653 1.76301669350021e-07
580000 5.88e-10 0.0256605155140756 359.273178538352 39.7437868734805 -274.207520914742 1.73505730480107e-07
582000 5.9e-10 0.0256605155140756 404.792119216196 -42.0273060272974 -275.202558907259 1.74518846793582e-07
584000 5.92e-10 0.0256605155140756 395.035009495202 -15.8339368618185 -275.336507480179 1.74012472233848e-07
586000 5.94e-10 0.0256605155140756 395.28602338967 15.6187384001058 -275.835217782441 1.7527390553073e-07
588000 5.96e-10 0.0256605155140756 444.909374486859 57.2242486942648 -277.346004062535 1.75294289701392e-07
590000 5.98e-10 0.0256605155140756 353.696677095362 -15.6532890551631 -275.810649657253 1.73427189111888e-07
592000 6e-10 0.0256605155140756 302.548903996707 81.163335302076 -275.068899834589 1.71856788616874e-07
594000 6.02e-10 0.0256605155140756 325.829882906844 37.3707186483102 -275.848898591563 1.70404392757235e-07
596000 6.04e-10 0.0256605155140756 403.079282417858 159.313841880712 -277.710797778371 1.73480888378965e-07
598000 6.06e-10 0.0256605155140756 357.792634741441 -207.540411847068 -277.104135321684 1.76491033204222e-07
600000 6.08e-10 0.0256605155140756 398.441510951311 -23.5928375074688 -278.212647340007 1.72873156914305e-07
602000 6.1e-10 0.0256605155140756 330.43225858122 9.58920732887786 -277.097134193176 1.73857370198213e-07
604000 6.12e-10 0.0256605155140756 318.322321209539 -39.9882469629461 -277.069210620966 1.72845148800774e-07
606000 6.14e-10 0.0256605155140756 284.836845340459 -35.8973489137407 -276.585809091174 1.72494687221875e-07
608000 6.16e-10 0.0256605155140756 302.133176709974 10.8109135909566 -277.17007840244 1.72938270778944e-07
610000 6.18e-10 0.0256605155140756 349.504447193191 -107.936132661547 -278.42328348554 1.74781467938527e-07
612000 6.2e-10 0.0256605155140756 290.999570609429 -113.897875918953 -277.412495279317 1.73127948521526e-07
614000 6.22e-10 0.0256605155140756 364.314141532348 4.82529622985013 -279.089995593731 1.72484876663881e-07
616000 6.24e-10 0.0256605155140756 277.017849612043 86.8174309531538 -277.4734592048 1.70251446093745e-07
618000 6.26e-10 0.0256605155140756 329.850040266159 -15.65984300623 -278.709408127254 1.6781625896976e-07
620000 6.28e-10 0.0256605155140756 303.465720456557 -5.42674422561385 -278.275618188632 1.66884393094958e-07
622000 6.3e-10 0.0256605155140756 309.651205946225 -191.357498888932 -278.498793839646 1.65388775401956e-07
624000 6.32e-10 0.0256605155140756 287.200380528297 -9.01694245580945 -278.127849577717 1.66268348844392e-07
626000 6.34e-10 0.0256605155140756 322.587452582173 -61.9459635079674 -278.923679023971 1.66768571839762e-07
628000 6.36e-10 0.0256605155140756 275.456449754136 -11.906260964727 -278.002483015059 1.64970522868858e-07
630000 6.38e-10 0.0256605155140756 273.147306949174 -8.86649890638273 -278.026605539758 1.6295703590719e-07
632000 6.4e-10 0.0256605155140756 228.438186103169 -205.736113751039 -277.131427651209 1.63803531450065e-07
634000 6.42e-10 0.0256605155140756 258.309021381265 5.35583301740891 -277.782454246646 1.63873965568992e-07
636000 6.44e-10 0.0256605155140756 373.715154470927 171.058321409361 -280.169794096728 1.61832721876037e-07
638000 6.46e-10 0.0256605155140756 301.614274177188 -111.63022783405 -278.655720672145 1.62894431304029e-07
640000 6.48e-10 0.0256605155140756 234.758648179992 75.9119361499398 -277.282418282509 1.61143357637573e-07
642000 6.5e-10 0.0256605155140756 301.493720006585 15.0533019647677 -278.638761237147 1.59101299102545e-07
644000 6.52e-10 0.0256605155140756 339.271749218565 4.89761700713132 -279.421086112043 1.60268332480762e-07
646000 6.54e-10 0.0256605155140756 299.376554088337 196.022184998325 -278.536616384748 1.59656336875036e-07
648000 6.56e-10 0.0256605155140756 344.869910469817 87.2463310968582 -279.497824429917 1.58196180333689e-07
650000 6.58e-10 0.0256605155140756 323.338857484798 -79.9079663493753 -279.120973979093 1.56494182798733e-07
652000 6.6e-10 0.0256605155140756 327.802474164167 84.4848818805941 -279.378032528316 1.54849532391517e-07
654000 6.62e-10 0.0256605155140756 323.962231024131 -67.0437301380272 -279.595627927026 1.5575139009109e-07
656000 6.64e-10 0.0256605155140756 391.8364987582 139.807152673819 -281.280533357134 1.57201292138378e-07
658000 6.66e-10 0.0256605155140756 329.930895736976 49.8547883984425 -280.312920259465 1.58319199832749e-07
660000 6.68e-10 0.0256605155140756 312.022145871255 -247.867702203828 -280.18655354033 1.55488145299803e-07
662000 6.7e-10 0.0256605155140756 305.104368516398 -6.37517799689781 -280.154430935679 1.55377794749712e-07
664000 6.72e-10 0.0256605155140756 265.472054320363 -72.6541603652538 -279.450917095001 1.55512033543118e-07
666000 6.74e-10 0.0256605155140756 358.293328371457 127.479307290871 -281.499546984181 1.5419905758383e-07
668000 6.76e-10 0.0256605155140756 371.451650941223 85.0369657302935 -281.894781400166 1.48516940232866e-07
670000 6.78e-10 0.0256605155140756 328.850894172053 -172.229264458792 -281.111051927143 1.51992365499161e-07
672000 6.8e-10 0.0256605155140756 387.475377280491 37.5465907730543 -282.509380512875 1.53848807185327e-07
674000 6.82e-10 0.0256605155140756 312.174383969935 135.263837424403 -281.074544286126 1.54791493189275e-07
676000 6.84e-10 0.0256605155140756 253.643260253574 -93.0119351708006 -280.02489945998 1.56155110494971e-07
678000 6.86e-10 0.0256605155140756 280.694594562141 -81.2698155661164 -280.723083018861 1.55069418145419e-07
680000 6.88e-10 0.0256605155140756 323.08021211512 91.7880908567913 -281.709452090263 1.53937198653271e-07
682000 6.9e-10 0.0256605155140756 295.353501408381 -81.9707613347796 -281.214236034496 1.49963720898745e-07
684000 6.92e-10 0.0256605155140756 245.527698675562 137.983597686798 -280.231743878913 1.47041708759206e-07
686000 6.94e-10 0.0256605155140756 328.346601251158 -72.6706810061149 -281.931519688933 1.45655615292184e-07
688000 6.96e-10 0.0256605155140756 265.55710585949 -39.671754932895 -280.615567902175 1.45984465059789e-07
690000 6.98e-10 0.0256605155140756 307.684154166148 -0.279141115361344 -281.423081662211 1.43257070797803e-07
692000 7e-10 0.0256605155140756 334.233356115627 25.7611739477685 -281.857935725787 1.39763562554197e-07
694000 7.02e-10 0.0256605155140756 316.458114711806 -52.9326762498162 -281.426407987922 1.37908918298247e-07
696000 7.04e-10 0.0256605155140756 283.522420199224 7.51002091383147 -280.675521291704 1.365578677518e-07
698000 7.06e-10 0.0256605155140756 254.965502912142 -16.3188223383003 -279.982888808699 1.37510677632119e-07
700000 7.08e-10 0.0256605155140756 210.551685080013 -23.6198661288917 -278.955099029901 1.34943706130172e-07
702000 7.1e-10 0.0256605155140756 324.295276323332 -47.5012679005226 -281.200941129492 1.36170590645759e-07
704000 7.12e-10 0.0256605155140756 331.719891352555 -67.0171508887359 -281.263582242194 1.34888036144424e-07
706000 7.14e-10 0.0256605155140756 300.871605606528 -164.332001154643 -280.573886207904 1.35163532177984e-07
708000 7.16e-10 0.0256605155140756 275.942427567895 52.994122727532 -279.95394919736 1.37284501924806e-07
710000 7.18e-10 0.0256605155140756 326.115902004279 -125.953919567462 -280.842723608926 1.38417518138798e-07
712000 7.2e-10 0.0256605155140756 347.385617117717 2.94654062081728 -281.131719584499 1.36636334623565e-07
714000 7.22e-10 0.0256605155140756 316.147266485986 -303.916032257598 -280.427243916535 1.37820951853623e-07
716000 7.24e-10 0.0256605155140756 356.798178869548 -86.6770808586746 -281.210717710723 1.35907857269985e-07
718000 7.26e-10 0.0256605155140756 333.196697848334 16.6425018878393 -280.694335227627 1.36532662567365e-07
720000 7.28e-10 0.0256605155140756 280.399578541743 59.4360741025104 -279.58266914617 1.37962552340483e-07
722000 7.3e-10 0.0256605155140756 387.164844655319 -73.9969501201785 -281.849824914302 1.38829091067762e-07
724000 7.32e-10 0.0256605155140756 301.882206852813 47.3541601403787 -280.133722842532 1.40892921024751e-07
726000 7.34e-10 0.0256605155140756 289.261757340935 3.89848992941682 -279.951747835929 1.43146059049407e-07
728000 7.36e-10 0.0256605155140756 397.037858475092 176.646308011617 -282.358001788098 1.4052294679343e-07
730000 7.38e-10 0.0256605155140756 340.16568110047 -60.4080937406668 -281.381422833437 1.41387576102743e-07
732000 7.4e-10 0.0256605155140756 346.784128481821 8.2696283236773 -281.757007596134 1.43805238711629e-07
734000 7.42e-10 0.0256605155140756 345.446949543708 83.1452604589798 -282.005012974895 1.43957481442319e-07
736000 7.44e-10 0.0256605155140756 331.424243811021 34.9705694012716 -282.056301965536 1.4161724807431e-07
738000 7.46e-10 0.0256605155140756 464.097306849631 -76.1197064787552 -285.106749430701 1.42438186219962e-07
740000 7.48e-10 0.0256605155140756 323.294664872289 -45.4801758350403 -282.46638025472 1.4116756265801e-07
742000 7.5e-10 0.0256605155140756 278.328532940025 61.9589526853332 -281.737705121311 1.44881537074591e-07
744000 7.52e-10 0.0256605155140756 337.392364350835 175.329157456134 -283.148507074141 1.40061607538105e-07
746000 7.54e-10 0.0256605155140756 288.279309722088 -0.116479492120017 -282.309681297653 1.40351033523648e-07
748000 7.56e-10 0.0256605155140756 337.833409989668 -308.408934111274 -283.524820507778 1.39104981256715e-07
750000 7.58e-10 0.0256605155140756 299.745247231232 12.1996475341123 -282.973104857261 1.41742050766574e-07
752000 7.6e-10 0.0256605155140756 361.322931871032 -19.4418593509599 -284.498604533696 1.43931963214959e-07
754000 7.62e-10 0.0256605155140756 341.437553310419 71.2654781593861 -284.347743654704 1.42493741237573e-07
756000 7.64e-10 0.0256605155140756 292.672464215237 49.0329426083066 -283.494501046727 1.43999960520654e-07
758000 7.66e-10 0.0256605155140756 362.66195339814 -47.9360319748686 -285.098984166217 1.44777466942425e-07
760000 7.68e-10 0.0256605155140756 327.780030074732 17.7902522793937 -284.501746872012 1.47704118414306e-07
762000 7.7e-10 0.0256605155140756 334.921686415839 65.7186654769486 -284.822488692705 1.49394179295399e-07
764000 7.72e-10 0.0256605155140756 324.181885725381 -168.188851435365 -284.720495469724 1.54094436533605e-07
766000 7.74e-10 0.0256605155140756 324.259530221985 13.492016818431 -284.873372412147 1.52973145977333e-07
768000 7.76e-10 0.0256605155140756 277.941161795645 -32.9880192538475 -284.041839244604 1.52947181859531e-07
770000 7.78e-10 0.0256605155140756 237.373480231418 -193.698555907087 -283.247006671352 1.53902570910787e-07
772000 7.8e-10 0.0256605155140756 322.884499523286 147.688025390226 -285.086975420608 1.53539824124315e-07
774000 7.82e-10 0.0256605155140756 345.865037680466 70.7881545662267 -285.60890277148 1.562496377063e-07
776000 7.84e-10 0.0256605155140756 311.457732523364 -90.0564787472602 -284.903265594724 1.54518056519051e-07
778000 7.86e-10 0.0256605155140756 304.537141106986 -57.4852309566656 -284.807095792381 1.54155070014189e-07
780000 7.88e-10 0.0256605155140756 274.963211048773 119.225390013406 -284.199655745039 1.50746527464842e-07
782000 7.9e-10 0.0256605155140756 229.481276227598 -105.957027765083 -283.289730620082 1.51520664280457e-07
784000 7.92e-10 0.0256605155140756 331.893538813363 146.415838277088 -285.440635504493 1.50344117464163e-07
786000 7.94e-10 0.0256605155140756 261.909158899933 -86.1592176106941 -284.035378776694 1.52969466611009e-07
788000 7.96e-10 0.0256605155140756 302.862249204662 -46.4696947231607 -284.80211902567 1.53633818173691e-07
790000 7.98e-10 0.0256605155140756 320.322919000712 -10.8775958403937 -285.158433696976 1.5250061793687e-07
792000 8e-10 0.0256605155140756 277.703044446552 110.759592786064 -284.197696356898 1.5256713808768e-07
794000 8.02e-10 0.0256605155140756 283.004983574362 119.362263897509 -284.210855927241 1.49569286871982e-07
796000 8.04e-10 0.0256605155140756 284.302832890601 89.8571382090325 -284.152209457897 1.45203840033652e-07
798000 8.06e-10 0.0256605155140756 306.457047964897 73.1265565946387 -284.554006584236 1.49077361045208e-07
800000 8.08e-10 0.0256605155140756 305.488746884159 -219.10659838865 -284.423828816513 1.47024225854633e-07
802000 8.1e-10 0.0256605155140756 306.361157387927 -84.7019608084437 -284.319957327546 1.49821847094384e-07
804000 8.12e-10 0.0256605155140756 286.918427290924 -107.892977729419 -283.818580069272 1.47694442975769e-07
806000 8.14e-10 0.0256605155140756 337.749076126689 9.66473957960606 -284.770994921805 1.46078442938495e-07
808000 8.16e-10 0.0256605155140756 268.486713904764 -182.467902135045 -283.191381309452 1.42677402433229e-07
810000 8.18e-10 0.0256605155140756 260.799970725676 -37.2948721685261 -282.968796849811 1.4195325260341e-07
812000 8.2e-10 0.0256605155140756 364.435451341935 87.3837927489858 -285.024142195133 1.4307383814756e-07
814000 8.22e-10 0.0256605155140756 297.09523859058 1.39718507198427 -283.559793857476 1.43437574014034e-07
816000 8.24e-10 0.0256605155140756 319.52342556375 8.5056017012027 -284.013493802727 1.45756015722773e-07
818000 8.26e-10 0.0256605155140756 353.164033726109 -103.236737982657 -284.771025537462 1.43038608598907e-07
820000 8.28e-10 0.0256605155140756 324.98116871168 96.2900476903633 -284.217526497487 1.42580882586065e-07
822000 8.3e-10 0.0256605155140756 328.480405781815 -45.3815967488778 -284.376457951618 1.44311065623858e-07
824000 8.32e-10 0.0256605155140756 283.388370547157 -89.6901593247414 -283.612933779434 1.38863987418242e-07
826000 8.34e-10 0.0256605155140756 290.165990245503 102.256890166989 -283.919628445902 1.39884183838159e-07
828000 8.36e-10 0.0256605155140756 298.457536011469 -27.7277734715911 -284.280084855595 1.38625555986996e-07
830000 8.38e-10 0.0256605155140756 293.512783964407 33.7585226553358 -284.367403226338 1.37900289586728e-07
832000 8.4e-10 0.0256605155140756 258.545815716934 -84.5529690351018 -283.731715639867 1.35421261604395e-07
834000 8.42e-10 0.0256605155140756 298.875108206743 148.229423712195 -284.698567896189 1.36560270221938e-07
836000 8.44e-10 0.0256605155140756 287.548682156601 -3.73857427050733 -284.524748417697 1.35158060665348e-07
838000 8.46e-10 0.0256605155140756 269.253405004024 -11.0867112029655 -284.202792547534 1.33502084464196e-07
840000 8.48e-10 0.0256605155140756 231.407173115154 108.559782353515 -283.446104068714 1.33432139140326e-07
842000 8.5e-10 0.0256605155140756 271.628433523032 -31.3268900226312 -284.221744216246 1.34616362950102e-07
844000 8.52e-10 0.0256605155140756 319.330816238641 -27.4562330293078 -285.160998754174 1.33171402871324e-07
846000 8.54e-10 0.0256605155140756 295.709845626474 -6.57191247661638 -284.652248326371 1.31959678374539e-07
848000 8.56e-10 0.0256605155140756 280.640412951155 -3.82491226571732 -284.194951935683 1.29727774887318e-07
850000 8.58e-10 0.0256605155140756 283.069459012627 5.01248149261188 -284.171076540653 1.27585138878491e-07
852000 8.6e-10 0.0256605155140756 292.089965101586 -96.2882467480095 -284.197615361631 1.26169122660914e-07
854000 8.62e-10 0.0256605155140756 270.315578599256 85.5244556379477 -283.632653799732 1.25720667807694e-07
856000 8.64e-10 0.0256605155140756 370.977303194702 123.769848744106 -285.55299485383 1.23496447923944e-07
858000 8.66e-10 0.0256605155140756 288.210229625672 -28.6457673359912 -283.680035781635 1.21341736484696e-07
860000 8.68e-10 0.0256605155140756 357.470758336929 -13.6759066339557 -285.025126363102 1.22721990717732e-07
862000 8.7e-10 0.0256605155140756 370.77128847119 -59.292366326426 -285.178285169086 1.24015797579832e-07
864000 8.72e-10 0.0256605155140756 352.746546991864 89.1742028608757 -284.698546067123 1.22366666921379e-07
866000 8.74e-10 0.0256605155140756 349.938376162137 -124.416652421921 -284.603563579213 1.22828200113036e-07
868000 8.76e-10 0.0256605155140756 308.717013284119 58.3051600113427 -283.656043380247 1.26953879996185e-07
870000 8.78e-10 0.0256605155140756 363.036579382019 -49.7142589781958 -284.797631189031 1.23870794163197e-07
872000 8.8e-10 0.0256605155140756 312.839733850615 -44.8900329648414 -283.792710462201 1.23979471843845e-07
874000 8.82e-10 0.0256605155140756 378.019092082518 -42.0813965900944 -285.218274224626 1.24059646451346e-07
876000 8.84e-10 0.0256605155140756 282.337565573504 19.55591744235 -283.322091590137 1.25641065856074e-07
878000 8.86e-10 0.0256605155140756 336.012495553885 -20.9230443222158 -284.609681479015 1.25426507277929e-07
880000 8.88e-10 0.0256605155140756 334.060438234738 58.6130975560277 -284.776286520257 1.24981667037122e-07
882000 8.9e-10 0.0256605155140756 312.883302335666 -32.1790244617211 -284.57501047775 1.25593751400306e-07
884000 8.92e-10 0.0256605155140756 352.038309717485 -50.574754088504 -285.631898556852 1.24061851351244e-07
886000 8.94e-10 0.0256605155140756 387.938422254424 46.207136664085 -286.574573217361 1.26830785529889e-07
888000 8.96e-10 0.0256605155140756 431.697032379474 -83.3106893308864 -287.678752492785 1.28378155515097e-07
890000 8.98e-10 0.0256605155140756 406.398339048134 18.6984090462495 -287.541183091492 1.29075850477095e-07
892000 9e-10 0.0256605155140756 312.06197871433 56.3273292763107 -285.80760812219 1.28686258245932e-07
894000 9.02e-10 0.0256605155140756 340.317102450406 58.0887201816114 -286.628540664881 1.30733238126039e-07
896000 9.04e-10 0.0256605155140756 328.088214167281 -170.773885733918 -286.592393755969 1.25714238896615e-07
898000 9.06e-10 0.0256605155140756 371.400408415 185.796873987929 -287.746819608201 1.27482559947983e-07
900000 9.08e-10 0.0256605155140756 339.357107643521 71.3104138534384 -287.285919697508 1.23941678205448e-07
902000 9.1e-10 0.0256605155140756 394.488438703532 110.65220323883 -288.622661804595 1.26458746738186e-07
904000 9.12e-10 0.0256605155140756 348.688956217777 -80.8628581876806 -287.959855439737 1.27222802846565e-07
906000 9.14e-10 0.0256605155140756 373.208449942403 33.7430419755741 -288.67647481779 1.2549052029712e-07
908000 9.16e-10 0.0256605155140756 270.765800380486 28.5475204620933 -286.70499796851 1.28801077774339e-07
910000 9.18e-10 0.0256605155140756 272.481431494885 -78.6910688382999 -286.920610795494 1.26822827348094e-07
912000 9.2e-10 0.0256605155140756 390.724792904472 90.9706965052328 -289.569395549546 1.2619829813411e-07
914000 9.22e-10 0.0256605155140756 313.001975096179 63.120570299606 -288.143489025156 1.24182868380317e-07
916000 9.24e-10 0.0256605155140756 320.712252819389 -207.190374424693 -288.433623126044 1.25825419873935e-07
918000 9.26e-10 0.0256605155140756 338.177306464113 78.1226792614739 -288.946602152939 1.25575719004997e-07
920000 9.28e-10 0.0256605155140756 421.254651948445 -105.144409721595 -290.851896478861 1.27017432279425e-07
922000 9.3e-10 0.0256605155140756 521.427356632027 -2.41953498024015 -293.343816566869 1.27686333740323e-07
924000 9.32e-10 0.0256605155140756 445.225911968426 218.751888433298 -292.340791926351 1.24813189765406e-07
926000 9.34e-10 0.0256605155140756 428.987245224689 -147.919028271314 -292.639210466138 1.20915495122857e-07
928000 9.36e-10 0.0256605155140756 443.904751421838 87.7392483557325 -293.467952543336 1.16960080343026e-07
930000 9.38e-10 0.0256605155140756 527.349243611179 -44.3652080848816 -295.718005148096 1.17064589786882e-07
932000 9.4e-10 0.0256605155140756 406.829954364255 46.9680742464837 -293.839414107778 1.17745800649748e-07
934000 9.42e-10 0.0256605155140756 381.098264023615 -95.217556165775 -293.861193990103 1.22509645742464e-07
936000 9.44e-10 0.0256605155140756 417.320977953247 137.971309242912 -295.229145496903 1.22713579843697e-07
938000 9.46e-10 0.0256605155140756 389.308627022407 -187.487296086837 -295.087639520885 1.20031041572825e-07
940000 9.48e-10 0.0256605155140756 387.874069421448 61.107928965266 -295.561506512978 1.21776831297237e-07
942000 9.5e-10 0.0256605155140756 339.533345172099 -66.3635680639007 -294.992864817433 1.23493366886208e-07
944000 9.52e-10 0.0256605155140756 306.50400739388 -27.4174724219935 -294.713277023916 1.22288302344707e-07
946000 9.54e-10 0.0256605155140756 305.125585614712 -6.06887705120745 -295.075139113077 1.22595074454838e-07
948000 9.56e-10 0.0256605155140756 301.550720139129 31.1504101872893 -295.413506403132 1.21974439014025e-07
950000 9.58e-10 0.0256605155140756 299.721438499523 -34.1216263879588 -295.648682797109 1.23432526475436e-07
952000 9.6e-10 0.0256605155140756 352.956174780976 -3.16146028024401 -296.991656874636 1.20713701643753e-07
954000 9.62e-10 0.0256605155140756 300.324931426638 12.6141159181137 -296.106381142035 1.20783340566958e-07
956000 9.64e-10 0.0256605155140756 350.978317735353 -153.71416215341 -297.347755423101 1.22099999278662e-07
958000 9.66e-10 0.0256605155140756 360.015074410095 -76.512331742748 -297.810455849406 1.24211778554845e-07
960000 9.68e-10 0.0256605155140756 320.558758588746 39.3341495892028 -297.185953734132 1.23388606329299e-07
962000 9.7e-10 0.0256605155140756 361.364351816815 -170.008845024091 -298.255729997406 1.23526816091546e-07
964000 9.72e-10 0.0256605155140756 331.137154729879 54.6290255653375 -297.824267085434 1.23877995786537e-07
966000 9.74e-10 0.0256605155140756 335.994016639898 -35.9994946647932 -298.118420558538 1.2551350431086e-07
968000 9.76e-10 0.0256605155140756 354.711599445625 17.4124126369725 -298.614843797791 1.26755556989406e-07
970000 9.78e-10 0.0256605155140756 283.172845894843 41.2240434446222 -297.303116924045 1.233853087768e-07
972000 9.8e-10 0.0256605155140756 280.846454947681 -70.2971598598386 -297.395141812533 1.24489163529772e-07
974000 9.82e-10 0.0256605155140756 287.739903017218 13.4819764226465 -297.638126434555 1.22614675192029e-07
976000 9.84e-10 0.0256605155140756 320.146235231134 -110.361428156929 -298.475039916405 1.22103586687977e-07
978000 9.86e-10 0.0256605155140756 252.878522285921 82.580082671617 -297.159561162853 1.21287721303407e-07
980000 9.88e-10 0.0256605155140756 263.806950308239 -29.8064572238507 -297.460122281404 1.17565769741137e-07
982000 9.9e-10 0.0256605155140756 292.458173557957 -30.5285965756824 -298.089685173363 1.18552027769918e-07
984000 9.92e-10 0.0256605155140756 317.672023086555 113.346843140494 -298.672834858045 1.16723953806093e-07
986000 9.94e-10 0.0256605155140756 292.701680151651 32.8782082121998 -298.195802918437 1.18053949570285e-07
988000 9.96e-10 0.0256605155140756 300.217831196446 58.1416095906551 -298.341960555449 1.17367522905104e-07
990000 9.98e-10 0.0256605155140756 289.368582594125 17.785169164354 -298.116635183473 1.1653125220404e-07
992000 1e-09 0.0256605155140756 245.398086848767 -122.496146299515 -297.219112230552 1.13991413293906e-07
994000 1.002e-09 0.0256605155140756 293.321245302867 -104.435565496 -298.242139979019 1.1331784354978e-07
996000 1.004e-09 0.0256605155140756 305.325307016401 -90.0563327719953 -298.515949999053 1.09976093593724e-07
998000 1.006e-09 0.0256605155140756 298.138915538486 -101.634080127082 -298.386438964464 1.05330614446565e-07
1000000 1.008e-09 0.0256605155140756 308.749065332143 -10.0277268516633 -298.554097216439 1.049203059236e-07
