# Fix print output for fix 333
3.0 5 0 27245977979241.9
3.5 5 0 2674329705.45858
4.0 5 0 10772695.1818184
4.5 5 0 217809.028697863
5.0 5 0 10074.0284896025
5.5 5 0 722.13089530705
6.0 5 0 54.9148226176526
7.0 5 0 -4.5037621610782
8.0 5 0 -1.58049537528562
9.0 5 0 -0.503581190574975
10.0 5 0 -0.173272129876541
12.0 5 0 -0.0185911161289099
15.0 5 0 0.0101588713858433
20.0 5 0 0.0137865102540421
30.0 5 0 0.0140320288417418
3.0 15 0 5514217634.52049
3.5 15 0 79492762.1856877
4.0 15 0 1597413.40725958
4.5 15 0 62707.7513830962
5.0 15 0 4021.01510515806
5.5 15 0 336.532446428407
6.0 15 0 23.1706627583458
7.0 15 0 -4.46601139383823
8.0 15 0 -1.52065275223571
9.0 15 0 -0.499004749473167
10.0 15 0 -0.175763707240091
12.0 15 0 -0.0198426314631585
15.0 15 0 0.00995147105670902
20.0 15 0 0.0137719844878663
30.0 15 0 0.0140295119887671
3.0 30 0 2733411.36721123
3.5 30 0 325585.762116773
4.0 30 0 31853.2119466213
4.5 30 0 3342.75475466038
5.0 30 0 381.170850004522
5.5 30 0 35.7089548778878
6.0 30 0 -4.35749292092125
7.0 30 0 -4.06052382905693
8.0 30 0 -1.41046579707696
9.0 30 0 -0.496724218087918
10.0 30 0 -0.184103169990052
12.0 30 0 -0.0231094914016692
15.0 30 0 0.00944462806114252
20.0 30 0 0.0137385874034733
30.0 30 0 0.0140320396399744
3.0 45 0 112415.596489804
3.5 45 0 16618.0295591268
4.0 45 0 2738.73678099873
4.5 45 0 468.807876752582
5.0 45 0 71.2973059315204
5.5 45 0 2.09742116872012
6.0 45 0 -7.06270166652091
7.0 45 0 -3.93494844375007
8.0 45 0 -1.48214693882487
9.0 45 0 -0.55586844318499
10.0 45 0 -0.215320534804122
12.0 45 0 -0.0304238725184913
15.0 45 0 0.0084956217598043
20.0 45 0 0.0136833087091907
30.0 45 0 0.014029531086436
3.0 60 0 94602.8847341036
3.5 60 0 13568.2829540583
4.0 60 0 2406.88011225517
4.5 60 0 474.380160353267
5.0 60 0 89.3268701715866
5.5 60 0 9.08859219062228
6.0 60 0 -5.60288730238612
7.0 60 0 -4.597230813893
8.0 60 0 -1.90849804629029
9.0 60 0 -0.748171745598705
10.0 60 0 -0.297466132847946
12.0 60 0 -0.0462763931417317
15.0 60 0 0.0067198371049797
20.0 60 0 0.0135932172461224
30.0 60 0 0.0140270213043812
3.0 75 0 127887.208165144
3.5 75 0 24710.635870989
4.0 75 0 5882.64945660653
4.5 75 0 1520.68898674256
5.0 75 0 397.051721471249
5.5 75 0 96.5192993339707
6.0 75 0 17.1916170872541
7.0 75 0 -4.79859205903656
8.0 75 0 -2.85842444689028
9.0 75 0 -1.20258908361997
10.0 75 0 -0.485356487675104
12.0 75 0 -0.0790969553434863
15.0 75 0 0.0034921932403728
20.0 75 0 0.0134518334560903
30.0 75 0 0.0140229567778941
3.0 90 0 717563.354143896
3.5 90 0 217344.146052395
4.0 90 0 60355.2442237163
4.5 90 0 16041.8851752086
5.0 90 0 4223.06679653122
5.5 90 0 1111.79751002928
6.0 90 0 287.648882156654
7.0 90 0 11.6608641625368
8.0 90 0 -3.59747129227954
9.0 90 0 -2.08850192805012
10.0 90 0 -0.877285664834962
12.0 90 0 -0.143136024333857
15.0 90 0 -0.00202031779790625
20.0 90 0 0.0132452912913237
30.0 90 0 0.014023589524296
3.0 105 0 27887090.9576728
3.5 105 0 8295589.95549202
4.0 105 0 1809454.95269883
4.5 105 0 356962.722523839
5.0 105 0 71247.0674322302
5.5 105 0 15040.9527053978
6.0 105 0 3379.13813330678
7.0 105 0 186.840328031302
8.0 105 0 4.63950637285475
9.0 105 0 -3.06492897537467
10.0 105 0 -1.55571165425977
12.0 105 0 -0.253400048749454
15.0 105 0 -0.0103373278820207
20.0 105 0 0.0129790212578067
30.0 105 0 0.0140189527958777
3.0 120 0 8504461770.68415
3.5 120 0 1759596748.69663
4.0 120 0 169314627.871261
4.5 120 0 15154033.0541703
5.0 120 0 1615960.48900068
5.5 120 0 213832.24795872
6.0 120 0 34280.7099819906
7.0 120 0 1327.26738012242
8.0 120 0 60.5815328868419
9.0 120 0 -1.76087554060324
10.0 120 0 -2.34400041355721
12.0 120 0 -0.401601132436424
15.0 120 0 -0.0203200589413676
20.0 120 0 0.0127012997788168
30.0 120 0 0.0140195458133929
3.0 135 0 883082705446609
3.5 135 0 11707850508075.6
4.0 135 0 41868271585.3945
4.5 135 0 603509844.69774
5.0 135 0 23200793.0080019
5.5 135 0 1665252.64311306
6.0 135 0 180852.262660663
7.0 135 0 4581.38308188695
8.0 135 0 190.174609848825
9.0 135 0 3.49479633584255
10.0 135 0 -2.78259578683984
12.0 135 0 -0.525646638257683
15.0 135 0 -0.0280698163695415
20.0 135 0 0.0125064153476557
30.0 135 0 0.014015797031984
3.0 150 0 2.00698082977736e+17
3.5 150 0 140077287977960
4.0 150 0 113111361113.683
4.5 150 0 1034209887.9605
5.0 150 0 32886657.4228675
5.5 150 0 2142174.50490225
6.0 150 0 219906.907123656
7.0 150 0 5256.70943309088
8.0 150 0 214.056163911255
9.0 150 0 4.49755707030059
10.0 150 0 -2.81690309697475
12.0 150 0 -0.540712550795624
15.0 150 0 -0.0289835828727415
20.0 150 0 0.0124844345084127
30.0 150 0 0.0140181825775261
3.0 165 0 50990598515.5838
3.5 165 0 8619930558.1646
4.0 165 0 564513781.616477
4.5 165 0 37200510.378061
5.0 165 0 3224768.82961655
5.5 165 0 371743.807893278
6.0 165 0 54291.5173967524
7.0 165 0 1893.18521119118
8.0 165 0 85.5222740046886
9.0 165 0 -0.812989794748871
10.0 165 0 -2.48591590515463
12.0 165 0 -0.434838956597444
15.0 165 0 -0.0224368585982275
20.0 165 0 0.0126467360111724
30.0 165 0 0.0140166711163191
3.0 175 0 477683745.418715
3.5 175 0 123987305.145733
4.0 175 0 19378516.9789947
4.5 175 0 2698512.21328621
5.0 175 0 401335.254119151
5.5 175 0 67403.6783119345
6.0 175 0 12791.2129925545
7.0 175 0 598.574844973633
8.0 175 0 25.9077962935966
9.0 175 0 -2.86281972416854
10.0 175 0 -2.01119952225059
12.0 175 0 -0.333986987645661
15.0 175 0 -0.0158840079859573
20.0 175 0 0.0128206392880965
30.0 175 0 0.0140203416123534
3.0 5 30 27245977979241.3
3.5 5 30 2674329705.2485
4.0 5 30 10772695.1574741
4.5 5 30 217809.04559138
5.0 5 30 10074.0487804695
5.5 5 30 722.146545399801
6.0 5 30 54.9255266008002
7.0 5 30 -4.49925699832616
8.0 5 30 -1.57863318631399
9.0 5 30 -0.502789504493102
10.0 5 30 -0.172921524009103
12.0 5 30 -0.0185129408275417
15.0 5 30 0.0101698316913106
20.0 5 30 0.0137872517018209
30.0 5 30 0.0140320288417418
3.0 15 30 5514217629.40392
3.5 15 30 79492760.8704298
4.0 15 30 1597413.15459779
4.5 15 30 62707.7679926336
5.0 15 30 4021.07950878491
5.5 15 30 336.589528252892
6.0 15 30 23.2116405691342
7.0 15 30 -4.44825726489375
8.0 15 30 -1.51330504511229
9.0 15 30 -0.495903931191532
10.0 15 30 -0.174404691854651
12.0 15 30 -0.0195463783903235
15.0 15 30 0.00999174517183834
20.0 15 30 0.0137746040265013
30.0 15 30 0.0140295119887671
3.0 30 30 2733378.80818918
3.5 30 30 325576.293167333
4.0 30 30 31850.716241694
4.5 30 30 3342.27521566032
5.0 30 30 381.214307520572
5.5 30 30 35.8457116535166
6.0 30 30 -4.23685987601844
7.0 30 30 -4.00239507185942
8.0 30 30 -1.38609141660341
9.0 30 30 -0.486556914803259
10.0 30 30 -0.179734647901078
12.0 30 30 -0.0221989816323659
15.0 30 30 0.00956102752994012
20.0 30 30 0.0137455948582832
30.0 30 30 0.0140320396399744
3.0 45 30 112207.844566432
3.5 45 30 16552.7031197223
4.0 45 30 2719.09164858339
4.5 45 30 463.36845542889
5.0 45 30 70.0983845483899
5.5 45 30 2.05765526418439
6.0 45 30 -6.85824475857515
7.0 45 30 -3.78454870425032
8.0 45 30 -1.41538979040869
9.0 45 30 -0.528165351251402
10.0 45 30 -0.203690974240183
12.0 45 30 -0.0281374734466391
15.0 45 30 0.00876513943645663
20.0 45 30 0.0136979862605199
30.0 45 30 0.014029531086436
3.0 60 30 92936.7143788807
3.5 60 30 13020.9566805871
4.0 60 30 2234.72891987741
4.5 60 30 422.116735249272
5.0 60 30 74.2911581943797
5.5 60 30 5.27967184002972
6.0 60 30 -6.20873895945087
7.0 60 30 -4.30082655443561
8.0 60 30 -1.73878407517343
9.0 60 30 -0.675801581336114
10.0 60 30 -0.267691581536075
12.0 60 30 -0.0408191747107996
15.0 60 30 0.00730105934321852
20.0 60 30 0.0136212079523681
30.0 60 30 0.0140320620480111
3.0 75 30 108268.825778111
3.5 75 30 18178.3230755344
4.0 75 30 3869.48944964099
4.5 75 30 922.605682671374
5.0 75 30 222.765438608068
5.5 75 30 46.9086613240356
6.0 75 30 3.86160131087445
7.0 75 30 -5.06601964150036
8.0 75 30 -2.50479237135314
9.0 75 30 -1.02294156149981
10.0 75 30 -0.411088039578022
12.0 75 30 -0.0664530816897982
15.0 75 30 0.00468671464857759
20.0 75 30 0.0135017108752635
30.0 75 30 0.0140234739517209
3.0 90 30 300873.936756105
3.5 90 30 81863.2855414551
4.0 90 30 22718.4151844409
4.5 90 30 6242.24514222953
5.0 90 30 1702.77041723398
5.5 90 30 456.669839367522
6.0 90 30 115.282454234887
7.0 90 30 0.614707159890185
8.0 90 30 -3.55618968974883
9.0 90 30 -1.71742930028255
10.0 90 30 -0.70589857101214
12.0 90 30 -0.115495818420131
15.0 90 30 0.000270312072072679
20.0 90 30 0.0133272351102984
30.0 90 30 0.0140243138956335
3.0 105 30 4745960.65774955
3.5 105 30 1477797.17652386
4.0 105 30 372674.395543994
4.5 105 30 86880.6265303615
5.0 105 30 20184.7639351508
5.5 105 30 4819.55480371208
6.0 105 30 1183.69827803967
7.0 105 30 67.1597711619992
8.0 105 30 -1.47159734117685
9.0 105 30 -2.72205976583694
10.0 105 30 -1.23081002018245
12.0 105 30 -0.199935838319852
15.0 105 30 -0.00643559685550891
20.0 105 30 0.0130989137701136
30.0 105 30 0.0140198648341254
3.0 120 30 263305370.374243
3.5 120 30 70768709.8998609
4.0 120 30 11994104.0108819
4.5 120 30 1811005.37526081
5.0 120 30 287627.632674384
5.5 120 30 50765.0476162868
6.0 120 30 9989.02533671852
7.0 120 30 486.255937497888
8.0 120 30 20.2275217115181
9.0 120 30 -2.98759475718591
10.0 120 30 -1.92549680619679
12.0 120 30 -0.318057017547231
15.0 120 30 -0.0148154351425051
20.0 120 30 0.0128500848075646
30.0 120 30 0.0140205475787663
3.0 135 30 38865091254.8304
3.5 135 30 6798958392.91171
4.0 135 30 473977328.384502
4.5 135 30 32749395.8641797
5.0 135 30 2928034.99600078
5.5 135 30 344388.151227032
6.0 135 30 50973.8841741362
7.0 135 30 1804.24351958026
8.0 135 30 81.6944889412016
9.0 135 30 -0.962779988346814
10.0 135 30 -2.46725241478498
12.0 135 30 -0.430240044769521
15.0 135 30 -0.0221470944731299
20.0 135 30 0.0126540543136803
30.0 135 30 0.0140192386957722
3.0 150 30 522808789554.321
3.5 150 30 61919592145.8153
4.0 150 30 2238706660.69023
4.5 150 30 97877116.4915108
5.0 150 30 6596011.41875646
5.5 150 30 649475.732076563
6.0 150 30 85602.49098138
7.0 150 30 2665.3536620932
8.0 150 30 117.553496343067
9.0 150 30 0.47369047783498
10.0 150 30 -2.61320189902461
12.0 150 30 -0.468680938064973
15.0 150 30 -0.0245615165722754
20.0 150 30 0.0125929093311022
30.0 150 30 0.0140188501167268
3.0 165 30 9943043968.43772
3.5 165 30 2025555396.35481
4.0 165 30 188958459.398118
4.5 165 30 16478160.858182
5.0 165 30 1725320.15286451
5.5 165 30 225469.497361156
6.0 165 30 35837.6708689379
7.0 165 30 1374.19490515942
8.0 165 30 62.7079484796488
9.0 165 30 -1.68254492370492
10.0 165 30 -2.35796234703376
12.0 165 30 -0.404722371448583
15.0 165 30 -0.0205175979113562
20.0 165 30 0.0126963514127811
30.0 165 30 0.0140169914993678
3.0 175 30 358341780.235537
3.5 175 30 94632130.480675
4.0 175 30 15392201.0327712
4.5 175 30 2229897.96305212
5.0 175 30 342395.017423158
5.5 175 30 58902.096780165
6.0 175 30 11374.945746428
7.0 175 30 542.595986649163
8.0 175 30 23.0902390903433
9.0 175 30 -2.927955395308
10.0 175 30 -1.97042594348974
12.0 175 30 -0.326349540977132
15.0 175 30 -0.0153716731299122
20.0 175 30 0.0128348101007273
30.0 175 30 0.0140204390753287
3.0 5 45 27245977979240.2
3.5 5 45 2674329705.01109
4.0 5 45 10772695.131485
4.5 5 45 217809.066039286
5.0 5 45 10074.0726649752
5.5 5 45 722.164854762591
6.0 5 45 54.938020136855
7.0 5 45 -4.4940061026958
8.0 5 45 -1.57646273087743
9.0 5 45 -0.501866325505444
10.0 5 45 -0.172512423841219
12.0 5 45 -0.0184215976025555
15.0 5 45 0.0101826621677657
20.0 5 45 0.0137881217470295
30.0 5 45 0.0140320288417418
3.0 15 45 5514217624.01775
3.5 15 45 79492759.5104299
4.0 15 45 1597412.9087708
4.5 15 45 62707.7988718405
5.0 15 45 4021.15572475592
5.5 15 45 336.654832119046
6.0 15 45 23.2580085095151
7.0 15 45 -4.42829756068035
8.0 15 45 -1.50504832687304
9.0 15 45 -0.49241477387868
10.0 15 45 -0.17287243885031
12.0 15 45 -0.0192109053753667
15.0 15 45 0.0100376227126831
20.0 15 45 0.0137776106206668
30.0 15 45 0.0140295119887671
3.0 30 45 2733348.62768534
3.5 30 45 325567.683319847
4.0 30 45 31848.535560855
4.5 30 45 3341.91735020958
5.0 30 45 381.308615811961
5.5 30 45 36.0058245963402
6.0 30 45 -4.10442691558613
7.0 30 45 -3.9404712198932
8.0 30 45 -1.36023591216708
9.0 30 45 -0.475749714991941
10.0 30 45 -0.175072223590681
12.0 30 45 -0.0212179760466944
15.0 30 45 0.00968808121225056
20.0 30 45 0.0137533692061918
30.0 30 45 0.0140320396399744
3.0 45 45 112041.71270662
3.5 45 45 16501.2559997052
4.0 45 45 2703.95602269957
4.5 45 45 459.378369837906
5.0 45 45 69.3620783117721
5.5 45 45 2.16388269260394
6.0 45 45 -6.60882520234502
7.0 45 45 -3.63064408627782
8.0 45 45 -1.34853034980858
9.0 45 45 -0.500424203688607
10.0 45 45 -0.191978774837597
12.0 45 45 -0.0257993280649668
15.0 45 45 0.00904673357427904
20.0 45 45 0.0137137309888095
30.0 45 45 0.014029531086436
3.0 60 45 91832.9221095029
3.5 60 45 12661.7528986936
4.0 60 45 2122.42819426605
4.5 60 45 388.447741397737
5.0 60 45 64.9531511936386
5.5 60 45 3.18530594865853
6.0 60 45 -6.31925095672732
7.0 60 45 -3.98045673412347
8.0 60 45 -1.57600220178504
9.0 60 45 -0.607377883809908
10.0 60 45 -0.239407520521454
12.0 60 45 -0.0355245361438886
15.0 60 45 0.00788288043085417
20.0 60 45 0.0136503036494319
30.0 60 45 0.0140320620480111
3.0 75 45 98280.3276834813
3.5 75 45 14855.9593736733
4.0 75 45 2831.10724580155
4.5 75 45 608.593190942338
5.0 75 45 130.20219222728
5.5 75 45 20.765624123488
6.0 75 45 -2.76299869890607
7.0 75 45 -4.85198053196255
8.0 75 45 -2.15225975338753
9.0 75 45 -0.859801044328028
10.0 75 45 -0.344118852711527
12.0 75 45 -0.0547735837755859
15.0 75 45 0.00583727708219227
20.0 75 45 0.0135521977936684
30.0 75 45 0.0140265454093476
3.0 90 45 160028.969501978
3.5 90 45 35397.5043766557
4.0 90 45 9119.7494790143
4.5 90 45 2461.23200730987
5.0 90 45 666.031004350839
5.5 90 45 172.576558574493
6.0 90 45 38.0658797569586
7.0 90 45 -3.8618216463539
8.0 90 45 -3.14075444828739
9.0 90 45 -1.37061301794726
10.0 90 45 -0.55604010609776
12.0 90 45 -0.0909336284268678
15.0 90 45 0.0024130929609285
20.0 90 45 0.0134086857749138
30.0 90 45 0.0140225603412525
3.0 105 45 1007131.51238223
3.5 105 45 310407.138826499
4.0 105 45 85262.6499322929
4.5 105 45 22231.7723747993
5.0 105 45 5743.44904593689
5.5 105 45 1491.66437545633
6.0 105 45 384.740774603049
7.0 105 45 17.9334221569768
8.0 105 45 -3.45788350632342
9.0 105 45 -2.21639942901257
10.0 105 45 -0.94067403190377
12.0 105 45 -0.153300943050051
15.0 105 45 -0.0028343632747721
20.0 105 45 0.0132173863575327
30.0 105 45 0.0140233478074116
3.0 120 45 20665742.6658182
3.5 120 45 6209937.09276891
4.0 120 45 1392668.81547673
4.5 120 45 283397.950513083
5.0 120 45 58151.8051659001
5.5 120 45 12553.2253151686
6.0 120 45 2867.1752299479
7.0 120 45 160.397204565087
8.0 120 45 3.25489723419179
9.0 120 45 -3.028522737121
10.0 120 45 -1.50170960175899
12.0 120 45 -0.244354156287718
15.0 120 45 -0.00968914825897164
20.0 120 45 0.0129985540999401
30.0 120 45 0.0140216147100269
3.0 135 45 654946149.133881
3.5 135 45 166635800.919551
4.0 135 45 24886008.3553592
4.5 135 45 3314670.00503991
5.0 135 45 475806.095315312
5.5 135 45 77826.6249312159
6.0 135 45 14489.121483763
7.0 135 45 663.818364903367
8.0 135 45 29.1598047431053
9.0 135 45 -2.78071279664715
10.0 135 45 -2.05451291282503
12.0 135 45 -0.342224985897471
15.0 135 45 -0.0164353168932309
20.0 135 45 0.0128053781802462
30.0 135 45 0.0140177191445535
3.0 150 45 6917853838.99383
3.5 150 45 1460153205.84869
4.0 150 45 146262964.339094
4.5 150 45 13544825.3205526
5.0 150 45 1479713.96915359
5.5 150 45 199083.36395257
6.0 150 45 32283.7278038855
7.0 150 45 1266.21017042299
8.0 150 45 57.8009715004525
9.0 150 45 -1.86092133236947
10.0 150 45 -2.32441524554015
12.0 150 45 -0.397286897688735
15.0 150 45 -0.0200397054079568
20.0 150 45 0.0127088282680775
30.0 150 45 0.0140195929754774
3.0 165 45 2217432343.91229
3.5 165 45 516746630.632018
4.0 165 45 63615939.7011265
4.5 165 45 7065930.65329822
5.0 165 45 881743.236602538
5.5 165 45 130240.23684506
6.0 165 45 22543.0456553755
7.0 165 45 951.756461423269
8.0 165 45 43.1417986066682
9.0 165 45 -2.36436445256929
10.0 165 45 -2.2055696267436
12.0 165 45 -0.372126596201619
15.0 165 45 -0.0184060322755871
20.0 165 45 0.0127521548287861
30.0 165 45 0.0140173592938903
3.0 175 45 259048418.455543
3.5 175 45 69687553.9961939
4.0 175 45 11836046.3539558
4.5 175 45 1791000.73778127
5.0 175 45 284955.27018097
5.5 175 45 50361.4314618765
6.0 175 45 9919.43944532279
7.0 175 45 483.387499697163
8.0 175 45 20.082672467827
9.0 175 45 -2.98972849569533
10.0 175 45 -1.92279441658927
12.0 175 45 -0.317558298221346
15.0 175 45 -0.014778685153034
20.0 175 45 0.0128513276532348
30.0 175 45 0.0140205534352195
3.0 5 60 27245977979239
3.5 5 60 2674329704.71993
4.0 5 60 10772695.1020508
4.5 5 60 217809.093286409
5.0 5 60 10074.1034818768
5.5 5 60 722.188305575726
6.0 5 60 54.9539767607979
7.0 5 60 -4.48731122544542
8.0 5 60 -1.5736953387546
9.0 5 60 -0.500688548361899
10.0 5 60 -0.171990084997099
12.0 5 60 -0.018304771418494
15.0 5 60 0.0101991103384799
20.0 5 60 0.0137892404417249
30.0 5 60 0.0140320288417418
3.0 15 60 5514217617.96522
3.5 15 60 79492758.0186519
4.0 15 60 1597412.66260754
4.5 15 60 62707.8536146807
5.0 15 60 4021.2539832155
5.5 15 60 336.736032902503
6.0 15 60 23.314959635622
7.0 15 60 -4.40396107203523
8.0 15 60 -1.49498519249823
9.0 15 60 -0.488154969623601
10.0 15 60 -0.170997165237773
12.0 15 60 -0.0187981296794556
15.0 15 60 0.0100944854340322
20.0 15 60 0.0137813719174633
30.0 15 60 0.0140295119887671
3.0 30 60 2733319.52558864
3.5 30 60 325559.603692399
4.0 30 60 31846.6111894099
4.5 30 60 3341.68937540004
5.0 30 60 381.472727945025
5.5 30 60 36.2054108945799
6.0 30 60 -3.94878107793739
7.0 30 60 -3.86984133902977
8.0 30 60 -1.33086155603914
9.0 30 60 -0.463437282689567
10.0 30 60 -0.169733679332845
12.0 30 60 -0.0200817632294934
15.0 30 60 0.009837568586908
20.0 30 60 0.0137626987236363
30.0 30 60 0.0140320396399744
3.0 45 60 111906.488166411
3.5 45 60 16460.3040282186
4.0 45 60 2692.32967030939
4.5 45 60 456.571874042843
5.0 45 60 69.0361039784772
5.5 45 60 2.41930981837488
6.0 45 60 -6.30108460455377
7.0 45 60 -3.46453182917661
8.0 45 60 -1.27770146173775
9.0 45 60 -0.470995219410469
10.0 45 60 -0.179463857470078
12.0 45 60 -0.0232547303783456
15.0 45 60 0.00936110928128992
20.0 45 60 0.0137318715193115
30.0 45 60 0.014029531086436
3.0 60 60 91099.9725684624
3.5 60 60 12426.7803189721
4.0 60 60 2050.0472103257
4.5 60 60 367.37793528915
5.0 60 60 59.5590306649149
5.5 60 60 2.31455515447214
6.0 60 60 -6.05753774058549
7.0 60 60 -3.63174974791378
8.0 60 60 -1.41329808830405
9.0 60 60 -0.539616535545311
10.0 60 60 -0.211190225362059
12.0 60 60 -0.0301068960336079
15.0 60 60 0.00850043437814189
20.0 60 60 0.0136825904289434
30.0 60 60 0.0140320620480111
3.0 75 60 93190.2038441853
3.5 75 60 13172.7716633483
4.0 75 60 2301.37629392359
4.5 75 60 447.241971524587
5.0 75 60 82.9365081044982
5.5 75 60 8.00690585266062
6.0 75 60 -5.47108590169236
7.0 75 60 -4.34934195891748
8.0 75 60 -1.80120786409479
9.0 75 60 -0.706722965426984
10.0 75 60 -0.281300186819632
12.0 75 60 -0.0434811359252899
15.0 75 60 0.00700499244821459
20.0 75 60 0.0136064911430577
30.0 75 60 0.0140246578815074
3.0 90 60 110577.264504855
3.5 90 60 18952.7560848549
4.0 90 60 4111.84101816122
4.5 90 60 996.019077625064
5.0 90 60 244.626015803482
5.5 90 60 53.2793618774428
6.0 90 60 5.62167137396412
7.0 90 60 -5.01929565678683
8.0 90 60 -2.54958424291405
9.0 90 60 -1.04678539236142
10.0 90 60 -0.421174175028401
12.0 90 60 -0.0682184611049121
15.0 90 60 0.00451593663678561
20.0 90 60 0.0134944319306701
30.0 90 60 0.0140259473700548
3.0 105 60 265991.634425571
3.5 105 60 70400.6642528004
4.0 105 60 19415.6045654465
4.5 105 60 5342.24097313053
5.0 105 60 1460.88331779228
5.5 105 60 391.471049808925
6.0 105 60 97.7270947189814
7.0 105 60 -0.45449822450604
8.0 105 60 -3.50058496293517
9.0 105 60 -1.65612506739571
10.0 105 60 -0.67896379329214
12.0 105 60 -0.111115792980366
15.0 105 60 0.000645807608675111
20.0 105 60 0.0133412546587977
30.0 105 60 0.0140219181052758
3.0 120 60 2216245.43246993
3.5 120 60 693380.160504706
4.0 120 60 183418.374002167
4.5 120 60 45375.5002846385
5.0 120 60 11146.340324423
5.5 120 60 2783.77423409479
6.0 120 60 703.992969084841
7.0 120 60 38.1188443652001
8.0 120 60 -2.75894547168676
9.0 120 60 -2.4916872955953
10.0 120 60 -1.08812204145725
12.0 120 60 -0.176940179836335
15.0 120 60 -0.00468496268141307
20.0 120 60 0.0131555674255533
30.0 120 60 0.0140228339796594
3.0 135 60 32177781.9209137
3.5 135 60 9523057.60373984
4.0 135 60 2048867.54608001
4.5 135 60 398092.570340383
5.0 135 60 78392.4137468681
5.5 135 60 16371.3683065527
6.0 135 60 3648.64952703306
7.0 135 60 200.497211732916
8.0 135 60 5.36024260812408
9.0 135 60 -3.07720416939443
10.0 135 60 -1.58063994550531
12.0 135 60 -0.257594542442453
15.0 135 60 -0.0106315241922844
20.0 135 60 0.0129705235864931
30.0 135 60 0.0140214059693516
3.0 150 60 311607388.380571
3.5 150 60 82959200.4927482
4.0 150 60 13750441.0627783
4.5 150 60 2030050.37952667
5.0 150 60 316538.267203272
5.5 150 60 55091.4403855681
6.0 150 60 10729.8707812102
7.0 150 60 516.57763998445
8.0 150 60 21.7718591220451
9.0 150 60 -2.95621747400086
10.0 150 60 -1.95016452924629
12.0 150 60 -0.322594391102463
15.0 150 60 -0.015119424300522
20.0 150 60 0.0128417748376002
30.0 150 60 0.0140204877559725
3.0 165 60 481374876.831625
3.5 165 60 124886099.651787
4.0 165 60 19497766.5592962
4.5 165 60 2712209.15168931
5.0 165 60 403025.742258951
5.5 165 60 67644.022587738
6.0 165 60 12830.821529162
7.0 165 60 600.119004074456
8.0 165 60 25.9851137424835
9.0 165 60 -2.86096684650467
10.0 165 60 -2.01228223904674
12.0 165 60 -0.334191479559164
15.0 165 60 -0.015897824323975
20.0 165 60 0.0128202481418342
30.0 165 60 0.0140178195228028
3.0 175 60 173857227.191271
3.5 175 60 47777962.9221542
4.0 175 60 8536753.20860837
4.5 175 60 1360480.4836662
5.0 175 60 225952.289406415
5.5 175 60 41269.8420464194
6.0 175 60 8327.78655276477
7.0 175 60 416.391698191042
8.0 175 60 16.6453657509443
9.0 175 60 -3.04810870975768
10.0 175 60 -1.86199080660061
12.0 175 60 -0.306521779135043
15.0 175 60 -0.0140291256185185
20.0 175 60 0.0128723896151637
30.0 175 60 0.0140207004664785
3.0 5 90 27245977979235.8
3.5 5 90 2674329704.09519
4.0 5 90 10772695.0496831
4.5 5 90 217809.161364642
5.0 5 90 10074.1763662382
5.5 5 90 722.2430418068
6.0 5 90 54.9910295108953
7.0 5 90 -4.47181364758844
8.0 5 90 -1.56728871704652
9.0 5 90 -0.497958833478643
10.0 5 90 -0.17077762751484
12.0 5 90 -0.0180327094360969
15.0 5 90 0.0102375849259724
20.0 5 90 0.0137918721781074
30.0 5 90 0.0140320288417418
3.0 15 90 5514217606.915
3.5 15 90 79492755.4340872
4.0 15 90 1597412.32826254
4.5 15 90 62708.0304394426
5.0 15 90 4021.4818225047
5.5 15 90 336.914336522683
6.0 15 90 23.4375828083353
7.0 15 90 -4.35217744470144
8.0 15 90 -1.47357959046768
9.0 15 90 -0.479063797033711
10.0 15 90 -0.166976589813135
12.0 15 90 -0.0179043014759839
15.0 15 90 0.0102193002868009
20.0 15 90 0.0137897726937418
30.0 15 90 0.0140295119887671
3.0 30 90 2733278.8954187
3.5 30 90 325548.999049877
4.0 30 90 31844.4739857327
4.5 30 90 3341.73458682012
5.0 30 90 381.929766021774
5.5 30 90 36.6250429015437
6.0 30 90 -3.64421129770048
7.0 30 90 -3.73702502705029
8.0 30 90 -1.27585683417991
9.0 30 90 -0.440247867447943
10.0 30 90 -0.159586160863159
12.0 30 90 -0.0178772569107748
15.0 30 90 0.01013589365766
20.0 30 90 0.0137819945066212
30.0 30 90 0.0140320396399744
3.0 45 90 111762.214396389
3.5 45 90 16418.8035801488
4.0 45 90 2681.63884604592
4.5 45 90 454.688864607558
5.0 45 90 69.3798840198806
5.5 45 90 3.11869461772276
6.0 45 90 -5.70879649210066
7.0 45 90 -3.18438944350852
8.0 45 90 -1.16050824220069
9.0 45 90 -0.422028090510283
10.0 45 90 -0.15836060842297
12.0 45 90 -0.0188252553896243
15.0 45 90 0.00993301035273027
20.0 45 90 0.0137667469133896
30.0 45 90 0.014029531086436
3.0 60 90 90514.2915378276
3.5 60 90 12245.6726324235
4.0 60 90 1996.925324102
4.5 60 90 353.472927381558
5.0 60 90 57.0641229679249
5.5 60 90 2.75042278591642
6.0 60 90 -5.14087702303616
7.0 60 90 -3.07483049585123
8.0 60 90 -1.17175209878567
9.0 60 90 -0.439307213661301
10.0 60 90 -0.168767120143082
12.0 60 90 -0.0216021744643816
15.0 60 90 0.0095311367426428
20.0 60 90 0.0137407171770663
30.0 60 90 0.0140320620480111
3.0 75 90 90275.9256600314
3.5 75 90 12228.2120876602
4.0 75 90 2007.49568640528
4.5 75 90 359.946213619627
5.0 75 90 59.2673367494804
5.5 75 90 3.0929110831248
6.0 75 90 -5.37660606841121
7.0 75 90 -3.35111232041032
8.0 75 90 -1.31056483183925
9.0 75 90 -0.501071901497788
10.0 75 90 -0.195966968579718
12.0 75 90 -0.0273109076245595
15.0 75 90 0.00881465681892237
20.0 75 90 0.0136991362375893
30.0 75 90 0.0140295527433256
3.0 90 90 91769.4182258971
3.5 90 90 12713.2885059076
4.0 90 90 2158.99913349429
4.5 90 90 404.903691175608
5.0 90 90 71.2285607785213
5.5 90 90 5.33518224764728
6.0 90 90 -5.67758995422907
7.0 90 90 -3.9981820077306
8.0 90 90 -1.62240864626656
9.0 90 90 -0.632370408421438
10.0 90 90 -0.250926264993224
12.0 90 90 -0.0379135440932326
15.0 90 90 0.00760242967881593
20.0 90 90 0.0136356088332324
30.0 90 90 0.0140321112267054
3.0 105 90 99800.58963822
3.5 105 90 15367.4707860487
4.0 105 90 2993.97795827374
4.5 105 90 659.007027836923
5.0 105 90 145.478820723446
5.5 105 90 25.2326752291046
6.0 105 90 -1.56824348787651
7.0 105 90 -4.86458006915887
8.0 105 90 -2.20713532524532
9.0 105 90 -0.886748809935513
10.0 105 90 -0.355505652758651
12.0 105 90 -0.056826084898781
15.0 105 90 0.00562962340782803
20.0 105 90 0.0135428825678653
30.0 105 90 0.0140239466745878
3.0 120 90 153970.903316087
3.5 120 90 33388.0616168066
4.0 120 90 8516.42038542038
4.5 120 90 2287.99158264937
5.0 120 90 617.11265920319
5.5 120 90 158.916299032886
6.0 120 90 34.3613948978024
7.0 120 90 -4.02336547684231
8.0 120 90 -3.09154157733001
9.0 120 90 -1.34176177918825
10.0 120 90 -0.543994419912674
12.0 120 90 -0.0889304608394749
15.0 120 90 0.00259563335253702
20.0 120 90 0.0134160511269683
30.0 120 90 0.0140251437163873
3.0 135 90 616855.910969606
3.5 135 90 184800.168031997
4.0 135 90 51494.6681747969
4.5 135 90 13793.0451587111
5.0 135 90 3659.34186156752
5.5 135 90 968.526114728191
6.0 135 90 250.591622892409
7.0 135 90 9.28534712870857
8.0 135 90 -3.62104626759933
9.0 135 90 -2.02558515652473
10.0 135 90 -0.847401823879669
12.0 135 90 -0.138323405597259
15.0 135 90 -0.00162448191925504
20.0 135 90 0.0132594469933573
30.0 135 90 0.0140211833504726
3.0 150 90 5035520.0463569
3.5 150 90 1566595.66729233
4.0 150 90 393448.638664372
4.5 150 90 91271.744677571
5.0 150 90 21107.7888066786
5.5 150 90 5021.2073866035
6.0 150 90 1230.0788891268
7.0 150 90 69.9039612986401
8.0 150 90 -1.33814294557546
9.0 150 90 -2.73683073814374
10.0 150 90 -1.2413457042332
12.0 150 90 -0.201628843605765
15.0 150 90 -0.00655842001105813
20.0 150 90 0.0130952964560258
30.0 150 90 0.0140223509796028
3.0 165 90 35003389.9160689
3.5 165 90 10327260.3742881
4.0 165 90 2203704.73530259
4.5 165 90 424314.168006729
5.0 165 90 82889.7589776594
5.5 165 90 17199.9642265601
6.0 165 90 3815.11529733501
7.0 165 90 208.842109958942
8.0 165 90 5.79996900791401
9.0 165 90 -3.0837131579069
10.0 165 90 -1.595360993513
12.0 165 90 -0.260080442710756
15.0 165 90 -0.0108061855933436
20.0 165 90 0.0129654515922423
30.0 165 90 0.0140188479049594
3.0 175 90 72955949.3244831
3.5 175 90 20894905.7425448
4.0 175 90 4131181.51535259
4.5 175 90 732244.85983475
5.0 175 90 133086.364621706
5.5 175 90 26077.8072826465
6.0 175 90 5543.15145817671
7.0 175 90 292.086596832313
8.0 175 90 10.1774662766578
9.0 175 90 -3.10681969969112
10.0 175 90 -1.72156470396365
12.0 175 90 -0.281714175929586
15.0 175 90 -0.0123220786156913
20.0 175 90 0.0129211573436189
30.0 175 90 0.0140210463069699
3.0 5 120 27245977979233.6
3.5 5 120 2674329703.56861
4.0 5 120 10772695.0202295
4.5 5 120 217809.231834059
5.0 5 120 10074.2470033171
5.5 5 120 722.295193456487
6.0 5 120 55.0260937534604
7.0 5 120 -4.45720807169913
8.0 5 120 -1.56124967646721
9.0 5 120 -0.495381547146725
10.0 5 120 -0.1696304197875
12.0 5 120 -0.0177741091310458
15.0 5 120 0.0102743845120213
20.0 5 120 0.0137944095715317
30.0 5 120 0.0140320288417418
3.0 15 120 5514217599.50999
3.5 15 120 79492753.8632897
4.0 15 120 1597412.23849603
4.5 15 120 62708.2389591071
5.0 15 120 4021.6913469265
5.5 15 120 337.069131204334
6.0 15 120 23.5416873518574
7.0 15 120 -4.30880613624352
8.0 15 120 -1.45564622866267
9.0 15 120 -0.471410550538558
10.0 15 120 -0.163570090053969
12.0 15 120 -0.0171364772829898
15.0 15 120 0.0103285547797526
20.0 15 120 0.013797305474154
30.0 15 120 0.0140295119887671
3.0 30 120 2733260.34418773
3.5 30 120 325544.783710589
4.0 30 120 31844.0157228851
4.5 30 120 3342.10052374684
5.0 30 120 382.355885933444
5.5 30 120 36.9514768394299
6.0 30 120 -3.42151982124382
7.0 30 120 -3.64343685138885
8.0 30 120 -1.23716668475996
9.0 30 120 -0.423787546758508
10.0 30 120 -0.152289804583072
12.0 30 120 -0.0162471083300106
15.0 30 120 0.0103650906939847
20.0 30 120 0.0137975584103459
30.0 30 120 0.0140320396399744
3.0 45 120 111716.642311968
3.5 45 120 16407.2801378123
4.0 45 120 2679.54696571027
4.5 45 120 454.942789800521
5.0 45 120 70.020329094999
5.5 45 120 3.66856732557619
6.0 45 120 -5.31808979454987
7.0 45 120 -3.01610772809867
8.0 45 120 -1.09087252511993
9.0 45 120 -0.392591929649045
10.0 45 120 -0.145429348116297
12.0 45 120 -0.0159918562938627
15.0 45 120 0.0103209850427948
20.0 45 120 0.0137922242220495
30.0 45 120 0.014029531086436
3.0 60 120 90386.7389006586
3.5 60 120 12209.9574987912
4.0 60 120 1988.25454751116
4.5 60 120 352.320664475511
5.0 60 120 57.6883299806851
5.5 60 120 3.56660467620644
6.0 60 120 -4.49486549193716
7.0 60 120 -2.77932648376499
8.0 60 120 -1.04867552110758
9.0 60 120 -0.387726665920607
10.0 60 120 -0.14641598621253
12.0 60 120 -0.0168517252600706
15.0 60 120 0.0101551605665465
20.0 60 120 0.0137796119887454
30.0 60 120 0.0140320620480111
3.0 75 120 89851.3489069116
3.5 75 120 12099.5508965087
4.0 75 120 1970.96316767671
4.5 75 120 351.126120315627
5.0 75 120 58.2400497523909
5.5 75 120 3.8921690609489
6.0 75 120 -4.41240149787956
7.0 75 120 -2.83039540402066
8.0 75 120 -1.08839801621573
9.0 75 120 -0.408678279808113
10.0 75 120 -0.156630976956648
12.0 75 120 -0.0192917762289681
15.0 75 120 0.00980948259888507
20.0 75 120 0.0137568909519504
30.0 75 120 0.0140295527433256
3.0 90 120 90042.1076894528
3.5 90 120 12160.8872244057
4.0 90 120 1989.50312697824
4.5 90 120 355.948679132091
5.0 90 120 58.9450716502521
5.5 90 120 3.54322034187056
6.0 90 120 -4.9022771280764
7.0 90 120 -3.11578001734477
8.0 90 120 -1.2147676168462
9.0 90 120 -0.462578760648174
10.0 90 120 -0.180021905694441
12.0 90 120 -0.0241945938171843
15.0 90 120 0.00918437642177122
20.0 90 120 0.0137195908084528
30.0 90 120 0.0140321112267054
3.0 105 120 90974.1721305858
3.5 105 120 12456.6645172507
4.0 105 120 2079.49375662323
4.5 105 120 381.445201804147
5.0 105 120 64.9625822932192
5.5 105 120 4.09947707965532
6.0 105 120 -5.59338979151772
7.0 105 120 -3.70725046959227
8.0 105 120 -1.48244389305483
9.0 105 120 -0.574178270310119
10.0 105 120 -0.226900254241372
12.0 105 120 -0.0333929906275436
15.0 105 120 0.0081043023821005
20.0 105 120 0.0136610502820961
30.0 105 120 0.0140295916980057
3.0 120 120 96019.0066363618
3.5 120 120 14113.262468908
4.0 120 120 2599.92074710395
4.5 120 120 539.132029530261
5.0 120 120 110.178772305217
5.5 120 120 15.4698664572636
6.0 120 120 -3.84546886523696
7.0 120 120 -4.63286478592358
8.0 120 120 -2.00710274125241
9.0 120 120 -0.797851094449415
10.0 120 120 -0.319077479759397
12.0 120 120 -0.0503677442227505
15.0 120 120 0.00628354145238376
20.0 120 120 0.0135725427777525
30.0 120 120 0.0140267979558477
3.0 135 120 132437.312044363
3.5 135 120 26231.6766543876
4.0 135 120 6349.43936880371
4.5 135 120 1658.68733529324
5.0 135 120 437.314941536816
5.5 135 120 108.169846278041
6.0 135 120 20.4847569696271
7.0 135 120 -4.62107161455705
8.0 135 120 -2.89362848658061
9.0 135 120 -1.22640885932659
10.0 135 120 -0.49567724375323
12.0 135 120 -0.0808553508780336
15.0 135 120 0.0033321588782345
20.0 135 120 0.013445572256663
30.0 135 120 0.0140254342780872
3.0 150 120 499707.085011654
3.5 150 120 146799.492893435
4.0 150 120 41022.8429969342
4.5 150 120 11094.9117494363
5.0 150 120 2972.81031074897
5.5 150 120 791.73214203214
6.0 150 120 204.385196313732
7.0 150 120 6.3036731342296
8.0 150 120 -3.63714664137659
9.0 150 120 -1.93906859397899
10.0 150 120 -0.806724272061331
12.0 150 120 -0.131776988347682
15.0 150 120 -0.00108704141622995
20.0 150 120 0.0132784785913167
30.0 150 120 0.0140238678555087
3.0 165 120 5614887.01804492
3.5 165 120 1743782.38796949
4.0 165 120 434593.034142491
4.5 165 120 99892.7044262121
5.0 165 120 22904.9566215767
5.5 165 120 5411.01654539041
6.0 165 120 1319.19846289603
7.0 165 120 75.1277759470779
8.0 165 120 -1.08720467337469
9.0 165 120 -2.76562335116426
10.0 165 120 -1.26162583032734
12.0 165 120 -0.204914113834108
15.0 165 120 -0.0068035207791015
20.0 165 120 0.0130875790649418
30.0 165 120 0.0140197706192871
3.0 175 120 34076603.5647174
3.5 175 120 10063828.0568562
4.0 175 120 2153150.57929077
4.5 175 120 415783.770886211
5.0 175 120 81431.4095262078
5.5 175 120 16931.9903068268
6.0 175 120 3761.39247458272
7.0 175 120 206.156731230445
8.0 175 120 5.65868936406166
9.0 175 120 -3.08161851648799
10.0 175 120 -1.59062998191208
12.0 175 120 -0.259279256872165
15.0 175 120 -0.0107493877806444
20.0 175 120 0.0129671405981231
30.0 175 120 0.0140213796800053
3.0 5 135 27245977979232.7
3.5 5 135 2674329703.37599
4.0 5 135 10772695.0138213
4.5 5 135 217809.261504397
5.0 5 135 10074.2755806832
5.5 5 135 722.316060531088
6.0 5 135 55.0400610923428
7.0 5 135 -4.45140589878076
8.0 5 135 -1.55885017841133
9.0 5 135 -0.49435632472525
10.0 5 135 -0.169173381362797
12.0 5 135 -0.0176707535048626
15.0 5 135 0.0102891568275344
20.0 5 135 0.0137954338908681
30.0 5 135 0.0140320288417418
3.0 15 135 5514217597.20958
3.5 15 135 79492753.4192109
4.0 15 135 1597412.24733258
4.5 15 135 62708.3284200334
5.0 15 135 4021.77204725816
5.5 15 135 337.126926699093
6.0 15 135 23.5800641015093
7.0 15 135 -4.29294064291102
8.0 15 135 -1.44908182893325
9.0 15 135 -0.46859936713424
10.0 15 135 -0.162313177973726
12.0 15 135 -0.0168504519944912
15.0 15 135 0.010369786081363
20.0 15 135 0.0138001961123753
30.0 15 135 0.0140295119887671
3.0 30 135 2733255.98335627
3.5 30 135 325543.947371145
4.0 30 135 31844.037096642
4.5 30 135 3342.27322970416
5.0 30 135 382.510842706317
5.5 30 135 37.0622682765098
6.0 30 135 -3.34800430410167
7.0 30 135 -3.61305684450716
8.0 30 135 -1.22459600189989
9.0 30 135 -0.418402933397062
10.0 30 135 -0.149881571167412
12.0 30 135 -0.0156987418616536
15.0 30 135 0.0104442077576228
20.0 30 135 0.0138031114610663
30.0 30 135 0.0140320396399744
3.0 45 135 111708.333742707
3.5 45 135 16405.5216200389
4.0 45 135 2679.44952347586
4.5 45 135 455.178951048038
5.0 45 135 70.2568085419348
5.5 45 135 3.84311345552406
6.0 45 135 -5.2007455693982
7.0 45 135 -2.96723138602851
8.0 45 135 -1.07066243791623
9.0 45 135 -0.383966142739487
10.0 45 135 -0.141589434687386
12.0 45 135 -0.0151260843822868
15.0 45 135 0.0104442272152858
20.0 45 135 0.0138007260073919
30.0 45 135 0.014029531086436
3.0 60 135 90368.257194968
3.5 60 135 12205.4707687641
4.0 60 135 1987.55960886857
4.5 60 135 352.52573674038
5.0 60 135 58.0122617884272
5.5 60 135 3.82937959446231
6.0 60 135 -4.31176424278206
7.0 60 135 -2.70138649482979
8.0 60 135 -1.01645042256824
9.0 60 135 -0.374070538943607
10.0 60 135 -0.140395037603902
12.0 60 135 -0.0155220182264114
15.0 60 135 0.0103391772844276
20.0 60 135 0.0137918564451768
30.0 60 135 0.0140320620480111
3.0 75 135 89801.8677153611
3.5 75 135 12085.9810625254
4.0 75 135 1967.8270048321
4.5 75 135 350.828113265727
5.0 75 135 58.5752073131655
5.5 75 135 4.26621510218659
6.0 75 135 -4.1262950260116
7.0 75 135 -2.70190102190635
8.0 75 135 -1.03502169688279
9.0 75 135 -0.38627584942383
10.0 75 135 -0.146896494562018
12.0 75 135 -0.0172098383798195
15.0 75 135 0.0100852462022178
20.0 75 135 0.0137742497380284
30.0 75 135 0.0140320722720254
3.0 90 135 89880.4345947726
3.5 90 135 12112.3617179335
4.0 90 135 1975.93810755792
4.5 90 135 352.80896981895
5.0 90 135 58.6892495048013
5.5 90 135 3.93126102880831
6.0 90 135 -4.48321312281694
7.0 90 135 -2.89725705488807
8.0 90 135 -1.12205671639322
9.0 90 135 -0.424023362130081
10.0 90 135 -0.163581671918674
12.0 90 135 -0.0208297688693935
15.0 90 135 0.00960391970385057
20.0 90 135 0.0137440790507363
30.0 90 135 0.0140295916980057
3.0 105 135 90316.1782687173
3.5 105 135 12246.9687605858
4.0 105 135 2015.34678149878
4.5 105 135 363.034217755311
5.0 105 135 60.4328791200817
5.5 105 135 3.5150512580785
6.0 105 135 -5.23369762068127
7.0 105 135 -3.34457796124146
8.0 105 135 -1.31650746199467
9.0 105 135 -0.505183865262179
10.0 105 135 -0.198090910506068
12.0 105 135 -0.0278154930654539
15.0 105 135 0.00874767003151592
20.0 105 135 0.013695177676505
30.0 105 135 0.0140321112267054
3.0 120 135 92578.29486268
3.5 120 135 12978.8211986663
4.0 120 135 2242.80253489833
4.5 120 135 430.436198165924
5.0 120 135 78.5641666032305
5.5 120 135 7.15768303705639
6.0 120 135 -5.42642709517084
7.0 120 135 -4.17197333014821
8.0 120 135 -1.71909725914634
9.0 120 135 -0.673770764332377
10.0 120 135 -0.268105557197049
12.0 120 135 -0.0411173285419938
15.0 120 135 0.00725416647050585
20.0 120 135 0.0136184643421873
30.0 120 135 0.0140321112267054
3.0 135 135 108451.790024601
3.5 135 135 18246.3208187714
4.0 135 135 3893.07661842347
4.5 135 135 930.682635603602
5.0 135 135 225.588690442825
5.5 135 135 47.9361023854543
6.0 135 135 4.25529069471448
7.0 135 135 -4.99722915508797
8.0 135 135 -2.48962314315858
9.0 135 135 -1.018827154426
10.0 135 135 -0.409767300898824
12.0 135 135 -0.0662573644927464
15.0 135 135 0.0047064671642276
20.0 135 135 0.0135027221397936
30.0 135 135 0.0140235048131176
3.0 150 135 272558.192335625
3.5 150 135 72561.0596090876
4.0 150 135 20040.5066857852
4.5 150 135 5513.41231724792
5.0 150 135 1507.16153495959
5.5 150 135 404.0301977858
6.0 150 135 101.138593550733
7.0 150 135 -0.237150998161358
8.0 150 135 -3.50790988893822
9.0 150 135 -1.66680171341154
10.0 150 135 -0.683721550508978
12.0 150 135 -0.111878083387279
15.0 150 135 0.000583553920616304
20.0 150 135 0.0133391579056887
30.0 150 135 0.0140244124992061
3.0 165 135 3030768.69355807
3.5 165 135 947912.340877499
4.0 165 135 246159.763367845
4.5 165 135 59485.3701278132
5.0 165 135 14292.4433258134
5.5 165 135 3506.73836043618
6.0 165 135 877.06408268243
7.0 165 135 48.7701262544688
8.0 165 135 -2.30858933345774
9.0 165 135 -2.59023986800778
10.0 165 135 -1.14641807517451
12.0 165 135 -0.186303281828838
15.0 165 135 -0.00540037634692053
20.0 165 135 0.0131324181524846
30.0 165 135 0.0140201248598699
3.0 175 135 25506055.2286859
3.5 175 135 7610850.61004063
4.0 175 135 1674115.90043668
4.5 175 135 333368.084397443
5.0 175 135 67093.8811601662
5.5 175 135 14259.3188469502
6.0 175 135 3219.48273809868
7.0 175 135 178.678159665594
8.0 175 135 4.21419334687331
9.0 175 135 -3.05393366162937
10.0 175 135 -1.539229719886
12.0 175 135 -0.250620864047476
15.0 175 135 -0.0101344137384828
20.0 175 135 0.0129854156096565
30.0 175 135 0.0140215142394757
3.0 5 150 27245977979232
3.5 5 150 2674329703.23746
4.0 5 150 10772695.0109703
4.5 5 150 217809.284407646
5.0 5 150 10074.297233431
5.5 5 150 722.331787006731
6.0 5 150 55.0505645677316
7.0 5 150 -4.44704841015238
8.0 5 150 -1.55704793020403
9.0 5 150 -0.493585826725212
10.0 5 150 -0.168829632315501
12.0 5 150 -0.017592889723849
15.0 5 150 0.0103003105946148
20.0 5 150 0.0137962095283064
30.0 5 150 0.0140320288417418
3.0 15 150 5514217595.68547
3.5 15 150 79492753.1416699
4.0 15 150 1597412.26719319
4.5 15 150 62708.3971246454
5.0 15 150 4021.83148759764
5.5 15 150 337.168936279582
6.0 15 150 23.6078036564879
7.0 15 150 -4.2815108161312
8.0 15 150 -1.4443505081131
9.0 15 150 -0.466569597449686
10.0 15 150 -0.161403600231088
12.0 15 150 -0.0166424799815169
15.0 15 150 0.0103999608321729
20.0 15 150 0.0138023293774236
30.0 15 150 0.0140295119887671
3.0 30 150 2733253.46691629
3.5 30 150 325543.521196499
4.0 30 150 31844.0968450057
4.5 30 150 3342.40483875468
5.0 30 150 382.620497477645
5.5 30 150 37.1387994969321
6.0 30 150 -3.29774026303181
7.0 30 150 -3.59241138404254
8.0 30 150 -1.21604495627441
9.0 30 150 -0.414727533084661
10.0 30 150 -0.148230645989511
12.0 30 150 -0.0153193720125346
15.0 30 150 0.0104996274834461
20.0 30 150 0.0138070642435692
30.0 30 150 0.0140320396399744
3.0 45 150 111704.07252138
3.5 45 150 16404.7374923699
4.0 45 150 2679.49819818212
4.5 45 150 455.366426281619
5.0 45 150 70.4200753100681
5.5 45 150 3.95874940300437
6.0 45 150 -5.12431993890607
7.0 45 150 -2.93572351612071
8.0 45 150 -1.05762071402854
9.0 45 150 -0.378372671763384
10.0 45 150 -0.139083763251425
12.0 45 150 -0.0145535869960116
15.0 45 150 0.0105272100268031
20.0 45 150 0.0138065854107018
30.0 45 150 0.014029531086436
3.0 60 150 90359.6307496276
3.5 60 150 12203.5943255256
4.0 60 150 1987.41615035186
4.5 60 150 352.742544315024
5.0 60 150 58.2398483523944
5.5 60 150 3.99945330958765
6.0 60 150 -4.19686013995005
7.0 60 150 -2.65338294646831
8.0 60 150 -0.996604348035881
9.0 60 150 -0.365610336732529
10.0 60 150 -0.136634803943299
12.0 60 150 -0.0146770752754418
15.0 60 150 0.0104589003812036
20.0 60 150 0.0138000665885215
30.0 60 150 0.0140320620480111
3.0 75 150 89780.4845732088
3.5 75 150 12080.5269834976
4.0 75 150 1966.80611680266
4.5 75 150 350.92084747658
5.0 75 150 58.859029487484
5.5 75 150 4.51385900219421
6.0 75 150 -3.94940755042756
7.0 75 150 -2.62548628761852
8.0 75 150 -1.00340193404982
9.0 75 150 -0.372922908603147
10.0 75 150 -0.141038511390156
12.0 75 150 -0.0159301122951262
15.0 75 150 0.0102597349489184
20.0 75 150 0.0137856425821487
30.0 75 150 0.0140295527433256
3.0 90 150 89815.1832672809
3.5 90 150 12093.6206772135
4.0 90 150 1971.12341514187
4.5 90 150 351.970012612634
5.0 90 150 58.8524766277427
5.5 90 150 4.25232902352266
6.0 90 150 -4.21240402434068
7.0 90 150 -2.76942766236685
8.0 90 150 -1.06861020166892
9.0 90 150 -0.401697582844644
10.0 90 150 -0.153962114622583
12.0 90 150 -0.0188116678808027
15.0 90 150 0.00986425249406518
20.0 90 150 0.0137599306760133
30.0 90 150 0.0140321112267054
3.0 105 150 90067.1699648845
3.5 105 150 12169.5463943259
4.0 105 150 1992.43422666237
4.5 105 150 356.911379041837
5.0 105 150 59.2412638320888
5.5 105 150 3.61971853596309
6.0 105 150 -4.89377805587589
7.0 105 150 -3.1271639991928
8.0 105 150 -1.22161185223833
9.0 105 150 -0.465810919801996
10.0 105 150 -0.181490134781899
12.0 105 150 -0.0245131617531045
15.0 105 150 0.0091434291109749
20.0 105 150 0.0137171731671426
30.0 105 150 0.0140295916980057
3.0 120 150 91351.0185999849
3.5 120 150 12578.6556942116
4.0 120 150 2117.5058763158
4.5 120 150 392.756499980873
5.0 120 150 68.0255344545023
5.5 120 150 4.7248851413016
6.0 120 150 -5.61832010061537
7.0 120 150 -3.84456394908629
8.0 120 150 -1.54973893646915
9.0 120 150 -0.602430535168565
10.0 120 150 -0.238644678096083
12.0 120 150 -0.0356238069134619
15.0 120 150 0.00785441016142955
20.0 120 150 0.0136482755251132
30.0 120 150 0.0140321112267054
3.0 135 150 100252.673866679
3.5 135 150 15518.0606059678
4.0 135 150 3041.38522164028
4.5 135 150 673.494720428013
5.0 135 150 149.8039635916
5.5 135 150 26.4733178777015
6.0 135 150 -1.24649510179464
7.0 135 150 -4.87211032276753
8.0 135 150 -2.22329014622956
9.0 135 150 -0.89437168046169
10.0 135 150 -0.358655831096382
12.0 135 150 -0.0573759908603529
15.0 135 150 0.00557605854688998
20.0 135 150 0.0135406006032095
30.0 135 150 0.0140264351319776
3.0 150 150 194122.275377409
3.5 150 150 46693.8486690271
4.0 150 150 12484.6567118957
4.5 150 150 3418.08267556546
5.0 150 150 934.16675988128
5.5 150 150 247.3351428492
6.0 150 150 58.5676128614364
7.0 150 150 -2.75080464624638
8.0 150 150 -3.30620478584494
9.0 150 150 -1.48736249263933
10.0 150 150 -0.605843140029457
12.0 150 150 -0.0991450376539612
15.0 150 150 0.00168781934208165
20.0 150 150 0.0133808311627517
30.0 150 150 0.0140248013922809
3.0 165 150 1974231.57208611
3.5 165 150 617288.792412619
4.0 165 150 164333.94958155
4.5 165 150 40993.7230798366
5.0 165 150 10149.7758828438
5.5 165 150 2550.84477465471
6.0 165 150 647.485675521159
7.0 165 150 34.6022823933941
8.0 165 150 -2.89655016087145
9.0 165 150 -2.45283427130656
10.0 165 150 -1.06622716670129
12.0 165 150 -0.173416159677673
15.0 165 150 -0.00441018618731817
20.0 165 150 0.0131647877776272
30.0 165 150 0.014020386344629
3.0 175 150 20605367.3777445
3.5 175 150 6192380.51821729
4.0 175 150 1389099.12093296
4.5 175 150 282755.681672821
5.0 175 150 58035.5146363948
5.5 175 150 12530.8351782342
6.0 175 150 2862.52545721202
7.0 175 150 160.157897352384
8.0 175 150 3.24389040445949
9.0 175 150 -3.02745881672027
10.0 175 150 -1.50091207674148
12.0 175 150 -0.244213197188398
15.0 175 150 -0.00967624094395978
20.0 175 150 0.0129991437332174
30.0 175 150 0.0140216161232437
3.0 5 180 27245977979231.1
3.5 5 180 2674329703.12665
4.0 5 180 10772695.0098765
4.5 5 180 217809.303788735
5.0 5 180 10074.3153003479
5.5 5 180 722.344855072278
6.0 5 180 55.0592777165381
7.0 5 180 -4.44343735737755
8.0 5 180 -1.55555426184821
9.0 5 180 -0.492946947991387
10.0 5 180 -0.168544428306524
12.0 5 180 -0.0175282027581125
15.0 5 180 0.0103095933361174
20.0 5 180 0.0137968565358929
30.0 5 180 0.0140320288417418
3.0 15 180 5514217594.54294
3.5 15 180 79492752.9444773
4.0 15 180 1597412.2911793
4.5 15 180 62708.454752994
5.0 15 180 4021.87992445928
5.5 15 180 337.202842364185
6.0 15 180 23.6301008675457
7.0 15 180 -4.27234564940755
8.0 15 180 -1.44055503028288
9.0 15 180 -0.464939006051562
10.0 15 180 -0.160671601880186
12.0 15 180 -0.0164744827271825
15.0 15 180 0.010424460475186
20.0 15 180 0.0138040729085422
30.0 15 180 0.0140295119887671
3.0 30 180 2733251.77987428
3.5 30 180 325543.270981775
4.0 30 180 31844.1668003885
4.5 30 180 3342.51325020332
5.0 30 180 382.706806557462
5.5 30 180 37.1980793625249
6.0 30 180 -3.2590766803996
7.0 30 180 -3.57659464063471
8.0 30 180 -1.20948764840473
9.0 30 180 -0.411901392747187
10.0 30 180 -0.146956903020422
12.0 30 180 -0.0150245950492526
15.0 30 180 0.0105431075987399
20.0 30 180 0.0138102045169526
30.0 30 180 0.0140320396399744
3.0 45 180 111701.471804278
3.5 45 180 16404.3301115527
4.0 45 180 2679.58779178335
4.5 45 180 455.521231732873
5.0 45 180 70.5453145726668
5.5 45 180 4.04526513630983
6.0 45 180 -5.0677501939355
7.0 45 180 -2.91254796119191
8.0 45 180 -1.04801613251835
9.0 45 180 -0.37423739572545
10.0 45 180 -0.13722233211269
12.0 45 180 -0.0141239365138965
15.0 45 180 0.0105903573530561
20.0 45 180 0.0138111249848814
30.0 45 180 0.014029531086436
3.0 60 180 90354.7239451031
3.5 60 180 12202.6516193665
4.0 60 180 1987.43881364844
4.5 60 180 352.935941253622
5.0 60 180 58.4136164797837
5.5 60 180 4.12374945208408
6.0 60 180 -4.11436826003929
7.0 60 180 -2.61928959405144
8.0 60 180 -0.982497268232594
9.0 60 180 -0.359567911853963
10.0 60 180 -0.133932541561869
12.0 60 180 -0.0140618397425679
15.0 60 180 0.0105476492133925
20.0 60 180 0.0138062942725905
30.0 60 180 0.0140320620480111
3.0 75 180 89768.9423630672
3.5 75 180 12077.8030401638
4.0 75 180 1966.43675053109
4.5 75 180 351.092085396391
5.0 75 180 59.088527820251
5.5 75 180 4.69483612797348
6.0 75 180 -3.82459236788023
7.0 75 180 -2.57268637604487
8.0 75 180 -0.981575730958306
9.0 75 180 -0.363657907125856
10.0 75 180 -0.136943969223379
12.0 75 180 -0.0150212333820247
15.0 75 180 0.0103863866290879
20.0 75 180 0.0137941442661271
30.0 75 180 0.0140295527433256
3.0 90 180 89781.4456485507
3.5 90 180 12084.3560009139
4.0 90 180 1968.97483534251
4.5 90 180 351.759976159774
5.0 90 180 59.0766862763462
5.5 90 180 4.50469335732918
6.0 90 180 -4.0189837224294
7.0 90 180 -2.68246764260815
8.0 90 180 -1.03248463551686
9.0 90 180 -0.386538698346493
10.0 90 180 -0.147377268168449
12.0 90 180 -0.0174043680473049
15.0 90 180 0.010050464673531
20.0 90 180 0.0137716362085633
30.0 90 180 0.0140321112267054
3.0 105 180 89943.3413851055
3.5 105 180 12131.9778587102
4.0 105 180 1981.73587570529
4.5 105 180 354.308162190244
5.0 105 180 58.9221413541434
5.5 105 180 3.84089048033653
6.0 105 180 -4.61984905370079
7.0 105 180 -2.97811953527206
8.0 105 180 -1.15798766627482
9.0 105 180 -0.439379968922171
10.0 105 180 -0.17025653718638
12.0 105 180 -0.0222322898708467
15.0 105 180 0.00942467209833737
20.0 105 180 0.0137333622521238
30.0 105 180 0.0140295916980057
3.0 120 180 90761.6797635208
3.5 120 180 12388.7274738619
4.0 120 180 2058.6605350992
4.5 120 180 375.427505294421
5.0 120 180 63.4473032241683
5.5 120 180 3.87172517533945
6.0 120 180 -5.50522621766097
7.0 120 180 -3.6031490813949
8.0 120 180 -1.43452779408547
9.0 120 180 -0.554345983963534
10.0 120 180 -0.218673802509383
12.0 120 180 -0.0318213952158468
15.0 120 180 0.00828265621032863
20.0 120 180 0.0136703373110889
30.0 120 180 0.0140321112267054
3.0 135 180 96408.8620338703
3.5 135 180 14242.4547224277
4.0 135 180 2640.63389020562
4.5 135 180 551.566976477195
5.0 135 180 113.849009058101
5.5 135 180 16.481218669148
6.0 135 180 -3.61526281274332
7.0 135 180 -4.6619742108449
8.0 135 180 -2.0302937138018
9.0 135 180 -0.808109396297766
10.0 135 180 -0.323288310943041
12.0 135 180 -0.0511181026971283
15.0 135 180 0.00620722265236643
20.0 135 180 0.0135690789562443
30.0 135 180 0.014024236357737
3.0 150 180 156997.052803555
3.5 150 180 34392.7433229367
4.0 150 180 8818.65465513105
4.5 150 180 2375.03524825698
5.0 150 180 641.803267742798
5.5 150 180 165.862332768031
6.0 150 180 36.2709945458628
7.0 150 180 -3.92751156419935
8.0 150 180 -3.11160470884407
9.0 150 180 -1.35463770617068
10.0 150 180 -0.549432819300828
12.0 150 180 -0.0898275274497012
15.0 150 180 0.00251629499817022
20.0 150 180 0.0134130298397858
30.0 150 180 0.0140251110966862
3.0 165 180 1413961.76160864
3.5 165 180 440129.770508262
4.0 165 180 119163.324260175
4.5 165 180 30413.6470354897
5.0 165 180 7696.55312477757
5.5 165 180 1967.73806893766
6.0 165 180 504.124962141805
7.0 165 180 25.5702422109263
8.0 165 180 -3.22460100550328
9.0 165 180 -2.33810275872868
10.0 165 180 -1.0037559974429
12.0 165 180 -0.163397321846785
15.0 165 180 -0.00362883837619266
20.0 165 180 0.0131907884953192
30.0 165 180 0.0140206000955449
3.0 175 180 17310189.9621409
3.5 175 180 5230713.60938802
4.0 175 180 1191742.97983042
4.5 175 180 246870.430043329
5.0 175 180 51473.9905610029
5.5 175 180 11256.4009095261
6.0 175 180 2595.63191760146
7.0 175 180 146.067981483529
8.0 175 180 2.5088274398394
9.0 175 180 -3.00213331775813
10.0 175 180 -1.46936147116361
12.0 175 180 -0.2389647835573
15.0 175 180 -0.0092989513262825
20.0 175 180 0.0130105226362424
30.0 175 180 0.0140217011057607
3.0 5 210 27245977979232
3.5 5 210 2674329703.23746
4.0 5 210 10772695.0109703
4.5 5 210 217809.284407646
5.0 5 210 10074.297233431
5.5 5 210 722.331787006731
6.0 5 210 55.0505645677316
7.0 5 210 -4.44704841015238
8.0 5 210 -1.55704793020403
9.0 5 210 -0.493585826725212
10.0 5 210 -0.168829632315501
12.0 5 210 -0.017592889723849
15.0 5 210 0.0103003105946148
20.0 5 210 0.0137962095283064
30.0 5 210 0.0140320288417418
3.0 15 210 5514217595.68546
3.5 15 210 79492753.1416699
4.0 15 210 1597412.26719319
4.5 15 210 62708.3971246454
5.0 15 210 4021.83148759764
5.5 15 210 337.168936279582
6.0 15 210 23.6078036564879
7.0 15 210 -4.2815108161312
8.0 15 210 -1.4443505081131
9.0 15 210 -0.466569597449686
10.0 15 210 -0.161403600231088
12.0 15 210 -0.0166424799815169
15.0 15 210 0.0103999608321729
20.0 15 210 0.0138023293774236
30.0 15 210 0.0140295119887671
3.0 30 210 2733253.46691629
3.5 30 210 325543.521196499
4.0 30 210 31844.0968450057
4.5 30 210 3342.40483875468
5.0 30 210 382.620497477645
5.5 30 210 37.1387994969321
6.0 30 210 -3.29774026303181
7.0 30 210 -3.59241138404254
8.0 30 210 -1.21604495627441
9.0 30 210 -0.414727533084661
10.0 30 210 -0.148230645989511
12.0 30 210 -0.0153193720125346
15.0 30 210 0.0104996274834461
20.0 30 210 0.0138070642435692
30.0 30 210 0.0140320396399744
3.0 45 210 111704.07252138
3.5 45 210 16404.7374923699
4.0 45 210 2679.49819818212
4.5 45 210 455.366426281619
5.0 45 210 70.4200753100681
5.5 45 210 3.95874940300437
6.0 45 210 -5.12431993890607
7.0 45 210 -2.93572351612071
8.0 45 210 -1.05762071402854
9.0 45 210 -0.378372671763384
10.0 45 210 -0.139083763251425
12.0 45 210 -0.0145535869960116
15.0 45 210 0.0105272100268031
20.0 45 210 0.0138065854107018
30.0 45 210 0.014029531086436
3.0 60 210 90359.6307496276
3.5 60 210 12203.5943255256
4.0 60 210 1987.41615035186
4.5 60 210 352.742544315024
5.0 60 210 58.2398483523944
5.5 60 210 3.99945330958765
6.0 60 210 -4.19686013995005
7.0 60 210 -2.65338294646831
8.0 60 210 -0.996604348035881
9.0 60 210 -0.365610336732529
10.0 60 210 -0.136634803943299
12.0 60 210 -0.0146770752754418
15.0 60 210 0.0104589003812036
20.0 60 210 0.0138000665885215
30.0 60 210 0.0140320620480111
3.0 75 210 89780.4845732088
3.5 75 210 12080.5269834976
4.0 75 210 1966.80611680266
4.5 75 210 350.92084747658
5.0 75 210 58.859029487484
5.5 75 210 4.51385900219421
6.0 75 210 -3.94940755042756
7.0 75 210 -2.62548628761852
8.0 75 210 -1.00340193404982
9.0 75 210 -0.372922908603147
10.0 75 210 -0.141038511390156
12.0 75 210 -0.0159301122951262
15.0 75 210 0.0102597349489184
20.0 75 210 0.0137856425821487
30.0 75 210 0.0140295527433256
3.0 90 210 89815.1832672809
3.5 90 210 12093.6206772135
4.0 90 210 1971.12341514187
4.5 90 210 351.970012612634
5.0 90 210 58.8524766277427
5.5 90 210 4.25232902352266
6.0 90 210 -4.21240402434068
7.0 90 210 -2.76942766236685
8.0 90 210 -1.06861020166892
9.0 90 210 -0.401697582844644
10.0 90 210 -0.153962114622583
12.0 90 210 -0.0188116678808027
15.0 90 210 0.00986425249406518
20.0 90 210 0.0137599306760133
30.0 90 210 0.0140321112267054
3.0 105 210 90067.1699648845
3.5 105 210 12169.5463943259
4.0 105 210 1992.43422666237
4.5 105 210 356.911379041837
5.0 105 210 59.2412638320888
5.5 105 210 3.61971853596309
6.0 105 210 -4.89377805587589
7.0 105 210 -3.1271639991928
8.0 105 210 -1.22161185223833
9.0 105 210 -0.465810919801996
10.0 105 210 -0.181490134781899
12.0 105 210 -0.0245131617531045
15.0 105 210 0.0091434291109749
20.0 105 210 0.0137171731671426
30.0 105 210 0.0140295916980057
3.0 120 210 91351.0185999849
3.5 120 210 12578.6556942116
4.0 120 210 2117.5058763158
4.5 120 210 392.756499980873
5.0 120 210 68.0255344545023
5.5 120 210 4.7248851413016
6.0 120 210 -5.61832010061537
7.0 120 210 -3.84456394908629
8.0 120 210 -1.54973893646915
9.0 120 210 -0.602430535168565
10.0 120 210 -0.238644678096083
12.0 120 210 -0.0356238069134619
15.0 120 210 0.00785441016142955
20.0 120 210 0.0136482755251132
30.0 120 210 0.0140321112267054
3.0 135 210 100252.673866679
3.5 135 210 15518.0606059678
4.0 135 210 3041.38522164028
4.5 135 210 673.494720428013
5.0 135 210 149.8039635916
5.5 135 210 26.4733178777015
6.0 135 210 -1.24649510179464
7.0 135 210 -4.87211032276753
8.0 135 210 -2.22329014622956
9.0 135 210 -0.89437168046169
10.0 135 210 -0.358655831096382
12.0 135 210 -0.0573759908603529
15.0 135 210 0.00557605854688998
20.0 135 210 0.0135406006032095
30.0 135 210 0.0140264351319776
3.0 150 210 194122.275377409
3.5 150 210 46693.8486690271
4.0 150 210 12484.6567118957
4.5 150 210 3418.08267556546
5.0 150 210 934.16675988128
5.5 150 210 247.3351428492
6.0 150 210 58.5676128614364
7.0 150 210 -2.75080464624638
8.0 150 210 -3.30620478584494
9.0 150 210 -1.48736249263933
10.0 150 210 -0.605843140029457
12.0 150 210 -0.0991450376539612
15.0 150 210 0.00168781934208165
20.0 150 210 0.0133808311627517
30.0 150 210 0.0140248013922809
3.0 165 210 1974231.57208611
3.5 165 210 617288.792412618
4.0 165 210 164333.949581549
4.5 165 210 40993.7230798365
5.0 165 210 10149.7758828438
5.5 165 210 2550.8447746547
6.0 165 210 647.485675521156
7.0 165 210 34.6022823933939
8.0 165 210 -2.89655016087146
9.0 165 210 -2.45283427130656
10.0 165 210 -1.06622716670129
12.0 165 210 -0.173416159677672
15.0 165 210 -0.00441018618731812
20.0 165 210 0.0131647877776272
30.0 165 210 0.014020386344629
3.0 175 210 20605367.3777445
3.5 175 210 6192380.51821729
4.0 175 210 1389099.12093297
4.5 175 210 282755.681672821
5.0 175 210 58035.5146363949
5.5 175 210 12530.8351782342
6.0 175 210 2862.52545721202
7.0 175 210 160.157897352385
8.0 175 210 3.2438904044595
9.0 175 210 -3.02745881672027
10.0 175 210 -1.50091207674148
12.0 175 210 -0.244213197188398
15.0 175 210 -0.00967624094395978
20.0 175 210 0.0129991437332174
30.0 175 210 0.0140216161232437
3.0 5 225 27245977979232.6
3.5 5 225 2674329703.37599
4.0 5 225 10772695.0138213
4.5 5 225 217809.261504397
5.0 5 225 10074.2755806832
5.5 5 225 722.316060531089
6.0 5 225 55.0400610923428
7.0 5 225 -4.45140589878076
8.0 5 225 -1.55885017841133
9.0 5 225 -0.49435632472525
10.0 5 225 -0.169173381362797
12.0 5 225 -0.0176707535048626
15.0 5 225 0.0102891568275344
20.0 5 225 0.0137954338908681
30.0 5 225 0.0140320288417418
3.0 15 225 5514217597.20958
3.5 15 225 79492753.4192109
4.0 15 225 1597412.24733258
4.5 15 225 62708.3284200334
5.0 15 225 4021.77204725816
5.5 15 225 337.126926699093
6.0 15 225 23.5800641015093
7.0 15 225 -4.29294064291102
8.0 15 225 -1.44908182893325
9.0 15 225 -0.46859936713424
10.0 15 225 -0.162313177973726
12.0 15 225 -0.0168504519944912
15.0 15 225 0.010369786081363
20.0 15 225 0.0138001961123753
30.0 15 225 0.0140295119887671
3.0 30 225 2733255.98335627
3.5 30 225 325543.947371145
4.0 30 225 31844.037096642
4.5 30 225 3342.27322970416
5.0 30 225 382.510842706317
5.5 30 225 37.0622682765098
6.0 30 225 -3.34800430410167
7.0 30 225 -3.61305684450716
8.0 30 225 -1.22459600189989
9.0 30 225 -0.418402933397062
10.0 30 225 -0.149881571167412
12.0 30 225 -0.0156987418616536
15.0 30 225 0.0104442077576228
20.0 30 225 0.0138031114610663
30.0 30 225 0.0140320396399744
3.0 45 225 111708.333742707
3.5 45 225 16405.5216200389
4.0 45 225 2679.44952347586
4.5 45 225 455.178951048038
5.0 45 225 70.2568085419348
5.5 45 225 3.84311345552406
6.0 45 225 -5.2007455693982
7.0 45 225 -2.96723138602851
8.0 45 225 -1.07066243791623
9.0 45 225 -0.383966142739487
10.0 45 225 -0.141589434687386
12.0 45 225 -0.0151260843822868
15.0 45 225 0.0104442272152858
20.0 45 225 0.0138007260073919
30.0 45 225 0.014029531086436
3.0 60 225 90368.257194968
3.5 60 225 12205.4707687641
4.0 60 225 1987.55960886857
4.5 60 225 352.525736740381
5.0 60 225 58.0122617884272
5.5 60 225 3.82937959446231
6.0 60 225 -4.31176424278206
7.0 60 225 -2.70138649482979
8.0 60 225 -1.01645042256824
9.0 60 225 -0.374070538943607
10.0 60 225 -0.140395037603902
12.0 60 225 -0.0155220182264114
15.0 60 225 0.0103391772844276
20.0 60 225 0.0137918564451768
30.0 60 225 0.0140320620480111
3.0 75 225 89801.8677153611
3.5 75 225 12085.9810625254
4.0 75 225 1967.8270048321
4.5 75 225 350.828113265727
5.0 75 225 58.5752073131641
5.5 75 225 4.2662151021863
6.0 75 225 -4.12629502601163
7.0 75 225 -2.70190102190633
8.0 75 225 -1.03502169688278
9.0 75 225 -0.386275849423827
10.0 75 225 -0.146896494562017
12.0 75 225 -0.0172098383798193
15.0 75 225 0.0100852462022178
20.0 75 225 0.0137742497380284
30.0 75 225 0.0140320722720254
3.0 90 225 89880.4345947726
3.5 90 225 12112.3617179335
4.0 90 225 1975.93810755792
4.5 90 225 352.80896981895
5.0 90 225 58.6892495048013
5.5 90 225 3.93126102880831
6.0 90 225 -4.48321312281693
7.0 90 225 -2.89725705488807
8.0 90 225 -1.12205671639322
9.0 90 225 -0.424023362130081
10.0 90 225 -0.163581671918674
12.0 90 225 -0.0208297688693934
15.0 90 225 0.00960391970385057
20.0 90 225 0.0137440790507363
30.0 90 225 0.0140295916980057
3.0 105 225 90316.1782687173
3.5 105 225 12246.9687605858
4.0 105 225 2015.34678149878
4.5 105 225 363.034217755311
5.0 105 225 60.4328791200802
5.5 105 225 3.5150512580782
6.0 105 225 -5.23369762068129
7.0 105 225 -3.34457796124144
8.0 105 225 -1.31650746199466
9.0 105 225 -0.505183865262175
10.0 105 225 -0.198090910506067
12.0 105 225 -0.0278154930654537
15.0 105 225 0.00874767003151592
20.0 105 225 0.013695177676505
30.0 105 225 0.0140321112267054
3.0 120 225 92578.29486268
3.5 120 225 12978.8211986663
4.0 120 225 2242.80253489833
4.5 120 225 430.436198165924
5.0 120 225 78.5641666032303
5.5 120 225 7.15768303705639
6.0 120 225 -5.42642709517085
7.0 120 225 -4.1719733301482
8.0 120 225 -1.71909725914634
9.0 120 225 -0.673770764332377
10.0 120 225 -0.268105557197049
12.0 120 225 -0.0411173285419938
15.0 120 225 0.00725416647050585
20.0 120 225 0.0136184643421873
30.0 120 225 0.0140321112267054
3.0 135 225 108451.790024601
3.5 135 225 18246.3208187714
4.0 135 225 3893.07661842347
4.5 135 225 930.682635603602
5.0 135 225 225.588690442825
5.5 135 225 47.9361023854543
6.0 135 225 4.25529069471448
7.0 135 225 -4.99722915508797
8.0 135 225 -2.48962314315858
9.0 135 225 -1.018827154426
10.0 135 225 -0.409767300898824
12.0 135 225 -0.0662573644927464
15.0 135 225 0.0047064671642276
20.0 135 225 0.0135027221397936
30.0 135 225 0.0140235048131176
3.0 150 225 272558.192335625
3.5 150 225 72561.0596090876
4.0 150 225 20040.5066857852
4.5 150 225 5513.41231724792
5.0 150 225 1507.16153495959
5.5 150 225 404.0301977858
6.0 150 225 101.138593550733
7.0 150 225 -0.237150998161358
8.0 150 225 -3.50790988893822
9.0 150 225 -1.66680171341154
10.0 150 225 -0.683721550508978
12.0 150 225 -0.111878083387279
15.0 150 225 0.000583553920616304
20.0 150 225 0.0133391579056887
30.0 150 225 0.0140244124992061
3.0 165 225 3030768.69355804
3.5 165 225 947912.340877487
4.0 165 225 246159.763367843
4.5 165 225 59485.3701278127
5.0 165 225 14292.4433258133
5.5 165 225 3506.73836043613
6.0 165 225 877.06408268242
7.0 165 225 48.7701262544681
8.0 165 225 -2.30858933345775
9.0 165 225 -2.59023986800778
10.0 165 225 -1.14641807517451
12.0 165 225 -0.186303281828838
15.0 165 225 -0.00540037634692049
20.0 165 225 0.0131324181524846
30.0 165 225 0.0140201248598699
3.0 175 225 25506055.2286859
3.5 175 225 7610850.61004063
4.0 175 225 1674115.90043668
4.5 175 225 333368.084397443
5.0 175 225 67093.8811601662
5.5 175 225 14259.3188469502
6.0 175 225 3219.48273809868
7.0 175 225 178.678159665594
8.0 175 225 4.21419334687331
9.0 175 225 -3.05393366162937
10.0 175 225 -1.539229719886
12.0 175 225 -0.250620864047476
15.0 175 225 -0.0101344137384828
20.0 175 225 0.0129854156096565
30.0 175 225 0.0140215142394757
3.0 5 240 27245977979233.6
3.5 5 240 2674329703.56861
4.0 5 240 10772695.0202295
4.5 5 240 217809.231834059
5.0 5 240 10074.2470033171
5.5 5 240 722.295193456487
6.0 5 240 55.0260937534604
7.0 5 240 -4.45720807169913
8.0 5 240 -1.56124967646721
9.0 5 240 -0.495381547146725
10.0 5 240 -0.1696304197875
12.0 5 240 -0.0177741091310458
15.0 5 240 0.0102743845120213
20.0 5 240 0.0137944095715317
30.0 5 240 0.0140320288417418
3.0 15 240 5514217599.50999
3.5 15 240 79492753.8632897
4.0 15 240 1597412.23849603
4.5 15 240 62708.2389591071
5.0 15 240 4021.6913469265
5.5 15 240 337.069131204334
6.0 15 240 23.5416873518574
7.0 15 240 -4.30880613624352
8.0 15 240 -1.45564622866267
9.0 15 240 -0.471410550538558
10.0 15 240 -0.163570090053969
12.0 15 240 -0.0171364772829898
15.0 15 240 0.0103285547797526
20.0 15 240 0.013797305474154
30.0 15 240 0.0140295119887671
3.0 30 240 2733260.34418773
3.5 30 240 325544.783710589
4.0 30 240 31844.0157228851
4.5 30 240 3342.10052374684
5.0 30 240 382.355885933444
5.5 30 240 36.9514768394299
6.0 30 240 -3.42151982124382
7.0 30 240 -3.64343685138885
8.0 30 240 -1.23716668475996
9.0 30 240 -0.423787546758508
10.0 30 240 -0.152289804583072
12.0 30 240 -0.0162471083300106
15.0 30 240 0.0103650906939847
20.0 30 240 0.0137975584103459
30.0 30 240 0.0140320396399744
3.0 45 240 111716.642311968
3.5 45 240 16407.2801378123
4.0 45 240 2679.54696571027
4.5 45 240 454.942789800521
5.0 45 240 70.020329094999
5.5 45 240 3.66856732557619
6.0 45 240 -5.31808979454987
7.0 45 240 -3.01610772809867
8.0 45 240 -1.09087252511993
9.0 45 240 -0.392591929649045
10.0 45 240 -0.145429348116297
12.0 45 240 -0.0159918562938627
15.0 45 240 0.0103209850427948
20.0 45 240 0.0137922242220495
30.0 45 240 0.014029531086436
3.0 60 240 90386.7389006586
3.5 60 240 12209.9574987912
4.0 60 240 1988.25454751116
4.5 60 240 352.320664475511
5.0 60 240 57.6883299806851
5.5 60 240 3.56660467620629
6.0 60 240 -4.49486549193717
7.0 60 240 -2.77932648376498
8.0 60 240 -1.04867552110757
9.0 60 240 -0.387726665920606
10.0 60 240 -0.146415986212529
12.0 60 240 -0.0168517252600705
15.0 60 240 0.0101551605665465
20.0 60 240 0.0137796119887454
30.0 60 240 0.0140320620480111
3.0 75 240 89851.3489069116
3.5 75 240 12099.5508965087
4.0 75 240 1970.96316767671
4.5 75 240 351.126120315621
5.0 75 240 58.2400497523909
5.5 75 240 3.8921690609489
6.0 75 240 -4.41240149787958
7.0 75 240 -2.83039540402065
8.0 75 240 -1.08839801621573
9.0 75 240 -0.408678279808113
10.0 75 240 -0.156630976956647
12.0 75 240 -0.019291776228968
15.0 75 240 0.0098094825988851
20.0 75 240 0.0137568909519504
30.0 75 240 0.0140320722720254
3.0 90 240 90042.1076894562
3.5 90 240 12160.8872244061
4.0 90 240 1989.50312697831
4.5 90 240 355.948679132101
5.0 90 240 58.945071650254
5.5 90 240 3.54322034187091
6.0 90 240 -4.9022771280764
7.0 90 240 -3.11578001734477
8.0 90 240 -1.21476761684621
9.0 90 240 -0.462578760648177
10.0 90 240 -0.180021905694442
12.0 90 240 -0.0241945938171843
15.0 90 240 0.00918437642177122
20.0 90 240 0.0137195908084528
30.0 90 240 0.0140295916980057
3.0 105 240 90974.1721305858
3.5 105 240 12456.6645172507
4.0 105 240 2079.49375662323
4.5 105 240 381.44520180414
5.0 105 240 64.9625822932192
5.5 105 240 4.09947707965532
6.0 105 240 -5.59338979151774
7.0 105 240 -3.70725046959225
8.0 105 240 -1.48244389305482
9.0 105 240 -0.574178270310119
10.0 105 240 -0.226900254241371
12.0 105 240 -0.0333929906275434
15.0 105 240 0.00810430238210054
20.0 105 240 0.0136610502820961
30.0 105 240 0.0140321112267054
3.0 120 240 96019.0066363618
3.5 120 240 14113.262468908
4.0 120 240 2599.92074710395
4.5 120 240 539.132029530261
5.0 120 240 110.178772305217
5.5 120 240 15.4698664572631
6.0 120 240 -3.84546886523706
7.0 120 240 -4.63286478592356
8.0 120 240 -2.0071027412524
9.0 120 240 -0.797851094449411
10.0 120 240 -0.319077479759395
12.0 120 240 -0.0503677442227503
15.0 120 240 0.00628354145238379
20.0 120 240 0.0135725427777525
30.0 120 240 0.0140267979558477
3.0 135 240 132437.312044363
3.5 135 240 26231.6766543876
4.0 135 240 6349.43936880371
4.5 135 240 1658.68733529327
5.0 135 240 437.314941536826
5.5 135 240 108.169846278041
6.0 135 240 20.4847569696278
7.0 135 240 -4.62107161455703
8.0 135 240 -2.89362848658062
9.0 135 240 -1.22640885932659
10.0 135 240 -0.495677243753233
12.0 135 240 -0.080855350878034
15.0 135 240 0.0033321588782344
20.0 135 240 0.013445572256663
30.0 135 240 0.0140229147493875
3.0 150 240 499707.085011654
3.5 150 240 146799.492893435
4.0 150 240 41022.8429969342
4.5 150 240 11094.9117494363
5.0 150 240 2972.81031074897
5.5 150 240 791.73214203214
6.0 150 240 204.385196313732
7.0 150 240 6.3036731342296
8.0 150 240 -3.63714664137659
9.0 150 240 -1.93906859397899
10.0 150 240 -0.806724272061331
12.0 150 240 -0.131776988347682
15.0 150 240 -0.00108704141622995
20.0 150 240 0.0132784785913167
30.0 150 240 0.0140238678555087
3.0 165 240 5614887.01804485
3.5 165 240 1743782.38796947
4.0 165 240 434593.034142485
4.5 165 240 99892.7044262107
5.0 165 240 22904.9566215765
5.5 165 240 5411.01654539032
6.0 165 240 1319.19846289602
7.0 165 240 75.1277759470768
8.0 165 240 -1.08720467337475
9.0 165 240 -2.76562335116425
10.0 165 240 -1.26162583032734
12.0 165 240 -0.204914113834107
15.0 165 240 -0.00680352077910144
20.0 165 240 0.0130875790649419
30.0 165 240 0.0140197706192871
3.0 175 240 34076603.5647174
3.5 175 240 10063828.0568562
4.0 175 240 2153150.57929077
4.5 175 240 415783.770886211
5.0 175 240 81431.4095262078
5.5 175 240 16931.9903068268
6.0 175 240 3761.39247458272
7.0 175 240 206.156731230445
8.0 175 240 5.65868936406166
9.0 175 240 -3.08161851648799
10.0 175 240 -1.59062998191208
12.0 175 240 -0.259279256872165
15.0 175 240 -0.0107493877806444
20.0 175 240 0.0129671405981231
30.0 175 240 0.0140213796800053
3.0 5 270 27245977979235.7
3.5 5 270 2674329704.09519
4.0 5 270 10772695.049683
4.5 5 270 217809.161364642
5.0 5 270 10074.1763662382
5.5 5 270 722.2430418068
6.0 5 270 54.9910295108953
7.0 5 270 -4.47181364758844
8.0 5 270 -1.56728871704652
9.0 5 270 -0.497958833478643
10.0 5 270 -0.17077762751484
12.0 5 270 -0.0180327094360969
15.0 5 270 0.0102375849259724
20.0 5 270 0.0137918721781074
30.0 5 270 0.0140320288417418
3.0 15 270 5514217606.915
3.5 15 270 79492755.4340872
4.0 15 270 1597412.32826254
4.5 15 270 62708.0304394426
5.0 15 270 4021.4818225047
5.5 15 270 336.914336522683
6.0 15 270 23.4375828083353
7.0 15 270 -4.35217744470144
8.0 15 270 -1.47357959046768
9.0 15 270 -0.479063797033711
10.0 15 270 -0.166976589813135
12.0 15 270 -0.0179043014759839
15.0 15 270 0.0102193002868009
20.0 15 270 0.0137897726937418
30.0 15 270 0.0140295119887671
3.0 30 270 2733278.8954187
3.5 30 270 325548.999049877
4.0 30 270 31844.4739857327
4.5 30 270 3341.73458682012
5.0 30 270 381.929766021774
5.5 30 270 36.6250429015437
6.0 30 270 -3.64421129770048
7.0 30 270 -3.73702502705029
8.0 30 270 -1.27585683417991
9.0 30 270 -0.440247867447943
10.0 30 270 -0.159586160863159
12.0 30 270 -0.0178772569107748
15.0 30 270 0.01013589365766
20.0 30 270 0.0137819945066212
30.0 30 270 0.0140320396399744
3.0 45 270 111762.214396389
3.5 45 270 16418.8035801488
4.0 45 270 2681.63884604592
4.5 45 270 454.688864607558
5.0 45 270 69.3798840198806
5.5 45 270 3.11869461772276
6.0 45 270 -5.70879649210066
7.0 45 270 -3.18438944350852
8.0 45 270 -1.16050824220069
9.0 45 270 -0.422028090510283
10.0 45 270 -0.15836060842297
12.0 45 270 -0.0188252553896243
15.0 45 270 0.00993301035273027
20.0 45 270 0.0137667469133896
30.0 45 270 0.014029531086436
3.0 60 270 90514.2915378276
3.5 60 270 12245.6726324235
4.0 60 270 1996.925324102
4.5 60 270 353.472927381558
5.0 60 270 57.0641229679249
5.5 60 270 2.75042278591642
6.0 60 270 -5.14087702303616
7.0 60 270 -3.07483049585123
8.0 60 270 -1.17175209878567
9.0 60 270 -0.439307213661301
10.0 60 270 -0.168767120143082
12.0 60 270 -0.0216021744643816
15.0 60 270 0.0095311367426428
20.0 60 270 0.0137407171770663
30.0 60 270 0.0140320620480111
3.0 75 270 90275.9256600314
3.5 75 270 12228.2120876602
4.0 75 270 2007.49568640528
4.5 75 270 359.946213619627
5.0 75 270 59.2673367494804
5.5 75 270 3.0929110831248
6.0 75 270 -5.37660606841121
7.0 75 270 -3.35111232041032
8.0 75 270 -1.31056483183925
9.0 75 270 -0.501071901497788
10.0 75 270 -0.195966968579717
12.0 75 270 -0.0273109076245595
15.0 75 270 0.00881465681892237
20.0 75 270 0.0136991362375893
30.0 75 270 0.0140295527433256
3.0 90 270 91769.4182258971
3.5 90 270 12713.2885059076
4.0 90 270 2158.99913349429
4.5 90 270 404.903691175608
5.0 90 270 71.2285607785213
5.5 90 270 5.33518224764728
6.0 90 270 -5.67758995422907
7.0 90 270 -3.9981820077306
8.0 90 270 -1.62240864626656
9.0 90 270 -0.632370408421438
10.0 90 270 -0.250926264993224
12.0 90 270 -0.0379135440932326
15.0 90 270 0.00760242967881593
20.0 90 270 0.0136356088332324
30.0 90 270 0.0140321112267054
3.0 105 270 99800.58963822
3.5 105 270 15367.4707860487
4.0 105 270 2993.97795827374
4.5 105 270 659.007027836923
5.0 105 270 145.478820723446
5.5 105 270 25.2326752291046
6.0 105 270 -1.56824348787651
7.0 105 270 -4.86458006915887
8.0 105 270 -2.20713532524532
9.0 105 270 -0.886748809935513
10.0 105 270 -0.355505652758651
12.0 105 270 -0.056826084898781
15.0 105 270 0.00562962340782803
20.0 105 270 0.0135428825678653
30.0 105 270 0.0140239466745878
3.0 120 270 153970.903316087
3.5 120 270 33388.0616168066
4.0 120 270 8516.42038542038
4.5 120 270 2287.99158264936
5.0 120 270 617.112659203189
5.5 120 270 158.916299032886
6.0 120 270 34.3613948978023
7.0 120 270 -4.02336547684232
8.0 120 270 -3.09154157733001
9.0 120 270 -1.34176177918825
10.0 120 270 -0.543994419912674
12.0 120 270 -0.0889304608394748
15.0 120 270 0.00259563335253702
20.0 120 270 0.0134160511269683
30.0 120 270 0.0140251437163873
3.0 135 270 616855.910969605
3.5 135 270 184800.168031997
4.0 135 270 51494.6681747968
4.5 135 270 13793.045158711
5.0 135 270 3659.34186156752
5.5 135 270 968.526114728191
6.0 135 270 250.591622892408
7.0 135 270 9.28534712870857
8.0 135 270 -3.62104626759933
9.0 135 270 -2.02558515652473
10.0 135 270 -0.847401823879669
12.0 135 270 -0.138323405597259
15.0 135 270 -0.00162448191925503
20.0 135 270 0.0132594469933573
30.0 135 270 0.0140211833504726
3.0 150 270 5035520.0463569
3.5 150 270 1566595.66729233
4.0 150 270 393448.638664372
4.5 150 270 91271.7446775708
5.0 150 270 21107.7888066786
5.5 150 270 5021.20738660349
6.0 150 270 1230.0788891268
7.0 150 270 69.9039612986399
8.0 150 270 -1.33814294557546
9.0 150 270 -2.73683073814374
10.0 150 270 -1.2413457042332
12.0 150 270 -0.201628843605765
15.0 150 270 -0.00655842001105813
20.0 150 270 0.0130952964560258
30.0 150 270 0.0140223509796028
3.0 165 270 35003389.9160688
3.5 165 270 10327260.3742881
4.0 165 270 2203704.73530259
4.5 165 270 424314.168006729
5.0 165 270 82889.7589776593
5.5 165 270 17199.9642265601
6.0 165 270 3815.115297335
7.0 165 270 208.842109958942
8.0 165 270 5.79996900791397
9.0 165 270 -3.0837131579069
10.0 165 270 -1.595360993513
12.0 165 270 -0.260080442710756
15.0 165 270 -0.0108061855933436
20.0 165 270 0.0129654515922423
30.0 165 270 0.0140188479049594
3.0 175 270 72955949.3244831
3.5 175 270 20894905.7425448
4.0 175 270 4131181.51535259
4.5 175 270 732244.85983475
5.0 175 270 133086.364621706
5.5 175 270 26077.8072826465
6.0 175 270 5543.15145817671
7.0 175 270 292.086596832313
8.0 175 270 10.1774662766578
9.0 175 270 -3.10681969969112
10.0 175 270 -1.72156470396365
12.0 175 270 -0.281714175929586
15.0 175 270 -0.0123220786156913
20.0 175 270 0.0129211573436189
30.0 175 270 0.0140210463069699
3.0 5 300 27245977979238.9
3.5 5 300 2674329704.71993
4.0 5 300 10772695.1020508
4.5 5 300 217809.093286409
5.0 5 300 10074.1034818768
5.5 5 300 722.188305575726
6.0 5 300 54.9539767607979
7.0 5 300 -4.48731122544542
8.0 5 300 -1.5736953387546
9.0 5 300 -0.500688548361899
10.0 5 300 -0.171990084997099
12.0 5 300 -0.018304771418494
15.0 5 300 0.0101991103384799
20.0 5 300 0.0137892404417249
30.0 5 300 0.0140320288417418
3.0 15 300 5514217617.96522
3.5 15 300 79492758.0186519
4.0 15 300 1597412.66260754
4.5 15 300 62707.8536146807
5.0 15 300 4021.2539832155
5.5 15 300 336.736032902503
6.0 15 300 23.314959635622
7.0 15 300 -4.40396107203523
8.0 15 300 -1.49498519249823
9.0 15 300 -0.488154969623601
10.0 15 300 -0.170997165237773
12.0 15 300 -0.0187981296794556
15.0 15 300 0.0100944854340322
20.0 15 300 0.0137813719174633
30.0 15 300 0.0140295119887671
3.0 30 300 2733319.52558864
3.5 30 300 325559.603692399
4.0 30 300 31846.6111894099
4.5 30 300 3341.68937540004
5.0 30 300 381.472727945025
5.5 30 300 36.2054108945799
6.0 30 300 -3.94878107793739
7.0 30 300 -3.86984133902977
8.0 30 300 -1.33086155603914
9.0 30 300 -0.463437282689567
10.0 30 300 -0.169733679332845
12.0 30 300 -0.0200817632294934
15.0 30 300 0.009837568586908
20.0 30 300 0.0137626987236363
30.0 30 300 0.0140320396399744
3.0 45 300 111906.488166411
3.5 45 300 16460.3040282186
4.0 45 300 2692.32967030939
4.5 45 300 456.571874042843
5.0 45 300 69.0361039784772
5.5 45 300 2.41930981837488
6.0 45 300 -6.30108460455377
7.0 45 300 -3.46453182917661
8.0 45 300 -1.27770146173775
9.0 45 300 -0.470995219410469
10.0 45 300 -0.179463857470078
12.0 45 300 -0.0232547303783456
15.0 45 300 0.00936110928128992
20.0 45 300 0.0137318715193115
30.0 45 300 0.014029531086436
3.0 60 300 91099.9725684624
3.5 60 300 12426.7803189721
4.0 60 300 2050.0472103257
4.5 60 300 367.37793528915
5.0 60 300 59.5590306649149
5.5 60 300 2.31455515447214
6.0 60 300 -6.05753774058549
7.0 60 300 -3.63174974791378
8.0 60 300 -1.41329808830405
9.0 60 300 -0.539616535545311
10.0 60 300 -0.211190225362059
12.0 60 300 -0.0301068960336079
15.0 60 300 0.00850043437814189
20.0 60 300 0.0136825904289434
30.0 60 300 0.0140320620480111
3.0 75 300 93190.2038441853
3.5 75 300 13172.7716633483
4.0 75 300 2301.37629392359
4.5 75 300 447.241971524587
5.0 75 300 82.9365081044982
5.5 75 300 8.00690585266062
6.0 75 300 -5.47108590169236
7.0 75 300 -4.34934195891748
8.0 75 300 -1.80120786409479
9.0 75 300 -0.706722965426984
10.0 75 300 -0.281300186819632
12.0 75 300 -0.0434811359252899
15.0 75 300 0.00700499244821459
20.0 75 300 0.0136064911430577
30.0 75 300 0.0140246578815074
3.0 90 300 110577.264504855
3.5 90 300 18952.7560848549
4.0 90 300 4111.84101816122
4.5 90 300 996.019077625064
5.0 90 300 244.626015803482
5.5 90 300 53.2793618774428
6.0 90 300 5.62167137396412
7.0 90 300 -5.01929565678683
8.0 90 300 -2.54958424291405
9.0 90 300 -1.04678539236142
10.0 90 300 -0.421174175028401
12.0 90 300 -0.0682184611049121
15.0 90 300 0.00451593663678561
20.0 90 300 0.0134944319306701
30.0 90 300 0.0140259473700548
3.0 105 300 265991.634425571
3.5 105 300 70400.6642528004
4.0 105 300 19415.6045654465
4.5 105 300 5342.24097313053
5.0 105 300 1460.88331779228
5.5 105 300 391.471049808925
6.0 105 300 97.7270947189814
7.0 105 300 -0.45449822450604
8.0 105 300 -3.50058496293517
9.0 105 300 -1.65612506739571
10.0 105 300 -0.67896379329214
12.0 105 300 -0.111115792980366
15.0 105 300 0.000645807608675111
20.0 105 300 0.0133412546587977
30.0 105 300 0.0140219181052758
3.0 120 300 2216245.43246993
3.5 120 300 693380.160504706
4.0 120 300 183418.374002167
4.5 120 300 45375.5002846385
5.0 120 300 11146.340324423
5.5 120 300 2783.77423409479
6.0 120 300 703.992969084841
7.0 120 300 38.1188443652001
8.0 120 300 -2.75894547168676
9.0 120 300 -2.4916872955953
10.0 120 300 -1.08812204145725
12.0 120 300 -0.176940179836335
15.0 120 300 -0.00468496268141307
20.0 120 300 0.0131555674255533
30.0 120 300 0.0140228339796594
3.0 135 300 32177781.9209137
3.5 135 300 9523057.60373984
4.0 135 300 2048867.54608001
4.5 135 300 398092.570340383
5.0 135 300 78392.4137468681
5.5 135 300 16371.3683065527
6.0 135 300 3648.64952703306
7.0 135 300 200.497211732916
8.0 135 300 5.36024260812408
9.0 135 300 -3.07720416939443
10.0 135 300 -1.58063994550531
12.0 135 300 -0.257594542442453
15.0 135 300 -0.0106315241922844
20.0 135 300 0.0129705235864931
30.0 135 300 0.0140214059693516
3.0 150 300 311607388.380571
3.5 150 300 82959200.4927482
4.0 150 300 13750441.0627783
4.5 150 300 2030050.37952667
5.0 150 300 316538.267203272
5.5 150 300 55091.4403855681
6.0 150 300 10729.8707812102
7.0 150 300 516.57763998445
8.0 150 300 21.7718591220451
9.0 150 300 -2.95621747400086
10.0 150 300 -1.95016452924629
12.0 150 300 -0.322594391102463
15.0 150 300 -0.015119424300522
20.0 150 300 0.0128417748376002
30.0 150 300 0.0140204877559725
3.0 165 300 481374876.831625
3.5 165 300 124886099.651787
4.0 165 300 19497766.5592962
4.5 165 300 2712209.15168931
5.0 165 300 403025.742258951
5.5 165 300 67644.022587738
6.0 165 300 12830.821529162
7.0 165 300 600.119004074456
8.0 165 300 25.9851137424835
9.0 165 300 -2.86096684650467
10.0 165 300 -2.01228223904674
12.0 165 300 -0.334191479559164
15.0 165 300 -0.015897824323975
20.0 165 300 0.0128202481418342
30.0 165 300 0.0140178195228028
3.0 175 300 173857227.191271
3.5 175 300 47777962.9221542
4.0 175 300 8536753.20860837
4.5 175 300 1360480.4836662
5.0 175 300 225952.289406415
5.5 175 300 41269.8420464194
6.0 175 300 8327.78655276477
7.0 175 300 416.391698191042
8.0 175 300 16.6453657509443
9.0 175 300 -3.04810870975768
10.0 175 300 -1.86199080660061
12.0 175 300 -0.306521779135043
15.0 175 300 -0.0140291256185185
20.0 175 300 0.0128723896151637
30.0 175 300 0.0140207004664785
3.0 5 315 27245977979240.2
3.5 5 315 2674329705.01108
4.0 5 315 10772695.131485
4.5 5 315 217809.066039286
5.0 5 315 10074.0726649752
5.5 5 315 722.16485476259
6.0 5 315 54.938020136855
7.0 5 315 -4.4940061026958
8.0 5 315 -1.57646273087743
9.0 5 315 -0.501866325505444
10.0 5 315 -0.172512423841219
12.0 5 315 -0.0184215976025555
15.0 5 315 0.0101826621677657
20.0 5 315 0.0137881217470295
30.0 5 315 0.0140320288417418
3.0 15 315 5514217624.01775
3.5 15 315 79492759.5104299
4.0 15 315 1597412.9087708
4.5 15 315 62707.7988718405
5.0 15 315 4021.15572475592
5.5 15 315 336.654832119046
6.0 15 315 23.2580085095151
7.0 15 315 -4.42829756068035
8.0 15 315 -1.50504832687304
9.0 15 315 -0.49241477387868
10.0 15 315 -0.17287243885031
12.0 15 315 -0.0192109053753667
15.0 15 315 0.0100376227126831
20.0 15 315 0.0137776106206668
30.0 15 315 0.0140295119887671
3.0 30 315 2733348.62768534
3.5 30 315 325567.683319847
4.0 30 315 31848.535560855
4.5 30 315 3341.91735020958
5.0 30 315 381.308615811961
5.5 30 315 36.0058245963402
6.0 30 315 -4.10442691558613
7.0 30 315 -3.9404712198932
8.0 30 315 -1.36023591216708
9.0 30 315 -0.475749714991941
10.0 30 315 -0.175072223590681
12.0 30 315 -0.0212179760466944
15.0 30 315 0.00968808121225056
20.0 30 315 0.0137533692061918
30.0 30 315 0.0140320396399744
3.0 45 315 112041.71270662
3.5 45 315 16501.2559997052
4.0 45 315 2703.95602269957
4.5 45 315 459.378369837906
5.0 45 315 69.3620783117721
5.5 45 315 2.16388269260394
6.0 45 315 -6.60882520234502
7.0 45 315 -3.63064408627782
8.0 45 315 -1.34853034980858
9.0 45 315 -0.500424203688607
10.0 45 315 -0.191978774837597
12.0 45 315 -0.0257993280649668
15.0 45 315 0.00904673357427904
20.0 45 315 0.0137137309888095
30.0 45 315 0.014029531086436
3.0 60 315 91832.9221095029
3.5 60 315 12661.7528986936
4.0 60 315 2122.42819426605
4.5 60 315 388.447741397736
5.0 60 315 64.9531511936385
5.5 60 315 3.18530594865853
6.0 60 315 -6.31925095672732
7.0 60 315 -3.98045673412346
8.0 60 315 -1.57600220178504
9.0 60 315 -0.607377883809908
10.0 60 315 -0.239407520521454
12.0 60 315 -0.0355245361438886
15.0 60 315 0.00788288043085418
20.0 60 315 0.0136503036494319
30.0 60 315 0.0140320620480111
3.0 75 315 98280.3276834813
3.5 75 315 14855.9593736733
4.0 75 315 2831.10724580155
4.5 75 315 608.593190942338
5.0 75 315 130.202192227277
5.5 75 315 20.7656241234873
6.0 75 315 -2.7629986989062
7.0 75 315 -4.85198053196253
8.0 75 315 -2.15225975338751
9.0 75 315 -0.859801044328022
10.0 75 315 -0.344118852711525
12.0 75 315 -0.0547735837755856
15.0 75 315 0.00583727708219227
20.0 75 315 0.0135521977936684
30.0 75 315 0.0140265454093476
3.0 90 315 160028.969501978
3.5 90 315 35397.5043766552
4.0 90 315 9119.7494790143
4.5 90 315 2461.23200730984
5.0 90 315 666.031004350839
5.5 90 315 172.576558574493
6.0 90 315 38.0658797569581
7.0 90 315 -3.86182164635391
8.0 90 315 -3.14075444828739
9.0 90 315 -1.37061301794726
10.0 90 315 -0.556040106097759
12.0 90 315 -0.0909336284268675
15.0 90 315 0.0024130929609285
20.0 90 315 0.0134086857749138
30.0 90 315 0.0140225603412525
3.0 105 315 1007131.51238223
3.5 105 315 310407.138826499
4.0 105 315 85262.6499322929
4.5 105 315 22231.7723747993
5.0 105 315 5743.44904593673
5.5 105 315 1491.66437545629
6.0 105 315 384.740774603039
7.0 105 315 17.9334221569762
8.0 105 315 -3.45788350632343
9.0 105 315 -2.21639942901256
10.0 105 315 -0.940674031903764
12.0 105 315 -0.15330094305005
15.0 105 315 -0.0028343632747721
20.0 105 315 0.0132173863575327
30.0 105 315 0.0140233478074116
3.0 120 315 20665742.6658182
3.5 120 315 6209937.09276891
4.0 120 315 1392668.81547673
4.5 120 315 283397.950513076
5.0 120 315 58151.8051658989
5.5 120 315 12553.2253151686
6.0 120 315 2867.17522994786
7.0 120 315 160.397204565085
8.0 120 315 3.25489723419169
9.0 120 315 -3.028522737121
10.0 120 315 -1.50170960175898
12.0 120 315 -0.244354156287718
15.0 120 315 -0.00968914825897156
20.0 120 315 0.0129985540999401
30.0 120 315 0.0140216147100269
3.0 135 315 654946149.133881
3.5 135 315 166635800.919551
4.0 135 315 24886008.3553592
4.5 135 315 3314670.00503991
5.0 135 315 475806.095315312
5.5 135 315 77826.6249312159
6.0 135 315 14489.121483763
7.0 135 315 663.818364903367
8.0 135 315 29.1598047431053
9.0 135 315 -2.78071279664715
10.0 135 315 -2.05451291282503
12.0 135 315 -0.342224985897471
15.0 135 315 -0.0164353168932309
20.0 135 315 0.0128053781802462
30.0 135 315 0.0140177191445535
3.0 150 315 6917853838.99383
3.5 150 315 1460153205.84869
4.0 150 315 146262964.339094
4.5 150 315 13544825.3205526
5.0 150 315 1479713.96915359
5.5 150 315 199083.36395257
6.0 150 315 32283.7278038855
7.0 150 315 1266.21017042299
8.0 150 315 57.8009715004525
9.0 150 315 -1.86092133236947
10.0 150 315 -2.32441524554015
12.0 150 315 -0.397286897688735
15.0 150 315 -0.0200397054079568
20.0 150 315 0.0127088282680775
30.0 150 315 0.0140195929754774
3.0 165 315 2217432343.91223
3.5 165 315 516746630.632
4.0 165 315 63615939.7011249
4.5 165 315 7065930.65329806
5.0 165 315 881743.236602525
5.5 165 315 130240.236845057
6.0 165 315 22543.0456553751
7.0 165 315 951.756461423259
8.0 165 315 43.1417986066677
9.0 165 315 -2.36436445256931
10.0 165 315 -2.20556962674359
12.0 165 315 -0.372126596201618
15.0 165 315 -0.018406032275587
20.0 165 315 0.0127521548287861
30.0 165 315 0.0140173592938903
3.0 175 315 259048418.455543
3.5 175 315 69687553.9961939
4.0 175 315 11836046.3539558
4.5 175 315 1791000.73778127
5.0 175 315 284955.27018097
5.5 175 315 50361.4314618765
6.0 175 315 9919.43944532279
7.0 175 315 483.387499697163
8.0 175 315 20.082672467827
9.0 175 315 -2.98972849569533
10.0 175 315 -1.92279441658927
12.0 175 315 -0.317558298221346
15.0 175 315 -0.014778685153034
20.0 175 315 0.0128513276532348
30.0 175 315 0.0140205534352195
