# Fix print output for fix 333
1.0 5 0 20035344034583
2.0 5 0 1.05106384957084e+15
3.0 5 0 1.30188712197444e+18
4.0 5 0 590692499665.178
5.0 5 0 771964116.231618
6.0 5 0 10799847.9415531
7.0 5 0 462726.586954493
8.0 5 0 37753.4840688419
9.0 5 0 4595.08373086286
10.0 5 0 704.864261993889
12.0 5 0 8.75233391940785
15.0 5 0 -6.96292073471713
20.0 5 0 -1.62843423855788
30.0 5 0 -0.358613694398442
1.0 15 0 20025393289153.2
2.0 15 0 55987384439337.5
3.0 15 0 274778537588442
4.0 15 0 92484427591.4185
5.0 15 0 334331813.195757
6.0 15 0 6505820.51581277
7.0 15 0 324557.809529612
8.0 15 0 28791.4470840669
9.0 15 0 3679.4177557401
10.0 15 0 577.778269305151
12.0 15 0 4.68506147236914
15.0 15 0 -6.92640314864893
20.0 15 0 -1.62155017397456
30.0 15 0 -0.39425873068906
1.0 30 0 20009548886784.4
2.0 30 0 407639495559.681
3.0 30 0 150773112886.699
4.0 30 0 2113006114.56678
5.0 30 0 39206906.9234263
6.0 30 0 1573623.38196732
7.0 30 0 114893.935719142
8.0 30 0 12737.0329002929
9.0 30 0 1855.2690918794
10.0 30 0 306.550360424995
12.0 30 0 -4.35638185167415
15.0 30 0 -6.72136420613525
20.0 30 0 -1.58601425477825
30.0 30 0 -0.349999234654934
1.0 45 0 20002632786376.4
2.0 45 0 13668909982.609
3.0 45 0 1626438801.80566
4.0 45 0 76383039.1257554
5.0 45 0 3831779.63035435
6.0 45 0 283939.085212245
7.0 45 0 30384.59125304
8.0 45 0 4285.78624976904
9.0 45 0 712.450349265939
10.0 45 0 116.123311552011
12.0 45 0 -11.2150475858891
15.0 45 0 -6.43433764508042
20.0 45 0 -1.54270172820153
30.0 45 0 -0.384083628054565
1.0 60 0 20000692968632.4
2.0 60 0 5385350446.27941
3.0 60 0 106066440.362045
4.0 60 0 6622530.8579297
5.0 60 0 553792.677720642
6.0 60 0 61892.7157510258
7.0 60 0 8876.95620066295
8.0 60 0 1509.23244409907
9.0 60 0 267.543710632989
10.0 60 0 33.3414237212992
12.0 60 0 -14.3847235121938
15.0 60 0 -6.22526457887163
20.0 60 0 -1.51595230389197
30.0 60 0 -0.375918640208226
1.0 75 0 20000246318419.1
2.0 75 0 4976939059.8482
3.0 75 0 51634832.5353756
4.0 75 0 2792010.82195331
5.0 75 0 275110.551599385
6.0 75 0 36470.6079319518
7.0 75 0 5917.83235520384
8.0 75 0 1083.24892991287
9.0 75 0 194.799035862977
10.0 75 0 19.2229621097641
12.0 75 0 -15.0334644717501
15.0 75 0 -6.22820850522029
20.0 75 0 -1.52131802529677
30.0 75 0 -0.41791463564851
1.0 90 0 20000267420295.8
2.0 90 0 5269372837.44973
3.0 90 0 144845784.725852
4.0 90 0 12512316.3576598
5.0 90 0 1101444.26467842
6.0 90 0 117560.561720035
7.0 90 0 15826.9776096566
8.0 90 0 2569.94782222919
9.0 90 0 457.740796043426
10.0 90 0 71.2028560328276
12.0 90 0 -13.1597738759387
15.0 90 0 -6.48005503927498
20.0 90 0 -1.56123493621975
30.0 90 0 -0.351293079147495
1.0 105 0 20000701813739.6
2.0 105 0 11328354390.4729
3.0 105 0 4215481288.74136
4.0 105 0 294564968.837024
5.0 105 0 13567003.7950344
6.0 105 0 844966.53863558
7.0 105 0 77388.5552015705
8.0 105 0 9728.81397720839
9.0 105 0 1521.07652694787
10.0 105 0 259.152269832883
12.0 105 0 -6.18354544594872
15.0 105 0 -6.8896542515634
20.0 105 0 -1.62510498124528
30.0 105 0 -0.393837614874668
1.0 120 0 20001848594163.8
2.0 120 0 206607853185.214
3.0 120 0 1177116924567.47
4.0 120 0 24582070900.6817
5.0 120 0 263380307.037483
6.0 120 0 6832714.40483395
7.0 120 0 372433.804357296
8.0 120 0 33976.7170113063
9.0 120 0 4380.67218932948
10.0 120 0 693.310321394422
12.0 120 0 8.53051816627255
15.0 120 0 -7.26649823759183
20.0 120 0 -1.69166580934272
30.0 120 0 -0.358085007407453
1.0 135 0 20003411829262.3
2.0 135 0 5518031073740.55
3.0 135 0 1.16606425267227e+17
4.0 135 0 5723614707335.68
5.0 135 0 3501054243.34576
6.0 135 0 32452881.8664993
7.0 135 0 1094808.98111955
8.0 135 0 76756.2171950323
9.0 135 0 8474.98399370833
10.0 135 0 1235.38967378952
12.0 135 0 24.9137662355968
15.0 135 0 -7.4460096203602
20.0 135 0 -1.73211418849753
30.0 135 0 -0.400018988574266
1.0 150 0 20003644964857.5
2.0 150 0 8829543749732.04
3.0 150 0 2.63575672814786e+19
4.0 150 0 15365897759107
5.0 150 0 4924427484.52559
6.0 150 0 39057857.6971847
7.0 150 0 1237310.23359321
8.0 150 0 83991.0065912477
9.0 150 0 9104.00492123568
10.0 150 0 1313.93400440184
12.0 150 0 27.3739691995809
15.0 150 0 -7.38387558686557
20.0 150 0 -1.72207861670133
30.0 150 0 -0.361537921878298
1.0 165 0 20002201028293.6
2.0 165 0 461785000383.541
3.0 165 0 6961463621844.63
4.0 165 0 80496336582.8896
5.0 165 0 513375960.831086
6.0 165 0 10473925.8434773
7.0 165 0 504762.957231243
8.0 165 0 42909.0621565753
9.0 165 0 5304.65139237454
10.0 165 0 822.759025101081
12.0 165 0 13.3381720316404
15.0 165 0 -7.06977866212083
20.0 165 0 -1.65640115600385
30.0 165 0 -0.399763687718324
1.0 175 0 20001226871397.5
2.0 175 0 46336028254.8529
3.0 175 0 68295280708.3163
4.0 175 0 2937315502.50167
5.0 175 0 69281676.3454494
6.0 175 0 2765871.92014805
7.0 175 0 191727.494093891
8.0 175 0 20194.5181821787
9.0 175 0 2841.20143975521
10.0 175 0 469.83946607516
12.0 175 0 2.3187694762852
15.0 175 0 -6.71642679420038
20.0 175 0 -1.58903627646894
30.0 175 0 -0.359868707876862
1.0 5 30 20035344003630.8
2.0 5 30 1.05106384956744e+15
3.0 5 30 1.30188712197446e+18
4.0 5 30 590692499602.809
5.0 5 30 771964105.188325
6.0 5 30 10799845.7582472
7.0 5 30 462726.15037445
8.0 5 30 37753.4178604336
9.0 5 30 4595.09352581705
10.0 5 30 704.884499521039
12.0 5 30 8.76484057940678
15.0 5 30 -6.95868381479765
20.0 5 30 -1.62756642720195
30.0 5 30 -0.358577394680454
1.0 15 30 20025393159054.4
2.0 15 30 55987384423270.5
3.0 15 30 274778537586428
4.0 15 30 92484427290.7163
5.0 15 30 334331760.633726
6.0 15 30 6505810.17826875
7.0 15 30 324555.693195872
8.0 15 30 28791.0736783229
9.0 15 30 3679.41483245252
10.0 15 30 577.838353165019
12.0 15 30 4.72732466703121
15.0 15 30 -6.91201033908132
20.0 15 30 -1.61862319975253
30.0 15 30 -0.393897049852051
1.0 30 30 20009548394662.2
2.0 30 30 407639417639.207
3.0 30 30 150773102504.31
4.0 30 30 2113004596.3421
5.0 30 30 39206650.8842046
6.0 30 30 1573574.39017442
7.0 30 30 114883.814596776
8.0 30 30 12734.9962406065
9.0 30 30 1854.99470394298
10.0 30 30 306.634692952429
12.0 30 30 -4.25396812354983
15.0 30 30 -6.68548326069013
20.0 30 30 -1.57859860828675
30.0 30 30 -0.347715165553532
1.0 45 30 20002631154340.1
2.0 45 30 13668537060.4203
3.0 45 30 1626384644.01901
4.0 45 30 76375360.722575
5.0 45 30 3830567.67770679
6.0 45 30 283721.345337204
7.0 45 30 30341.1210520848
8.0 45 30 4276.69204028732
9.0 45 30 710.71725808588
10.0 45 30 115.992690415201
12.0 45 30 -11.0340979216696
15.0 45 30 -6.36549115702819
20.0 45 30 -1.52862705500454
30.0 45 30 -0.379664860383447
1.0 60 30 20000687392347.2
2.0 60 30 5383166376.46939
3.0 60 30 105703375.865674
4.0 60 30 6573817.30847736
5.0 60 30 546938.527766396
6.0 60 30 60796.4550819086
7.0 60 30 8676.97170668248
8.0 60 30 1468.99946571994
9.0 60 30 259.228362213113
10.0 60 30 31.8773365308988
12.0 60 30 -14.1431310025837
15.0 60 30 -6.10740329033248
20.0 60 30 -1.49318539887131
30.0 60 30 -0.33508361617624
1.0 75 30 20000226096048.8
2.0 75 30 4959329019.14329
3.0 75 30 47968734.3129836
4.0 75 30 2346286.62386934
5.0 75 30 223664.67167519
6.0 75 30 29723.8633762598
7.0 75 30 4873.72811771849
8.0 75 30 896.073946901274
9.0 75 30 157.720749256014
10.0 75 30 11.7826769057542
12.0 75 30 -14.9246374202363
15.0 75 30 -6.04385772081802
20.0 75 30 -1.48806377647144
30.0 75 30 -0.410789929155382
1.0 90 30 20000191832013
2.0 90 30 5050722359.08255
3.0 90 30 76266372.2846746
4.0 90 30 5604616.34197829
5.0 90 30 542495.542569043
6.0 90 30 65049.0912282718
7.0 90 30 9609.10919574802
8.0 90 30 1656.44374689933
9.0 90 30 298.814062916512
10.0 90 30 40.5268721712392
12.0 90 30 -13.9360038782538
15.0 90 30 -6.22175186155466
20.0 90 30 -1.51634323982793
30.0 90 30 -0.343543049571706
1.0 105 30 20000436330402.8
2.0 105 30 6647535707.11179
3.0 105 30 770680971.385347
4.0 105 30 65385382.7663371
5.0 105 30 4258634.28253314
6.0 105 30 346475.878634579
7.0 105 30 38113.7024471746
8.0 105 30 5405.82285149167
9.0 105 30 904.769296990958
10.0 105 30 153.682595330248
12.0 105 30 -9.72202954308335
15.0 105 30 -6.57976966655569
20.0 105 30 -1.56981898788958
30.0 105 30 -0.385908300428806
1.0 120 30 20001111991297.5
2.0 120 30 33604504013.9173
3.0 120 30 37984866529.5731
4.0 120 30 1839832673.33983
5.0 120 30 50463821.0484114
6.0 120 30 2211403.2844262
7.0 120 30 162083.685829696
8.0 120 30 17673.4002510237
9.0 120 30 2538.02072670201
10.0 120 30 422.189563463736
12.0 120 30 -0.1244735687309
15.0 120 30 -6.96260512002375
20.0 120 30 -1.63178285828634
30.0 120 30 -0.350250351906448
1.0 135 30 20002151632776.3
2.0 135 30 411873216544.652
3.0 135 30 5315809289790.82
4.0 135 30 67748837585.9825
5.0 135 30 467591387.212929
6.0 135 30 9876256.15822627
7.0 135 30 484277.426269038
8.0 135 30 41573.7306587432
9.0 135 30 5169.06805798196
10.0 135 30 803.552688224917
12.0 135 30 12.3374991011061
15.0 135 30 -7.20193935294118
20.0 135 30 -1.67775348264973
30.0 135 30 -0.354466403512237
1.0 150 30 20002612071302.6
2.0 150 30 1099607654989.86
3.0 150 30 70458111118990.9
4.0 150 30 313928922623.655
5.0 150 30 1027708268.99915
6.0 150 30 16035728.6128414
7.0 150 30 679311.873771449
8.0 150 30 53756.0445930454
9.0 150 30 6369.30363493492
10.0 150 30 965.416017923275
12.0 150 30 17.4392303788277
15.0 150 30 -7.21372918892888
20.0 150 30 -1.68338050613633
30.0 150 30 -0.357501629932416
1.0 165 30 20001872873625.2
2.0 165 30 222639783449.859
3.0 165 30 1374364245994
4.0 165 30 27384932881.0324
5.0 165 30 280541284.648578
6.0 165 30 7119323.77051958
7.0 165 30 383546.630523659
8.0 165 30 34750.7818661351
9.0 165 30 4463.1450669751
10.0 165 30 706.162993920173
12.0 165 30 9.77441871551506
15.0 165 30 -6.97912327127577
20.0 165 30 -1.63809894624981
30.0 165 30 -0.398534309556485
1.0 175 30 20001166892966.1
2.0 175 30 39664740056.0861
3.0 175 30 51448819093.9604
4.0 175 30 2346177222.2007
5.0 175 30 59556562.1048017
6.0 175 30 2486688.52735889
7.0 175 30 177019.431775123
8.0 175 30 18953.6835742522
9.0 175 30 2693.34067496538
10.0 175 30 447.338250507872
12.0 175 30 1.58482926971823
15.0 175 30 -6.68616130390191
20.0 175 30 -1.58349396277945
30.0 175 30 -0.359557790284714
1.0 5 45 20035343967691.6
2.0 5 45 1.05106384956352e+15
3.0 5 45 1.30188712197445e+18
4.0 5 45 590692499530.98
5.0 5 45 771964092.46197
6.0 5 45 10799843.2419631
7.0 5 45 462725.648221595
8.0 5 45 37753.3426732873
9.0 5 45 4595.10570506172
10.0 5 45 704.908460599127
12.0 5 45 8.77955505368131
15.0 5 45 -6.95369986985617
20.0 5 45 -1.62654467252525
30.0 5 45 -0.358538215883549
1.0 15 45 20025393014644.2
2.0 15 45 55987384405837.2
3.0 15 45 274778537584243
4.0 15 45 92484426965.7397
5.0 15 45 334331703.671834
6.0 15 45 6505798.958481
7.0 15 45 324553.403787871
8.0 15 45 28790.6786808042
9.0 15 45 3679.42040402098
10.0 15 45 577.909984483597
12.0 15 45 4.77625501353745
15.0 15 45 -6.8953808434848
20.0 15 45 -1.61527302801955
30.0 15 45 -0.39370094756617
1.0 30 45 20009547887291
2.0 30 45 407639341551.985
3.0 30 45 150773092491.56
4.0 30 45 2113003126.37596
5.0 30 45 39206400.8431257
6.0 30 45 1573526.19099204
7.0 30 45 114873.845196852
8.0 30 45 12733.0238882665
9.0 30 45 1854.7625280322
10.0 30 45 306.748408790019
12.0 30 45 -4.1378291812034
15.0 30 45 -6.64524504569061
20.0 30 45 -1.57068677130706
30.0 30 45 -0.346862760111322
1.0 45 45 20002629604435.2
2.0 45 45 13668217025.454
3.0 45 45 1626339274.51321
4.0 45 45 76368869.2072308
5.0 45 45 3829522.9591341
6.0 45 45 283530.020871233
7.0 45 45 30302.434441793
8.0 45 45 4268.61459694037
9.0 45 45 709.250905641836
10.0 45 45 115.953949052775
12.0 45 45 -10.8300260635359
15.0 45 45 -6.29046279318882
20.0 45 45 -1.51442174649529
30.0 45 45 -0.378300594621147
1.0 60 45 20000682554985.3
2.0 60 45 5381577234.72633
3.0 60 45 105450886.862243
4.0 60 45 6539291.0466896
5.0 60 45 541886.256326546
6.0 60 45 59955.4655477545
7.0 60 45 8518.51432830881
8.0 60 45 1436.51785366268
9.0 60 45 252.568181026853
10.0 60 45 30.8226934269578
12.0 60 45 -13.8555649549934
15.0 60 45 -5.98182561932819
20.0 60 45 -1.47068351388069
30.0 60 45 -0.334057605129617
1.0 75 45 20000210171182.6
2.0 75 45 4949060401.73843
3.0 75 45 46011048.8756628
4.0 75 45 2098780.64996965
5.0 75 45 192790.495937972
6.0 75 45 25350.2689405627
7.0 75 45 4152.08024682327
8.0 75 45 760.491413852687
9.0 75 45 130.192475151399
10.0 75 45 6.35208336916267
12.0 75 45 -14.6845703543815
15.0 75 45 -5.84992205561215
20.0 75 45 -1.45518412213612
30.0 75 45 -0.369586814771084
1.0 90 45 20000137744423.4
2.0 90 45 4957493573.87062
3.0 90 45 52019224.9000684
4.0 90 45 2940554.73813938
5.0 90 45 289303.665329734
6.0 90 45 37475.4715917724
7.0 90 45 5939.80508024852
8.0 90 45 1068.52263864875
9.0 90 45 190.315554653684
10.0 90 45 19.0031031066395
12.0 90 45 -14.2736235755305
15.0 90 45 -5.94926399916484
20.0 90 45 -1.47162182704096
30.0 90 45 -0.379449298997037
1.0 105 45 20000260603219
2.0 105 45 5392838317.70103
3.0 105 45 190595052.259419
4.0 105 45 16841429.5912326
5.0 105 45 1410309.67030876
6.0 105 45 142982.537570596
7.0 105 45 18474.5602017998
8.0 105 45 2915.89109249356
9.0 105 45 513.480400055903
10.0 105 45 82.4693326903936
12.0 105 45 -11.9893229086391
15.0 105 45 -6.24422355540867
20.0 105 45 -1.51411772862926
30.0 105 45 -0.343819757468656
1.0 120 45 20000638728862.4
2.0 120 45 10095168710.9784
3.0 120 45 3151207478.0365
4.0 120 45 229043883.205647
5.0 120 45 11229277.491343
6.0 120 45 732058.699247098
7.0 120 45 69085.6935547445
8.0 120 45 8852.96230805968
9.0 120 45 1400.19299167881
10.0 120 45 239.680500896885
12.0 120 45 -6.21553086283579
15.0 120 45 -6.61602383705095
20.0 120 45 -1.57031796976259
30.0 120 45 -0.346167715178408
1.0 135 45 20001296802006.1
2.0 135 45 54965568198.5495
3.0 135 45 93230105177.1139
4.0 135 45 3750216160.44528
5.0 135 45 81494684.0926806
6.0 135 45 3097903.63977731
7.0 135 45 208680.718692474
8.0 135 45 21597.9806114113
9.0 135 45 3005.65454636269
10.0 135 45 493.93040026555
12.0 135 45 2.64081655197245
15.0 135 45 -6.90786479103694
20.0 135 45 -1.62030911291676
30.0 135 45 -0.389072332146403
1.0 150 45 20001797823633.9
2.0 150 45 186945273984.576
3.0 150 45 959283445804.729
4.0 150 45 21287185487.77
5.0 150 45 241948553.133453
6.0 150 45 6463355.88021218
7.0 150 45 357781.722846302
8.0 150 45 32931.9781647912
9.0 150 45 4269.62785414778
10.0 150 45 678.58928117433
12.0 150 45 8.7705548416393
15.0 150 45 -7.00659018265704
20.0 150 45 -1.6408795982994
30.0 150 45 -0.354648467253898
1.0 165 45 20001554415823.5
2.0 165 45 105233197559.06
3.0 165 45 311002191961.197
4.0 165 45 9399292325.90583
5.0 165 45 147080544.275486
6.0 165 45 4641611.90531131
7.0 165 45 281277.758656257
8.0 165 45 27309.9263795044
9.0 165 45 3656.95213274181
10.0 165 45 590.84328094968
12.0 165 45 6.16341773155207
15.0 165 45 -6.87138632918445
20.0 165 45 -1.6171503303675
30.0 165 45 -0.397329231864933
1.0 175 45 20001100070507.9
2.0 175 45 33311617695.5988
3.0 175 45 37380402912.4859
4.0 175 45 1816203162.54486
5.0 175 45 50016798.9952912
6.0 175 45 2197195.04128889
7.0 175 45 161253.789717077
8.0 175 45 17595.574506642
9.0 175 45 2529.27434350665
10.0 175 45 422.146210116726
12.0 175 45 0.759014595787122
15.0 175 45 -6.65037752070197
20.0 175 45 -1.57699221706251
30.0 175 45 -0.359195069901393
1.0 5 60 20035343922083.6
2.0 5 60 1.05106384955858e+15
3.0 5 60 1.30188712197446e+18
4.0 5 60 590692499440.75
5.0 5 60 771964076.462351
6.0 5 60 10799840.0782479
7.0 5 60 462725.018510969
8.0 5 60 37753.2499426024
9.0 5 60 4595.12244686361
10.0 5 60 704.939607647213
12.0 5 60 8.7985366391901
15.0 5 60 -6.94727141035795
20.0 5 60 -1.62522482031546
30.0 5 60 -0.35849061056195
1.0 15 60 20025392841261.7
2.0 15 60 55987384385479.4
3.0 15 60 274778537581710
4.0 15 60 92484426588.0782
5.0 15 60 334331637.263188
6.0 15 60 6505785.85791749
7.0 15 60 324550.743406576
8.0 15 60 28790.2338194978
9.0 15 60 3679.44056361458
10.0 15 60 578.003577773832
12.0 15 60 4.83811947839267
15.0 15 60 -6.87439358309257
20.0 15 60 -1.61106247837202
30.0 15 60 -0.393650516495504
1.0 30 60 20009547330032.6
2.0 30 60 407639263175.147
3.0 30 60 150773082327.124
4.0 30 60 2113001627.56633
5.0 30 60 39206143.4294454
6.0 30 60 1573476.18133063
7.0 30 60 114863.50735306
8.0 30 60 12731.0327914215
9.0 30 60 1854.57972843691
10.0 30 60 306.912053251375
12.0 30 60 -3.99484141364462
15.0 30 60 -6.59620004380098
20.0 30 60 -1.56136303645107
30.0 30 60 -0.347296253531602
1.0 45 60 20002628058727.8
2.0 45 60 13667932674.7554
3.0 45 60 1626300041.08994
4.0 45 60 76363200.0343834
5.0 45 60 3828591.13738979
6.0 45 60 283355.871825555
7.0 45 60 30266.8035724401
8.0 45 60 4261.24322586944
9.0 45 60 708.02456795856
10.0 45 60 116.031671718662
12.0 45 60 -10.5819148653749
15.0 45 60 -6.20203613094185
20.0 45 60 -1.49857407166084
30.0 45 60 -0.379162535256609
1.0 60 60 20000678204384
2.0 60 60 5380398213.65112
3.0 60 60 105272331.303528
4.0 60 60 6514391.71857686
5.0 60 60 538090.623488922
6.0 60 60 59296.8765366386
7.0 60 60 8390.33639396174
8.0 60 60 1409.85588469789
9.0 60 60 247.241470407737
10.0 60 60 30.1545401790191
12.0 60 60 -13.4939419709967
15.0 60 60 -5.8378679862009
20.0 60 60 -1.44615129002521
30.0 60 60 -0.334572553343071
1.0 75 60 20000197304410.8
2.0 75 60 4942993845.04968
3.0 75 60 44950389.4552179
4.0 75 60 1959521.58326492
5.0 75 60 174041.330526201
6.0 75 60 22481.7524981361
7.0 75 60 3647.4688621752
8.0 75 60 661.340840361099
9.0 75 60 109.741675493955
10.0 75 60 2.52553042854081
12.0 75 60 -14.2899985875321
15.0 75 60 -5.63151406097676
20.0 75 60 -1.41946003428129
30.0 75 60 -0.405717496294989
1.0 90 60 20000098317991.6
2.0 90 60 4916591571.77256
3.0 90 60 43006083.7321825
4.0 90 60 1872595.18921776
5.0 90 60 171997.964763286
6.0 90 60 22803.9103789483
7.0 90 60 3754.6586235039
8.0 90 60 687.641312954511
9.0 90 60 116.114531876985
10.0 90 60 4.10001107187515
12.0 90 60 -14.2106983089957
15.0 90 60 -5.64310765920379
20.0 90 60 -1.4229513438328
30.0 90 60 -0.337380276638044
1.0 105 60 20000142536387.6
2.0 105 60 5022023035.83867
3.0 105 60 69545203.0429794
4.0 105 60 4881643.55939953
5.0 105 60 473501.666243676
6.0 105 60 57256.6591902159
7.0 105 60 8510.0654075765
8.0 105 60 1470.29808466482
9.0 105 60 264.054146734752
10.0 105 60 34.5411085901267
12.0 105 60 -13.2324515432096
15.0 105 60 -5.85958290465484
20.0 105 60 -1.45316404820674
30.0 105 60 -0.378902654440759
1.0 120 60 20000330350517.1
2.0 120 60 5856858586.90205
3.0 120 60 380880588.980712
4.0 120 60 33744242.4284848
5.0 120 60 2502408.69881781
6.0 120 60 226983.226456579
7.0 120 60 26982.6706079244
8.0 120 60 4028.17066204197
9.0 120 60 692.574191008847
10.0 120 60 116.333764504209
12.0 120 60 -10.3164851620894
15.0 120 60 -6.20041673485865
20.0 120 60 -1.50202577844686
30.0 120 60 -0.34299885130366
1.0 135 60 20000707670533.9
2.0 135 60 12005778590.5166
3.0 135 60 4844973526.40088
4.0 135 60 331954994.808846
5.0 135 60 14827104.5583024
6.0 135 60 902737.869569902
7.0 135 60 81400.3796976922
8.0 135 60 10125.440268863
9.0 135 60 1574.29923529427
10.0 135 60 269.253573485929
12.0 135 60 -4.79437060918416
15.0 135 60 -6.53532789528042
20.0 135 60 -1.55459819891722
30.0 135 60 -0.347892563351288
1.0 150 60 20001139172187.2
2.0 150 60 36785943758.8046
3.0 150 60 44834289598.0985
4.0 150 60 2101861717.27964
5.0 150 60 55270786.2376112
6.0 150 60 2358769.92008986
7.0 150 60 170126.870440336
8.0 150 60 18364.0666268601
9.0 150 60 2622.10056691672
10.0 150 60 436.121865072673
12.0 150 60 1.02769562991327
15.0 150 60 -6.73656242840641
20.0 150 60 -1.59021162091735
30.0 150 60 -0.352595240978021
1.0 165 60 20001228723605.5
2.0 165 60 46529521871.1386
3.0 165 60 68815462436.0836
4.0 165 60 2954959817.45921
5.0 165 60 69559810.7552617
6.0 165 60 2773654.9357949
7.0 165 60 192132.108464826
8.0 165 60 20228.3800494711
9.0 165 60 2845.13729054711
10.0 165 60 470.36693942671
12.0 165 60 2.29400925957699
15.0 165 60 -6.73158921128956
20.0 165 60 -1.59099736705834
30.0 165 60 -0.395995947708233
1.0 175 60 20001019479051.1
2.0 175 60 26955255195.6769
3.0 175 60 25254503464.9744
4.0 175 60 1321463277.87099
5.0 175 60 40136940.2130625
6.0 175 60 1877051.51323423
7.0 175 60 143111.196680646
8.0 175 60 15992.7305316805
9.0 175 60 2332.39251279185
10.0 175 60 391.584056298085
12.0 175 60 -0.248523652454165
15.0 175 60 -6.60395508898662
20.0 175 60 -1.56863461756915
30.0 175 60 -0.358729269863203
1.0 5 90 20035343817441.8
2.0 5 90 1.05106384954744e+15
3.0 5 90 1.30188712197444e+18
4.0 5 90 590692499237.675
5.0 5 90 771964040.401369
6.0 5 90 10799832.9476073
7.0 5 90 462723.606755422
8.0 5 90 37753.0490689043
9.0 5 90 4595.16659034948
10.0 5 90 705.014376291161
12.0 5 90 8.84346926501336
15.0 5 90 -6.93205626304923
20.0 5 90 -1.62208897538267
30.0 5 90 -0.358376433310805
1.0 15 90 20025392482490.9
2.0 15 90 55987384345422.5
3.0 15 90 274778537576772
4.0 15 90 92484425851.6677
5.0 15 90 334331507.083609
6.0 15 90 6505760.1318493
7.0 15 90 324545.578597339
8.0 15 90 28789.4301248989
9.0 15 90 3679.53698532847
10.0 15 90 578.228379462246
12.0 15 90 4.97902143111068
15.0 15 90 -6.82666555512461
20.0 15 90 -1.60138732651422
30.0 15 90 -0.393576690436762
1.0 30 90 20009546345975.3
2.0 30 90 407639139066.437
3.0 30 90 150773066621.981
4.0 30 90 2112999296.35919
5.0 30 90 39205737.1438233
6.0 30 90 1573396.43636431
7.0 30 90 114847.153182846
8.0 30 90 12728.101342324
9.0 30 90 1854.5109396698
10.0 30 90 307.34076582737
12.0 30 90 -3.6857429193826
15.0 30 90 -6.49113915887962
20.0 30 90 -1.54108618070517
30.0 30 90 -0.348795617801954
1.0 45 90 20002625738183.1
2.0 45 90 13667577163.5393
3.0 45 90 1626252991.46422
4.0 45 90 76356306.2409106
5.0 45 90 3827423.35549754
6.0 45 90 283131.60046784
7.0 45 90 30220.4907731083
8.0 45 90 4252.04474659166
9.0 45 90 706.897752350694
10.0 45 90 116.518774797633
12.0 45 90 -10.0639276320657
15.0 45 90 -6.02312014373952
20.0 45 90 -1.46597976905272
30.0 45 90 -0.382557198454844
1.0 60 90 20000672661397.8
2.0 60 90 5379265741.31446
3.0 60 90 105111889.413199
4.0 60 90 6491436.21640158
5.0 60 90 534395.172948946
6.0 60 90 58619.8223996719
7.0 60 90 8253.48840080176
8.0 60 90 1381.38937088188
9.0 60 90 242.164912265298
10.0 60 90 30.1037068844907
12.0 60 90 -12.7304939394282
15.0 60 90 -5.56074849653907
20.0 60 90 -1.3980313086085
30.0 60 90 -0.338507465061485
1.0 75 90 20000183344537.2
2.0 75 90 4938682839.78832
3.0 75 90 44273188.4208901
4.0 75 90 1866516.51751288
5.0 75 90 160296.098488319
6.0 75 90 20168.2138379062
7.0 75 90 3207.57582934077
8.0 75 90 570.889345094927
9.0 75 90 91.4355963193343
10.0 75 90 -0.116625740235852
12.0 75 90 -13.3123066757972
15.0 75 90 -5.22608514084004
20.0 75 90 -1.35175026023469
30.0 75 90 -0.374597734615923
1.0 90 90 20000061358816.3
2.0 90 90 4896123891.74629
3.0 90 90 39232263.8109089
4.0 90 90 1388709.59299241
5.0 90 90 109766.364870438
6.0 90 90 13687.2885111433
7.0 90 90 2204.63542795614
8.0 90 90 390.042809986752
9.0 90 90 55.3199797420039
10.0 90 90 -7.48938655009136
12.0 90 90 -13.2910009279063
15.0 90 90 -5.08310343087375
20.0 90 90 -1.33251586790241
30.0 90 90 -0.301469465821147
1.0 105 90 20000043447121.9
2.0 105 90 4898480062.77589
3.0 105 90 40100149.6015381
4.0 105 90 1518514.39883303
5.0 105 90 127622.760931214
6.0 105 90 16387.5723596778
7.0 105 90 2670.71198910758
8.0 105 90 480.879758974738
9.0 105 90 74.654900660167
10.0 105 90 -3.24905544060776
12.0 105 90 -13.2178482549183
15.0 105 90 -5.14457178459591
20.0 105 90 -1.34025827996755
30.0 105 90 -0.375624565307672
1.0 120 90 20000081806186.1
2.0 120 90 4943911949.96955
3.0 120 90 49949495.9080834
4.0 120 90 2703288.49172655
5.0 120 90 261155.533412124
6.0 120 90 33493.9948747384
7.0 120 90 5267.20491893321
8.0 120 90 940.619183216467
9.0 120 90 165.937511118988
10.0 120 90 15.8412317479391
12.0 120 90 -12.8702213874795
15.0 120 90 -5.38631229631787
20.0 120 90 -1.37336060511585
30.0 120 90 -0.339261264742749
1.0 135 90 20000196100083.6
2.0 135 90 5211271769.54171
3.0 135 90 127449197.572473
4.0 135 90 10797933.9098523
5.0 135 90 963724.553660337
6.0 135 90 104134.790970557
7.0 135 90 14113.4277164711
8.0 135 90 2298.06319316464
9.0 135 90 410.114297054235
10.0 135 90 64.294645028842
12.0 135 90 -11.4604316313887
15.0 135 90 -5.74605269159938
20.0 135 90 -1.42590069881786
30.0 135 90 -0.38287665261858
1.0 150 90 20000423319110.9
2.0 150 90 6726507452.77532
3.0 150 90 814606869.282803
4.0 150 90 68778972.7921211
5.0 150 90 4429620.83483815
6.0 150 90 356824.506303356
7.0 150 90 38939.8657053484
8.0 150 90 5491.53083340106
9.0 150 90 917.896576235331
10.0 150 90 157.756666439492
12.0 150 90 -8.2693476022038
15.0 150 90 -6.12263616354168
20.0 150 90 -1.48499696253174
30.0 150 90 -0.348608414136161
1.0 165 90 20000719050890.5
2.0 165 90 12435902957.8261
3.0 165 90 5258806841.89885
4.0 165 90 356084581.881877
5.0 165 90 15619377.8599688
6.0 165 90 938591.149834141
7.0 165 90 83901.0902739549
8.0 165 90 10377.960641191
9.0 165 90 1608.91461404812
10.0 165 90 275.612736258167
12.0 165 90 -4.16312453552401
15.0 165 90 -6.40244632359159
20.0 165 90 -1.53261274247443
30.0 165 90 -0.392968201506481
1.0 175 90 20000851329729.2
2.0 175 90 17361730979.2511
3.0 175 90 10774759954.2597
4.0 175 90 653409722.331816
5.0 175 90 24349270.6862168
6.0 175 90 1304957.26901761
7.0 175 90 108339.708302442
8.0 175 90 12778.3966544079
9.0 175 90 1925.46169596369
10.0 175 90 327.150246522986
12.0 175 90 -2.39171884801011
15.0 175 90 -6.49303365350572
20.0 175 90 -1.54898034279044
30.0 175 90 -0.35762145494003
1.0 5 120 20035343720036.8
2.0 5 120 1.0510638495373e+15
3.0 5 120 1.30188712197445e+18
4.0 5 120 590692499053.686
5.0 5 120 771964007.667013
6.0 5 120 10799826.4764377
7.0 5 120 462722.336141809
8.0 5 120 37752.8779550022
9.0 5 120 4595.21539760165
10.0 5 120 705.088442434313
12.0 5 120 8.88716775145355
15.0 5 120 -6.91725979634086
20.0 5 120 -1.61902113358428
30.0 5 120 -0.358253411347774
1.0 15 120 20025392193146.3
2.0 15 120 55987384315275.2
3.0 15 120 274778537573128
4.0 15 120 92484425304.5428
5.0 15 120 334331409.756063
6.0 15 120 6505740.89320777
7.0 15 120 324541.800760244
8.0 15 120 28788.9208187756
9.0 15 120 3679.68155567782
10.0 15 120 578.448178303178
12.0 15 120 5.10875123368998
15.0 15 120 -6.78271875794397
20.0 15 120 -1.59222026501799
30.0 15 120 -0.392957461638128
1.0 30 120 20009545706125.4
2.0 30 120 407639069283.517
3.0 30 120 150773058078.013
4.0 30 120 2112998018.90714
5.0 30 120 39205510.8543882
6.0 30 120 1573351.71351843
7.0 30 120 114838.239465925
8.0 30 120 12726.7746037847
9.0 30 120 1854.73421786955
10.0 30 120 307.771292712345
12.0 30 120 -3.42198806488898
15.0 30 120 -6.40158084975644
20.0 30 120 -1.52211068504753
30.0 30 120 -0.346005295322715
1.0 45 120 20002624521487.1
2.0 45 120 13667430114.81
3.0 45 120 1626234558.06616
4.0 45 120 76353564.0224963
5.0 45 120 3826943.06845475
6.0 45 120 283037.08714742
7.0 45 120 30201.2340386737
8.0 45 120 4248.73734069527
9.0 45 120 706.957173221259
10.0 45 120 117.130191512798
12.0 45 120 -9.6479504385191
15.0 45 120 -5.88109954467157
20.0 45 120 -1.43577209755432
30.0 45 120 -0.377387243328805
1.0 60 120 20000670311717.1
2.0 60 120 5378929428.40756
3.0 60 120 105068056.643408
4.0 60 120 6484984.00460217
5.0 60 120 533291.075476698
6.0 60 120 58406.0274505619
7.0 60 120 8209.36531802981
8.0 60 120 1372.86872737223
9.0 60 120 241.351507589699
10.0 60 120 30.7733289560143
12.0 60 120 -12.1345524591001
15.0 60 120 -5.35456296961134
20.0 60 120 -1.35523819741265
30.0 60 120 -0.332424159386924
1.0 75 120 20000178517478.1
2.0 75 120 4937794233.33587
3.0 75 120 44150335.8988645
4.0 75 120 1848782.71324099
5.0 75 120 157386.698403577
6.0 75 120 19625.4480783431
7.0 75 120 3096.75802500789
8.0 75 120 548.062484441127
9.0 75 120 87.7024909397665
10.0 75 120 0.181827472559055
12.0 75 120 -12.5136909252673
15.0 75 120 -4.93987417111594
20.0 75 120 -1.29510482543597
30.0 75 120 -0.368153678498846
1.0 90 120 20000050701886.1
2.0 90 120 4893315351.1327
3.0 90 120 38808419.1817477
4.0 90 120 1329542.00890046
5.0 90 120 100720.485812897
6.0 90 120 12112.0597572736
7.0 90 120 1897.26505102162
8.0 90 120 326.203657215583
9.0 90 120 42.7562047766356
10.0 90 120 -8.89304979708269
12.0 90 120 -12.3152894811866
15.0 90 120 -4.69970138035581
20.0 90 120 -1.26081640294563
30.0 90 120 -0.294757913170395
1.0 105 120 20000018489111.7
2.0 105 120 4887630872.39409
3.0 105 120 38233194.1978607
4.0 105 120 1271813.01954355
5.0 105 120 93924.6423869304
6.0 105 120 11146.8598105901
7.0 105 120 1735.2674422052
8.0 105 120 295.359839873601
9.0 105 120 36.4889400525461
10.0 105 120 -10.0989672916097
12.0 105 120 -12.2436497583485
15.0 105 120 -4.6539786650604
20.0 105 120 -1.25346711171288
30.0 105 120 -0.330979186737583
1.0 120 120 20000022197203.6
2.0 120 120 4892557729.17066
3.0 120 120 39154144.9642093
4.0 120 120 1397495.38543022
5.0 120 120 111461.059077693
6.0 120 120 13909.6274935288
7.0 120 120 2232.76796409052
8.0 120 120 395.363279531067
9.0 120 120 57.8691333495398
10.0 120 120 -5.68893363288268
12.0 120 120 -12.4094838932969
15.0 120 120 -4.80298088212106
20.0 120 120 -1.27489739384636
30.0 120 120 -0.326929089625139
1.0 135 120 20000061787674.8
2.0 135 120 4926308947.47677
3.0 135 120 46019281.7440756
4.0 135 120 2242946.73825345
5.0 135 120 211560.097347385
6.0 135 120 27391.2013287429
7.0 135 120 4368.72919135524
8.0 135 120 786.001158739307
9.0 135 120 136.764578217396
10.0 135 120 10.6022391726605
12.0 135 120 -12.442239539618
15.0 135 120 -5.13140892079911
20.0 135 120 -1.3251028785595
30.0 135 120 -0.333022380942852
1.0 150 120 20000175221025.1
2.0 150 120 5151763267.0628
3.0 150 120 108265003.311688
4.0 150 120 8890710.62884802
5.0 150 120 813203.396546521
6.0 150 120 90316.63752031
7.0 150 120 12505.9808404914
8.0 150 120 2065.41514325695
9.0 150 120 370.549006034496
10.0 150 120 57.1183714665911
12.0 150 120 -11.3799132265412
15.0 150 120 -5.59257198904479
20.0 150 120 -1.39806172107851
30.0 150 120 -0.340983599682847
1.0 165 120 20000436823896.3
2.0 165 120 6885226576.73669
3.0 165 120 902801936.094221
4.0 165 120 75540572.5996419
5.0 165 120 4770056.20435831
6.0 165 120 378141.653708109
7.0 165 120 40801.4630188385
8.0 165 120 5711.1200084068
9.0 165 120 950.966326547425
10.0 165 120 163.822430270254
12.0 165 120 -7.91995849841866
15.0 165 120 -6.09200653069926
20.0 165 120 -1.48012517856607
30.0 165 120 -0.389585645230576
1.0 175 120 20000714162850.1
2.0 175 120 12296111420.3731
3.0 175 120 5123129667.79761
4.0 175 120 348210395.34861
5.0 175 120 15362492.4441252
6.0 175 120 926995.051808093
7.0 175 120 83089.9855711527
8.0 175 120 10295.7953283735
9.0 175 120 1597.9357242944
10.0 175 120 273.872153204891
12.0 175 120 -4.17986162997124
15.0 175 120 -6.38401554021093
20.0 175 120 -1.53003674571848
30.0 175 120 -0.356527047981533
1.0 5 135 20035343681674.8
2.0 5 135 1.05106384953336e+15
3.0 5 135 1.30188712197445e+18
4.0 5 135 590692498982.583
5.0 5 135 771963995.001213
6.0 5 135 10799823.9735187
7.0 5 135 462721.847845497
8.0 5 135 37752.8150449677
9.0 5 135 4595.23681764984
10.0 5 135 705.118889981066
12.0 5 135 8.90491489025146
15.0 5 135 -6.91125031082307
20.0 5 135 -1.61777052125012
30.0 5 135 -0.358203163420577
1.0 15 135 20025392089978.2
2.0 15 135 55987384305021.8
3.0 15 135 274778537571898
4.0 15 135 92484425120.1878
5.0 15 135 334331376.845829
6.0 15 135 6505734.39818285
7.0 15 135 324540.551490741
8.0 15 135 28788.7757057281
9.0 15 135 3679.75109959239
10.0 15 135 578.537037361997
12.0 15 135 5.15942538870691
15.0 15 135 -6.76554928013631
20.0 15 135 -1.58860349631016
30.0 15 135 -0.392730061825731
1.0 30 135 20009545508888.8
2.0 30 135 407639049736.285
3.0 30 135 150773055736.69
4.0 30 135 2112997667.64572
5.0 30 135 39205448.1395106
6.0 30 135 1573339.33902983
7.0 30 135 114835.863074431
8.0 30 135 12726.5018259961
9.0 30 135 1854.86952558543
10.0 30 135 307.94256882672
12.0 30 135 -3.32449476575227
15.0 30 135 -6.36849305174608
20.0 30 135 -1.51498538322159
30.0 30 135 -0.345094443903005
1.0 45 135 20002624195662.6
2.0 45 135 13667396210.2867
3.0 45 135 1626230451.52762
4.0 45 135 76352948.8778246
5.0 45 135 3826833.63162239
6.0 45 135 283015.456164042
7.0 45 135 30196.9889390893
8.0 45 135 4248.16725517459
9.0 45 135 707.121700490901
10.0 45 135 117.378745424211
12.0 45 135 -9.50134493911848
15.0 45 135 -5.83125643571778
20.0 45 135 -1.42493352057716
30.0 45 135 -0.375938014033341
1.0 60 135 20000669761479.8
2.0 60 135 5378865842.78902
3.0 60 135 105060169.307903
4.0 60 135 6483807.70833401
5.0 60 135 533083.899055003
6.0 60 135 58365.1363280751
7.0 60 135 8201.09129607906
8.0 60 135 1371.51510584625
9.0 60 135 241.442821164553
10.0 60 135 31.0859939258324
12.0 60 135 -11.9315668396791
15.0 60 135 -5.28535788608445
20.0 60 135 -1.34046717073246
30.0 60 135 -0.331285029744435
1.0 75 135 20000177518820.8
2.0 75 135 4937657289.93522
3.0 75 135 44132675.5364851
4.0 75 135 1846174.49455103
5.0 75 135 156937.191080908
6.0 75 135 19537.8930664167
7.0 75 135 3078.68170424662
8.0 75 135 544.629635240182
9.0 75 135 87.4328659151562
10.0 75 135 0.50686860860624
12.0 75 135 -12.2443363958539
15.0 75 135 -4.84711223102436
20.0 75 135 -1.27612714423937
30.0 75 135 -0.328896832763139
1.0 90 135 20000048720026.8
2.0 90 135 4892964638.16873
3.0 90 135 38760456.1135581
4.0 90 135 1322590.01964468
5.0 90 135 99570.1799329879
6.0 90 135 11895.7311533687
7.0 90 135 1852.87293256386
8.0 90 135 317.071682979062
9.0 90 135 41.30067215971
10.0 90 135 -8.73394278617272
12.0 90 135 -11.9736380036271
15.0 90 135 -4.57806690580017
20.0 90 135 -1.23721787793794
30.0 90 135 -0.333104235127519
1.0 105 135 20000014191427.6
2.0 105 135 4886533223.93322
3.0 105 135 38069346.2625728
4.0 105 135 1248832.7177972
5.0 105 135 90378.8693619298
6.0 105 135 10524.0636717051
7.0 105 135 1612.94163563837
8.0 105 135 269.845160275188
9.0 105 135 31.4606283445573
10.0 105 135 -10.6548681538973
12.0 105 135 -11.8471706473621
15.0 105 135 -4.49874716064319
20.0 105 135 -1.22499407356014
30.0 105 135 -0.291696519316955
1.0 120 135 20000012209667.6
2.0 120 135 4888262520.69506
3.0 120 135 38421789.6661784
4.0 120 135 1300295.08044916
5.0 120 135 98083.8421073455
6.0 120 135 11817.1720457008
7.0 120 135 1857.9186786604
8.0 120 135 320.818338472381
9.0 120 135 42.4651443326018
10.0 120 135 -8.49598761458495
12.0 120 135 -12.0441676592926
15.0 120 135 -4.6144041293274
20.0 120 135 -1.24218050549473
30.0 120 135 -0.288916298585489
1.0 135 135 20000038110302.5
2.0 135 135 4905073733.23988
3.0 135 135 41556707.152169
4.0 135 135 1702685.4213958
5.0 135 135 149712.878302029
6.0 135 135 19344.2936510609
7.0 135 135 3131.38563392512
8.0 135 135 565.223686512159
9.0 135 135 93.1488050816701
10.0 135 135 1.84595662911139
12.0 135 135 -12.3321057975287
15.0 135 135 -4.92283598704401
20.0 135 135 -1.29058261311942
30.0 135 135 -0.368085501928224
1.0 150 135 20000123816527.4
2.0 150 135 5023748892.28928
3.0 150 135 70412036.3284149
4.0 150 135 4970844.49674184
5.0 150 135 479813.882474634
6.0 150 135 57581.8750291111
7.0 150 135 8496.35844494353
8.0 150 135 1461.61283108924
9.0 150 135 263.719743081521
10.0 150 135 36.31809989085
12.0 150 135 -11.866509213058
15.0 150 135 -5.39947753130902
20.0 150 135 -1.36680111150677
30.0 150 135 -0.338240536583159
1.0 165 135 20000358529027.6
2.0 165 135 6129175882.45917
3.0 165 135 507154211.453042
4.0 165 135 44319696.6506198
5.0 165 135 3119121.93883715
6.0 165 135 270419.549129995
7.0 165 135 31098.1073253582
8.0 165 135 4541.54026243667
9.0 165 135 773.637199587355
10.0 165 135 132.267964627658
12.0 165 135 -8.95870257905925
15.0 165 135 -5.97006138849102
20.0 165 135 -1.45997474971252
30.0 165 135 -0.38826621732546
1.0 175 135 20000664869450.5
2.0 175 135 10933299582.8111
3.0 175 135 3865018291.3823
4.0 175 135 273318383.297593
5.0 175 135 12824372.1967295
6.0 175 135 809244.608859987
7.0 175 135 74708.800179649
8.0 175 135 9436.57248769743
9.0 175 135 1481.35364622293
10.0 175 135 254.558552146402
12.0 175 135 -4.83037898604751
15.0 175 135 -6.33948348347579
20.0 175 135 -1.52239144293409
30.0 175 135 -0.356080799080538
1.0 5 150 20035343652990.5
2.0 5 150 1.05106384953045e+15
3.0 5 150 1.30188712197445e+18
4.0 5 150 590692498929.929
5.0 5 150 771963985.61589
6.0 5 150 10799822.119358
7.0 5 150 462721.487380403
8.0 5 150 37752.7697393623
9.0 5 150 4595.25368879341
10.0 5 150 705.142154605401
12.0 5 150 8.91839472321506
15.0 5 150 -6.90668570999858
20.0 5 150 -1.61681946145951
30.0 5 150 -0.358167519989404
1.0 15 150 20025392016578.9
2.0 15 150 55987384297893.4
3.0 15 150 274778537571049
4.0 15 150 92484424992.6158
5.0 15 150 334331354.040134
6.0 15 150 6505729.90392442
7.0 15 150 324539.697681702
8.0 15 150 28788.6858878168
9.0 15 150 3679.80730632362
10.0 15 150 578.604206996408
12.0 15 150 5.19714765281842
15.0 15 150 -6.75277411146182
20.0 15 150 -1.58593191629457
30.0 15 150 -0.392718851283224
1.0 30 150 20009545378021.8
2.0 30 150 407639037326.1
3.0 30 150 150773054265.177
4.0 30 150 2112997446.65095
5.0 30 150 39205408.5848473
6.0 30 150 1573331.56015014
7.0 30 150 114834.406829725
8.0 30 150 12726.3674995891
9.0 30 150 1854.98281933956
10.0 30 150 308.070038611129
12.0 30 150 -3.25398375045421
15.0 30 150 -6.34466138037359
20.0 30 150 -1.51014339508535
30.0 30 150 -0.345616898264923
1.0 45 150 20002623992923.9
2.0 45 150 13667376444.8724
3.0 45 150 1626228092.92839
4.0 45 150 76352594.8767759
5.0 45 150 3826770.36478269
6.0 45 150 283002.985915022
7.0 45 150 30194.6152088149
8.0 45 150 4247.91331632599
9.0 45 150 707.274011278959
10.0 45 150 117.562516985596
12.0 45 150 -9.3979916951039
15.0 45 150 -5.79647102438982
20.0 45 150 -1.41819033396098
30.0 45 150 -0.376950101061342
1.0 60 150 20000669438538
2.0 60 150 5378831672.12358
3.0 60 150 105056014.808037
4.0 60 150 6483185.74966487
5.0 60 150 532973.401934201
6.0 60 150 58343.2903491617
7.0 60 150 8196.77698662788
8.0 60 150 1370.91090230405
9.0 60 150 241.58670690825
10.0 60 150 31.3211068099539
12.0 60 150 -11.7912609062843
15.0 60 150 -5.23826382982272
20.0 60 150 -1.33164765092961
30.0 60 150 -0.33201939399765
1.0 75 150 20000176962215.5
2.0 75 150 4937589249.84621
3.0 75 150 44124127.7395098
4.0 75 150 1844903.34600989
5.0 75 150 156714.744288145
6.0 75 150 19494.1198009923
7.0 75 150 3069.73561153838
8.0 75 150 543.067996432287
9.0 75 150 87.4367100120144
10.0 75 150 0.773008238730057
12.0 75 150 -12.0600884126858
15.0 75 150 -4.78501504344906
20.0 75 150 -1.26475577955204
30.0 75 150 -0.367814560776641
1.0 90 150 20000047661694.5
2.0 90 150 4892803052.96362
3.0 90 150 38739101.9138489
4.0 90 150 1319459.27212825
5.0 90 150 99039.2010024072
6.0 90 150 11793.6346308728
7.0 90 150 1831.76524853666
8.0 90 150 312.872332151759
9.0 90 150 40.7824625500747
10.0 90 150 -8.51478322026484
12.0 90 150 -11.7388833306732
15.0 90 150 -4.49726194025399
20.0 90 150 -1.22281392989824
30.0 90 150 -0.294443271808927
1.0 105 150 20000011964158
2.0 105 150 4886061985.33
3.0 105 150 38002145.0801347
4.0 105 150 1239238.96752537
5.0 105 150 88842.1742898891
6.0 105 150 10243.9367780422
7.0 105 150 1556.46829834614
8.0 105 150 258.04565677484
9.0 105 150 29.2908445656311
10.0 105 150 -10.7406872451644
12.0 105 150 -11.5657941602442
15.0 105 150 -4.39547870865782
20.0 105 150 -1.2072485383085
30.0 105 150 -0.330604891079186
1.0 120 150 20000007087497.9
2.0 120 150 4886525950.68672
3.0 120 150 38143650.2762222
4.0 120 150 1262388.2789401
5.0 120 150 92575.2075059425
6.0 120 150 10906.6562794527
7.0 120 150 1687.32611910287
8.0 120 150 285.955856014742
9.0 120 150 35.3004170360147
10.0 120 150 -9.65807753905668
12.0 120 150 -11.7566110368559
15.0 120 150 -4.4874429215376
20.0 120 150 -1.22118363215727
30.0 120 150 -0.289625651972779
1.0 135 150 20000025727543.9
2.0 135 150 4896781462.86482
3.0 135 150 39959715.851275
4.0 135 150 1501672.70631687
5.0 135 150 124863.742273736
6.0 135 150 15856.6465165472
7.0 135 150 2560.43232867071
8.0 135 150 458.567878424624
9.0 135 150 71.5502431145911
10.0 135 150 -2.43227491094198
12.0 135 150 -12.1656292405246
15.0 135 150 -4.77899467547307
20.0 135 150 -1.26746664632613
30.0 135 150 -0.328813793841198
1.0 150 150 20000095147457.3
2.0 150 150 4972434428.79814
3.0 150 150 56945684.2944724
4.0 150 150 3497002.10539286
5.0 150 150 340918.615543185
6.0 150 150 42595.5605235953
7.0 150 150 6518.79718296108
8.0 150 150 1146.90555515807
9.0 150 150 205.915192946706
10.0 150 150 24.8686930123956
12.0 150 150 -12.0623464903937
15.0 150 150 -5.26149632080373
20.0 150 150 -1.34481230952464
30.0 150 150 -0.337419449465005
1.0 165 150 20000309032993.8
2.0 165 150 5769930107.38544
3.0 165 150 343021377.904766
4.0 165 150 30485666.285902
5.0 165 150 2302530.23109753
6.0 165 150 212145.696520937
7.0 165 150 25498.9836697415
8.0 165 150 3835.21737162649
9.0 165 150 663.120304095521
10.0 165 150 112.211561195924
12.0 165 150 -9.60356229457493
15.0 165 150 -5.87929912914451
20.0 165 150 -1.44513385453084
30.0 165 150 -0.387437058353425
1.0 175 150 20000629663613.1
2.0 175 150 10083543139.9761
3.0 175 150 3142205221.88849
4.0 175 150 228470397.152135
5.0 175 150 11206807.2373497
6.0 175 150 730728.195678668
7.0 175 150 68949.7365880903
8.0 175 150 8834.14961344416
9.0 175 150 1398.49112677046
10.0 175 150 240.708591720775
12.0 175 150 -5.29719536794429
15.0 175 150 -6.30557698896509
20.0 175 150 -1.51660338434342
30.0 175 150 -0.355743768052863
1.0 5 180 20035343629302.5
2.0 5 180 1.05106384952806e+15
3.0 5 180 1.30188712197444e+18
4.0 5 180 590692498886.776
5.0 5 180 771963977.920849
6.0 5 180 10799820.5995053
7.0 5 180 462721.192761278
8.0 5 180 37752.7334735403
9.0 5 180 4595.26818963624
10.0 5 180 705.1616987397
12.0 5 180 8.92966642471032
15.0 5 180 -6.90286899731208
20.0 5 180 -1.61602344039775
30.0 5 180 -0.358140957743434
1.0 15 180 20025391958295.7
2.0 15 180 55987384292333.3
3.0 15 180 274778537570380
4.0 15 180 92484424893.4959
5.0 15 180 334331336.303714
6.0 15 180 6505726.41381082
7.0 15 180 324539.041786389
8.0 15 180 28788.6231648069
9.0 15 180 3679.85628591983
10.0 15 180 578.660105306836
12.0 15 180 5.22818497897146
15.0 15 180 -6.74227213399177
20.0 15 180 -1.58376920653469
30.0 15 180 -0.39291049618775
1.0 30 180 20009545279582
2.0 30 180 407639028300.383
3.0 30 180 150773053203.258
4.0 30 180 2112997287.08169
5.0 30 180 39205379.9857934
6.0 30 180 1573325.95726892
7.0 30 180 114833.38306698
8.0 30 180 12726.2949878984
9.0 30 180 1855.0826473138
10.0 30 180 308.174564195588
12.0 30 180 -3.19731701767474
15.0 30 180 -6.32564287465221
20.0 30 180 -1.50669487914879
30.0 30 180 -0.347653030877249
1.0 45 180 20002623847699.2
2.0 45 180 13667362960.9767
3.0 45 180 1626226501.85157
4.0 45 180 76352355.8384666
5.0 45 180 3826727.54257135
6.0 45 180 282994.583620407
7.0 45 180 30193.0652230941
8.0 45 180 4247.79040966923
9.0 45 180 707.413035675605
10.0 45 180 117.711749066099
12.0 45 180 -9.31668785117139
15.0 45 180 -5.76956919098114
20.0 45 180 -1.41420244563254
30.0 45 180 -0.381161134573871
1.0 60 180 20000669217109.5
2.0 60 180 5378809711.18736
3.0 60 180 105053383.911295
4.0 60 180 6482791.05521328
5.0 60 180 532902.93657707
6.0 60 180 58329.3862366408
7.0 60 180 8194.10586988573
8.0 60 180 1370.6033129485
9.0 60 180 241.737745316527
10.0 60 180 31.5126330627507
12.0 60 180 -11.6827343363155
15.0 60 180 -5.20273716889787
20.0 60 180 -1.32700873699921
30.0 60 180 -0.337052093130857
1.0 75 180 20000176594835.3
2.0 75 180 4937547911.80012
3.0 75 180 44119031.2229569
4.0 75 180 1844142.28948092
5.0 75 180 156580.314090193
6.0 75 180 19467.559031592
7.0 75 180 3064.39252035063
8.0 75 180 542.225890680509
9.0 75 180 87.5261352214952
10.0 75 180 0.997539408104319
12.0 75 180 -11.9189494676973
15.0 75 180 -4.73880537503279
20.0 75 180 -1.2587261041979
30.0 75 180 -0.373187010204389
1.0 90 180 20000046984555.9
2.0 90 180 4892709939.33686
3.0 90 180 38727087.6847003
4.0 90 180 1317685.11574052
5.0 90 180 98733.5186621271
6.0 90 180 11734.1019127996
7.0 90 180 1819.46934792864
8.0 90 180 310.531590674117
9.0 90 180 40.5933481038547
10.0 90 180 -8.29837370998927
12.0 90 180 -11.558918476051
15.0 90 180 -4.43732511023104
20.0 90 180 -1.21464526698075
30.0 90 180 -0.300060728057499
1.0 105 180 20000010569512.6
2.0 105 180 4885803285.99872
3.0 105 180 37966383.2130537
4.0 105 180 1234074.87425493
5.0 105 180 87994.5911907999
6.0 105 180 10085.7468882011
7.0 105 180 1524.12488574216
8.0 105 180 251.347152183344
9.0 105 180 28.1669588243845
10.0 105 180 -10.6796587215438
12.0 105 180 -11.3461810031915
15.0 105 180 -4.31847656866363
20.0 105 180 -1.19637812833031
30.0 105 180 -0.335983532703579
1.0 120 180 20000003904064.2
2.0 120 180 4885610408.42145
3.0 120 180 38002990.508504
4.0 120 180 1242886.35861092
5.0 120 180 89638.2703869716
6.0 120 180 10403.3261865485
7.0 120 180 1590.29042102818
8.0 120 180 265.842334606587
9.0 120 180 31.2368265380277
10.0 120 180 -10.2195771290941
12.0 120 180 -11.5193844343927
15.0 120 180 -4.39151348015215
20.0 120 180 -1.20721985071832
30.0 120 180 -0.29465110006478
1.0 135 180 20000017923033.5
2.0 135 180 4892509489.64462
3.0 135 180 39182714.5210004
4.0 135 180 1401382.32651013
5.0 135 180 111824.559638689
6.0 135 180 13931.7089176377
7.0 135 180 2231.79012735375
8.0 135 180 395.309718835722
9.0 135 180 58.5736938638309
10.0 135 180 -4.94234697439995
12.0 135 180 -11.9941926592233
15.0 135 180 -4.66795823111078
20.0 135 180 -1.25075960197075
30.0 135 180 -0.370465131986293
1.0 150 180 20000076215417.6
2.0 150 180 4945533912.49239
3.0 150 180 50418263.7777059
4.0 150 180 2756463.06085142
5.0 150 180 266212.197092357
6.0 150 180 34000.4843542731
7.0 150 180 5324.45072699172
8.0 150 180 949.358892623199
9.0 150 180 168.690055548961
10.0 150 180 17.4278132920834
12.0 150 180 -12.1410458553954
15.0 150 180 -5.15182671064802
20.0 150 180 -1.32776008307951
30.0 150 180 -0.338363315521369
1.0 165 180 20000273150248.5
2.0 165 180 5558390959.49023
3.0 165 180 254974587.582347
4.0 165 180 22724629.2074827
5.0 165 180 1807930.00428665
6.0 165 180 174512.654246806
7.0 165 180 21708.4840676568
8.0 165 180 3340.66403318414
9.0 165 180 583.907796026541
10.0 165 180 97.6286629498368
12.0 165 180 -10.0603879717029
15.0 165 180 -5.80471320993162
20.0 165 180 -1.43304545705296
30.0 165 180 -0.386952262559639
1.0 175 180 20000601623342.9
2.0 175 180 9473882874.77451
3.0 175 180 2654356124.4076
4.0 175 180 197255588.623693
5.0 175 180 10026919.8011323
6.0 175 180 671441.620310774
7.0 175 180 64499.0817824656
8.0 175 180 8361.24538526146
9.0 175 180 1332.74747985627
10.0 175 180 229.643679690771
12.0 175 180 -5.67015117355387
15.0 175 180 -6.27717632017659
20.0 175 180 -1.511776242949
30.0 175 180 -0.355464850466556
1.0 5 210 20035343652990.5
2.0 5 210 1.05106384953045e+15
3.0 5 210 1.30188712197445e+18
4.0 5 210 590692498929.929
5.0 5 210 771963985.61589
6.0 5 210 10799822.119358
7.0 5 210 462721.487380403
8.0 5 210 37752.7697393623
9.0 5 210 4595.25368879341
10.0 5 210 705.142154605401
12.0 5 210 8.91839472321506
15.0 5 210 -6.90668570999858
20.0 5 210 -1.61681946145951
30.0 5 210 -0.358167519989404
1.0 15 210 20025392016578.9
2.0 15 210 55987384297893.4
3.0 15 210 274778537571049
4.0 15 210 92484424992.6158
5.0 15 210 334331354.040134
6.0 15 210 6505729.90392442
7.0 15 210 324539.697681702
8.0 15 210 28788.6858878168
9.0 15 210 3679.80730632362
10.0 15 210 578.604206996408
12.0 15 210 5.19714765281842
15.0 15 210 -6.75277411146182
20.0 15 210 -1.58593191629457
30.0 15 210 -0.392718851283224
1.0 30 210 20009545378021.8
2.0 30 210 407639037326.1
3.0 30 210 150773054265.177
4.0 30 210 2112997446.65095
5.0 30 210 39205408.5848473
6.0 30 210 1573331.56015014
7.0 30 210 114834.406829725
8.0 30 210 12726.3674995891
9.0 30 210 1854.98281933956
10.0 30 210 308.070038611129
12.0 30 210 -3.25398375045421
15.0 30 210 -6.34466138037359
20.0 30 210 -1.51014339508535
30.0 30 210 -0.345616898264923
1.0 45 210 20002623992923.9
2.0 45 210 13667376444.8724
3.0 45 210 1626228092.92839
4.0 45 210 76352594.8767759
5.0 45 210 3826770.36478269
6.0 45 210 283002.985915022
7.0 45 210 30194.6152088149
8.0 45 210 4247.91331632599
9.0 45 210 707.274011278959
10.0 45 210 117.562516985596
12.0 45 210 -9.3979916951039
15.0 45 210 -5.79647102438982
20.0 45 210 -1.41819033396098
30.0 45 210 -0.376950101061342
1.0 60 210 20000669438538
2.0 60 210 5378831672.12358
3.0 60 210 105056014.808037
4.0 60 210 6483185.74966487
5.0 60 210 532973.401934201
6.0 60 210 58343.2903491617
7.0 60 210 8196.77698662788
8.0 60 210 1370.91090230405
9.0 60 210 241.58670690825
10.0 60 210 31.3211068099539
12.0 60 210 -11.7912609062843
15.0 60 210 -5.23826382982272
20.0 60 210 -1.33164765092961
30.0 60 210 -0.33201939399765
1.0 75 210 20000176962215.5
2.0 75 210 4937589249.84621
3.0 75 210 44124127.7395098
4.0 75 210 1844903.34600989
5.0 75 210 156714.744288145
6.0 75 210 19494.1198009923
7.0 75 210 3069.73561153838
8.0 75 210 543.067996432287
9.0 75 210 87.4367100120144
10.0 75 210 0.773008238730057
12.0 75 210 -12.0600884126858
15.0 75 210 -4.78501504344906
20.0 75 210 -1.26475577955204
30.0 75 210 -0.367814560776641
1.0 90 210 20000047661694.5
2.0 90 210 4892803052.96362
3.0 90 210 38739101.9138489
4.0 90 210 1319459.27212825
5.0 90 210 99039.2010024072
6.0 90 210 11793.6346308728
7.0 90 210 1831.76524853666
8.0 90 210 312.872332151759
9.0 90 210 40.7824625500747
10.0 90 210 -8.51478322026484
12.0 90 210 -11.7388833306732
15.0 90 210 -4.49726194025399
20.0 90 210 -1.22281392989824
30.0 90 210 -0.294443271808927
1.0 105 210 20000011964158
2.0 105 210 4886061985.33
3.0 105 210 38002145.0801347
4.0 105 210 1239238.96752537
5.0 105 210 88842.1742898891
6.0 105 210 10243.9367780422
7.0 105 210 1556.46829834614
8.0 105 210 258.04565677484
9.0 105 210 29.2908445656311
10.0 105 210 -10.7406872451644
12.0 105 210 -11.5657941602442
15.0 105 210 -4.39547870865782
20.0 105 210 -1.2072485383085
30.0 105 210 -0.330604891079186
1.0 120 210 20000007087497.9
2.0 120 210 4886525950.68672
3.0 120 210 38143650.2762222
4.0 120 210 1262388.2789401
5.0 120 210 92575.2075059425
6.0 120 210 10906.6562794527
7.0 120 210 1687.32611910287
8.0 120 210 285.955856014742
9.0 120 210 35.3004170360147
10.0 120 210 -9.65807753905668
12.0 120 210 -11.7566110368559
15.0 120 210 -4.4874429215376
20.0 120 210 -1.22118363215727
30.0 120 210 -0.289625651972779
1.0 135 210 20000025727543.9
2.0 135 210 4896781462.86482
3.0 135 210 39959715.851275
4.0 135 210 1501672.70631687
5.0 135 210 124863.742273736
6.0 135 210 15856.6465165472
7.0 135 210 2560.43232867071
8.0 135 210 458.567878424624
9.0 135 210 71.5502431145911
10.0 135 210 -2.43227491094198
12.0 135 210 -12.1656292405246
15.0 135 210 -4.77899467547307
20.0 135 210 -1.26746664632613
30.0 135 210 -0.328813793841198
1.0 150 210 20000095147457.3
2.0 150 210 4972434428.79814
3.0 150 210 56945684.2944724
4.0 150 210 3497002.10539286
5.0 150 210 340918.615543185
6.0 150 210 42595.5605235953
7.0 150 210 6518.79718296108
8.0 150 210 1146.90555515807
9.0 150 210 205.915192946706
10.0 150 210 24.8686930123956
12.0 150 210 -12.0623464903937
15.0 150 210 -5.26149632080373
20.0 150 210 -1.34481230952464
30.0 150 210 -0.337419449465005
1.0 165 210 20000309032993.8
2.0 165 210 5769930107.38543
3.0 165 210 343021377.904765
4.0 165 210 30485666.2859019
5.0 165 210 2302530.23109752
6.0 165 210 212145.696520937
7.0 165 210 25498.9836697414
8.0 165 210 3835.21737162648
9.0 165 210 663.120304095519
10.0 165 210 112.211561195924
12.0 165 210 -9.60356229457494
15.0 165 210 -5.87929912914451
20.0 165 210 -1.44513385453084
30.0 165 210 -0.387437058353425
1.0 175 210 20000629663613.1
2.0 175 210 10083543139.9761
3.0 175 210 3142205221.88849
4.0 175 210 228470397.152136
5.0 175 210 11206807.2373497
6.0 175 210 730728.195678668
7.0 175 210 68949.7365880903
8.0 175 210 8834.14961344417
9.0 175 210 1398.49112677046
10.0 175 210 240.708591720775
12.0 175 210 -5.29719536794427
15.0 175 210 -6.30557698896509
20.0 175 210 -1.51660338434342
30.0 175 210 -0.355743768052863
1.0 5 225 20035343681674.8
2.0 5 225 1.05106384953336e+15
3.0 5 225 1.30188712197445e+18
4.0 5 225 590692498982.583
5.0 5 225 771963995.001213
6.0 5 225 10799823.9735187
7.0 5 225 462721.847845497
8.0 5 225 37752.8150449677
9.0 5 225 4595.23681764984
10.0 5 225 705.118889981066
12.0 5 225 8.90491489025146
15.0 5 225 -6.91125031082307
20.0 5 225 -1.61777052125012
30.0 5 225 -0.358203163420577
1.0 15 225 20025392089978.2
2.0 15 225 55987384305021.8
3.0 15 225 274778537571898
4.0 15 225 92484425120.1878
5.0 15 225 334331376.845829
6.0 15 225 6505734.39818285
7.0 15 225 324540.551490741
8.0 15 225 28788.7757057281
9.0 15 225 3679.75109959239
10.0 15 225 578.537037361997
12.0 15 225 5.15942538870691
15.0 15 225 -6.76554928013631
20.0 15 225 -1.58860349631016
30.0 15 225 -0.392730061825731
1.0 30 225 20009545508888.8
2.0 30 225 407639049736.285
3.0 30 225 150773055736.69
4.0 30 225 2112997667.64572
5.0 30 225 39205448.1395106
6.0 30 225 1573339.33902983
7.0 30 225 114835.863074431
8.0 30 225 12726.5018259961
9.0 30 225 1854.86952558543
10.0 30 225 307.94256882672
12.0 30 225 -3.32449476575227
15.0 30 225 -6.36849305174608
20.0 30 225 -1.51498538322159
30.0 30 225 -0.345094443903005
1.0 45 225 20002624195662.6
2.0 45 225 13667396210.2867
3.0 45 225 1626230451.52762
4.0 45 225 76352948.8778246
5.0 45 225 3826833.63162239
6.0 45 225 283015.456164042
7.0 45 225 30196.9889390893
8.0 45 225 4248.16725517459
9.0 45 225 707.121700490901
10.0 45 225 117.378745424211
12.0 45 225 -9.50134493911848
15.0 45 225 -5.83125643571778
20.0 45 225 -1.42493352057716
30.0 45 225 -0.375938014033341
1.0 60 225 20000669761479.8
2.0 60 225 5378865842.78902
3.0 60 225 105060169.307903
4.0 60 225 6483807.70833401
5.0 60 225 533083.899055003
6.0 60 225 58365.1363280751
7.0 60 225 8201.09129607906
8.0 60 225 1371.51510584625
9.0 60 225 241.442821164553
10.0 60 225 31.0859939258324
12.0 60 225 -11.9315668396791
15.0 60 225 -5.28535788608445
20.0 60 225 -1.34046717073246
30.0 60 225 -0.331285029744435
1.0 75 225 20000177518820.7
2.0 75 225 4937657289.93522
3.0 75 225 44132675.5364851
4.0 75 225 1846174.49455103
5.0 75 225 156937.191080906
6.0 75 225 19537.8930664165
7.0 75 225 3078.68170424658
8.0 75 225 544.629635240174
9.0 75 225 87.4328659151548
10.0 75 225 0.506868608606031
12.0 75 225 -12.2443363958539
15.0 75 225 -4.84711223102436
20.0 75 225 -1.27612714423937
30.0 75 225 -0.328896832763139
1.0 90 225 20000048720026.8
2.0 90 225 4892964638.16873
3.0 90 225 38760456.1135581
4.0 90 225 1322590.01964468
5.0 90 225 99570.1799329879
6.0 90 225 11895.7311533687
7.0 90 225 1852.87293256386
8.0 90 225 317.071682979062
9.0 90 225 41.30067215971
10.0 90 225 -8.73394278617271
12.0 90 225 -11.9736380036271
15.0 90 225 -4.57806690580017
20.0 90 225 -1.23721787793794
30.0 90 225 -0.333104235127519
1.0 105 225 20000014191427.4
2.0 105 225 4886533223.93322
3.0 105 225 38069346.2625728
4.0 105 225 1248832.7177972
5.0 105 225 90378.8693619285
6.0 105 225 10524.063671705
7.0 105 225 1612.94163563835
8.0 105 225 269.845160275185
9.0 105 225 31.4606283445567
10.0 105 225 -10.6548681538973
12.0 105 225 -11.8471706473621
15.0 105 225 -4.49874716064319
20.0 105 225 -1.22499407356014
30.0 105 225 -0.291696519316955
1.0 120 225 20000012209667.6
2.0 120 225 4888262520.69506
3.0 120 225 38421789.6661784
4.0 120 225 1300295.08044916
5.0 120 225 98083.8421073454
6.0 120 225 11817.1720457007
7.0 120 225 1857.9186786604
8.0 120 225 320.818338472381
9.0 120 225 42.4651443326018
10.0 120 225 -8.49598761458495
12.0 120 225 -12.0441676592926
15.0 120 225 -4.6144041293274
20.0 120 225 -1.24218050549473
30.0 120 225 -0.288916298585489
1.0 135 225 20000038110302.5
2.0 135 225 4905073733.23988
3.0 135 225 41556707.152169
4.0 135 225 1702685.4213958
5.0 135 225 149712.878302029
6.0 135 225 19344.2936510609
7.0 135 225 3131.38563392512
8.0 135 225 565.223686512159
9.0 135 225 93.1488050816701
10.0 135 225 1.84595662911139
12.0 135 225 -12.3321057975287
15.0 135 225 -4.92283598704401
20.0 135 225 -1.29058261311942
30.0 135 225 -0.368085501928224
1.0 150 225 20000123816527.4
2.0 150 225 5023748892.28928
3.0 150 225 70412036.3284149
4.0 150 225 4970844.49674184
5.0 150 225 479813.882474634
6.0 150 225 57581.8750291111
7.0 150 225 8496.35844494353
8.0 150 225 1461.61283108924
9.0 150 225 263.719743081521
10.0 150 225 36.31809989085
12.0 150 225 -11.866509213058
15.0 150 225 -5.39947753130902
20.0 150 225 -1.36680111150677
30.0 150 225 -0.338240536583158
1.0 165 225 20000358529027.6
2.0 165 225 6129175882.45915
3.0 165 225 507154211.453037
4.0 165 225 44319696.6506195
5.0 165 225 3119121.93883712
6.0 165 225 270419.549129992
7.0 165 225 31098.1073253579
8.0 165 225 4541.54026243664
9.0 165 225 773.637199587352
10.0 165 225 132.267964627657
12.0 165 225 -8.95870257905925
15.0 165 225 -5.97006138849101
20.0 165 225 -1.45997474971252
30.0 165 225 -0.388266217325459
1.0 175 225 20000664869450.5
2.0 175 225 10933299582.8111
3.0 175 225 3865018291.3823
4.0 175 225 273318383.297593
5.0 175 225 12824372.1967295
6.0 175 225 809244.608859987
7.0 175 225 74708.800179649
8.0 175 225 9436.57248769743
9.0 175 225 1481.35364622293
10.0 175 225 254.558552146402
12.0 175 225 -4.83037898604751
15.0 175 225 -6.33948348347579
20.0 175 225 -1.52239144293409
30.0 175 225 -0.356080799080538
1.0 5 240 20035343720036.8
2.0 5 240 1.0510638495373e+15
3.0 5 240 1.30188712197445e+18
4.0 5 240 590692499053.686
5.0 5 240 771964007.667013
6.0 5 240 10799826.4764377
7.0 5 240 462722.336141809
8.0 5 240 37752.8779550022
9.0 5 240 4595.21539760165
10.0 5 240 705.088442434313
12.0 5 240 8.88716775145355
15.0 5 240 -6.91725979634086
20.0 5 240 -1.61902113358428
30.0 5 240 -0.358253411347774
1.0 15 240 20025392193146.3
2.0 15 240 55987384315275.2
3.0 15 240 274778537573128
4.0 15 240 92484425304.5428
5.0 15 240 334331409.756063
6.0 15 240 6505740.89320777
7.0 15 240 324541.800760244
8.0 15 240 28788.9208187756
9.0 15 240 3679.68155567782
10.0 15 240 578.448178303178
12.0 15 240 5.10875123368998
15.0 15 240 -6.78271875794397
20.0 15 240 -1.59222026501799
30.0 15 240 -0.392957461638128
1.0 30 240 20009545706125.4
2.0 30 240 407639069283.517
3.0 30 240 150773058078.013
4.0 30 240 2112998018.90714
5.0 30 240 39205510.8543882
6.0 30 240 1573351.71351843
7.0 30 240 114838.239465925
8.0 30 240 12726.7746037847
9.0 30 240 1854.73421786955
10.0 30 240 307.771292712345
12.0 30 240 -3.42198806488898
15.0 30 240 -6.40158084975644
20.0 30 240 -1.52211068504753
30.0 30 240 -0.346005295322715
1.0 45 240 20002624521487.1
2.0 45 240 13667430114.81
3.0 45 240 1626234558.06616
4.0 45 240 76353564.0224963
5.0 45 240 3826943.06845475
6.0 45 240 283037.08714742
7.0 45 240 30201.2340386737
8.0 45 240 4248.73734069527
9.0 45 240 706.957173221259
10.0 45 240 117.130191512798
12.0 45 240 -9.6479504385191
15.0 45 240 -5.88109954467157
20.0 45 240 -1.43577209755432
30.0 45 240 -0.377387243328805
1.0 60 240 20000670311717
2.0 60 240 5378929428.40753
3.0 60 240 105068056.643408
4.0 60 240 6484984.00460217
5.0 60 240 533291.075476698
6.0 60 240 58406.0274505612
7.0 60 240 8209.36531802973
8.0 60 240 1372.86872737222
9.0 60 240 241.351507589697
10.0 60 240 30.7733289560138
12.0 60 240 -12.1345524591001
15.0 60 240 -5.35456296961133
20.0 60 240 -1.35523819741265
30.0 60 240 -0.332424159386924
1.0 75 240 20000178517478
2.0 75 240 4937794233.33584
3.0 75 240 44150335.8988645
4.0 75 240 1848782.71324099
5.0 75 240 157386.698403577
6.0 75 240 19625.4480783429
7.0 75 240 3096.75802500786
8.0 75 240 548.062484441121
9.0 75 240 87.7024909397665
10.0 75 240 0.181827472558893
12.0 75 240 -12.5136909252673
15.0 75 240 -4.93987417111592
20.0 75 240 -1.29510482543597
30.0 75 240 -0.329449203373916
1.0 90 240 20000050701886.4
2.0 90 240 4893315351.1327
3.0 90 240 38808419.181749
4.0 90 240 1329542.00890049
5.0 90 240 100720.485812899
6.0 90 240 12112.0597572736
7.0 90 240 1897.26505102162
8.0 90 240 326.203657215587
9.0 90 240 42.7562047766364
10.0 90 240 -8.89304979708254
12.0 90 240 -12.3152894811866
15.0 90 240 -4.69970138035581
20.0 90 240 -1.26081640294563
30.0 90 240 -0.333462388295325
1.0 105 240 20000018489111.5
2.0 105 240 4887630872.39407
3.0 105 240 38233194.1978607
4.0 105 240 1271813.01954355
5.0 105 240 93924.6423869304
6.0 105 240 11146.85981059
7.0 105 240 1735.26744220519
8.0 105 240 295.359839873598
9.0 105 240 36.4889400525461
10.0 105 240 -10.0989672916098
12.0 105 240 -12.2436497583485
15.0 105 240 -4.65397866506039
20.0 105 240 -1.25346711171288
30.0 105 240 -0.292274711612653
1.0 120 240 20000022197203.5
2.0 120 240 4892557729.17064
3.0 120 240 39154144.9642093
4.0 120 240 1397495.38543022
5.0 120 240 111461.059077693
6.0 120 240 13909.6274935287
7.0 120 240 2232.7679640905
8.0 120 240 395.363279531064
9.0 120 240 57.8691333495391
10.0 120 240 -5.68893363288281
12.0 120 240 -12.4094838932968
15.0 120 240 -4.80298088212105
20.0 120 240 -1.27489739384636
30.0 120 240 -0.326929089625139
1.0 135 240 20000061787674.9
2.0 135 240 4926308947.47677
3.0 135 240 46019281.7440756
4.0 135 240 2242946.73825345
5.0 135 240 211560.097347389
6.0 135 240 27391.2013287433
7.0 135 240 4368.72919135529
8.0 135 240 786.001158739317
9.0 135 240 136.764578217396
10.0 135 240 10.6022391726608
12.0 135 240 -12.4422395396181
15.0 135 240 -5.13140892079913
20.0 135 240 -1.3251028785595
30.0 135 240 -0.371726856067782
1.0 150 240 20000175221025.1
2.0 150 240 5151763267.0628
3.0 150 240 108265003.311688
4.0 150 240 8890710.62884802
5.0 150 240 813203.396546521
6.0 150 240 90316.63752031
7.0 150 240 12505.9808404914
8.0 150 240 2065.41514325695
9.0 150 240 370.549006034496
10.0 150 240 57.1183714665911
12.0 150 240 -11.3799132265412
15.0 150 240 -5.59257198904479
20.0 150 240 -1.39806172107851
30.0 150 240 -0.340983599682847
1.0 165 240 20000436823896.2
2.0 165 240 6885226576.73666
3.0 165 240 902801936.094209
4.0 165 240 75540572.5996409
5.0 165 240 4770056.20435827
6.0 165 240 378141.653708105
7.0 165 240 40801.4630188381
8.0 165 240 5711.12000840675
9.0 165 240 950.966326547418
10.0 165 240 163.822430270253
12.0 165 240 -7.9199584984187
15.0 165 240 -6.09200653069926
20.0 165 240 -1.48012517856607
30.0 165 240 -0.389585645230575
1.0 175 240 20000714162850.1
2.0 175 240 12296111420.3731
3.0 175 240 5123129667.79761
4.0 175 240 348210395.348611
5.0 175 240 15362492.4441252
6.0 175 240 926995.051808093
7.0 175 240 83089.9855711527
8.0 175 240 10295.7953283735
9.0 175 240 1597.9357242944
10.0 175 240 273.872153204891
12.0 175 240 -4.17986162997124
15.0 175 240 -6.38401554021093
20.0 175 240 -1.53003674571848
30.0 175 240 -0.356527047981533
1.0 5 270 20035343817441.8
2.0 5 270 1.05106384954744e+15
3.0 5 270 1.30188712197444e+18
4.0 5 270 590692499237.674
5.0 5 270 771964040.401369
6.0 5 270 10799832.9476073
7.0 5 270 462723.606755422
8.0 5 270 37753.0490689043
9.0 5 270 4595.16659034948
10.0 5 270 705.014376291161
12.0 5 270 8.84346926501336
15.0 5 270 -6.93205626304923
20.0 5 270 -1.62208897538267
30.0 5 270 -0.358376433310805
1.0 15 270 20025392482490.9
2.0 15 270 55987384345422.5
3.0 15 270 274778537576772
4.0 15 270 92484425851.6677
5.0 15 270 334331507.083609
6.0 15 270 6505760.1318493
7.0 15 270 324545.578597339
8.0 15 270 28789.4301248989
9.0 15 270 3679.53698532847
10.0 15 270 578.228379462246
12.0 15 270 4.97902143111068
15.0 15 270 -6.82666555512461
20.0 15 270 -1.60138732651422
30.0 15 270 -0.393576690436762
1.0 30 270 20009546345975.3
2.0 30 270 407639139066.437
3.0 30 270 150773066621.981
4.0 30 270 2112999296.35919
5.0 30 270 39205737.1438233
6.0 30 270 1573396.43636431
7.0 30 270 114847.153182846
8.0 30 270 12728.101342324
9.0 30 270 1854.5109396698
10.0 30 270 307.34076582737
12.0 30 270 -3.6857429193826
15.0 30 270 -6.49113915887962
20.0 30 270 -1.54108618070517
30.0 30 270 -0.348795617801954
1.0 45 270 20002625738183.1
2.0 45 270 13667577163.5393
3.0 45 270 1626252991.46422
4.0 45 270 76356306.2409106
5.0 45 270 3827423.35549754
6.0 45 270 283131.60046784
7.0 45 270 30220.4907731083
8.0 45 270 4252.04474659166
9.0 45 270 706.897752350694
10.0 45 270 116.518774797633
12.0 45 270 -10.0639276320657
15.0 45 270 -6.02312014373952
20.0 45 270 -1.46597976905272
30.0 45 270 -0.382557198454844
1.0 60 270 20000672661397.8
2.0 60 270 5379265741.31446
3.0 60 270 105111889.413199
4.0 60 270 6491436.21640158
5.0 60 270 534395.172948946
6.0 60 270 58619.8223996719
7.0 60 270 8253.48840080176
8.0 60 270 1381.38937088188
9.0 60 270 242.164912265298
10.0 60 270 30.1037068844907
12.0 60 270 -12.7304939394282
15.0 60 270 -5.56074849653907
20.0 60 270 -1.3980313086085
30.0 60 270 -0.338507465061485
1.0 75 270 20000183344537.2
2.0 75 270 4938682839.78832
3.0 75 270 44273188.4208901
4.0 75 270 1866516.51751288
5.0 75 270 160296.098488319
6.0 75 270 20168.2138379062
7.0 75 270 3207.57582934077
8.0 75 270 570.889345094927
9.0 75 270 91.4355963193343
10.0 75 270 -0.116625740235852
12.0 75 270 -13.3123066757972
15.0 75 270 -5.22608514084004
20.0 75 270 -1.35175026023469
30.0 75 270 -0.374597734615923
1.0 90 270 20000061358816.3
2.0 90 270 4896123891.74629
3.0 90 270 39232263.8109089
4.0 90 270 1388709.59299241
5.0 90 270 109766.364870438
6.0 90 270 13687.2885111433
7.0 90 270 2204.63542795614
8.0 90 270 390.042809986752
9.0 90 270 55.3199797420039
10.0 90 270 -7.48938655009136
12.0 90 270 -13.2910009279063
15.0 90 270 -5.08310343087375
20.0 90 270 -1.33251586790241
30.0 90 270 -0.301469465821147
1.0 105 270 20000043447121.9
2.0 105 270 4898480062.77589
3.0 105 270 40100149.6015381
4.0 105 270 1518514.39883303
5.0 105 270 127622.760931214
6.0 105 270 16387.5723596778
7.0 105 270 2670.71198910758
8.0 105 270 480.879758974738
9.0 105 270 74.654900660167
10.0 105 270 -3.24905544060778
12.0 105 270 -13.2178482549183
15.0 105 270 -5.14457178459591
20.0 105 270 -1.34025827996755
30.0 105 270 -0.375624565307672
1.0 120 270 20000081806186.1
2.0 120 270 4943911949.96955
3.0 120 270 49949495.9080834
4.0 120 270 2703288.49172655
5.0 120 270 261155.533412124
6.0 120 270 33493.9948747384
7.0 120 270 5267.20491893321
8.0 120 270 940.619183216466
9.0 120 270 165.937511118987
10.0 120 270 15.8412317479391
12.0 120 270 -12.8702213874795
15.0 120 270 -5.38631229631787
20.0 120 270 -1.37336060511585
30.0 120 270 -0.339261264742749
1.0 135 270 20000196100083.6
2.0 135 270 5211271769.54171
3.0 135 270 127449197.572473
4.0 135 270 10797933.9098523
5.0 135 270 963724.553660336
6.0 135 270 104134.790970557
7.0 135 270 14113.4277164711
8.0 135 270 2298.06319316464
9.0 135 270 410.114297054235
10.0 135 270 64.294645028842
12.0 135 270 -11.4604316313887
15.0 135 270 -5.74605269159938
20.0 135 270 -1.42590069881786
30.0 135 270 -0.38287665261858
1.0 150 270 20000423319110.9
2.0 150 270 6726507452.77531
3.0 150 270 814606869.282802
4.0 150 270 68778972.792121
5.0 150 270 4429620.83483815
6.0 150 270 356824.506303356
7.0 150 270 38939.8657053484
8.0 150 270 5491.53083340106
9.0 150 270 917.896576235331
10.0 150 270 157.756666439492
12.0 150 270 -8.2693476022038
15.0 150 270 -6.12263616354168
20.0 150 270 -1.48499696253174
30.0 150 270 -0.348608414136161
1.0 165 270 20000719050890.5
2.0 165 270 12435902957.8261
3.0 165 270 5258806841.89884
4.0 165 270 356084581.881876
5.0 165 270 15619377.8599688
6.0 165 270 938591.14983414
7.0 165 270 83901.0902739549
8.0 165 270 10377.960641191
9.0 165 270 1608.91461404812
10.0 165 270 275.612736258167
12.0 165 270 -4.16312453552401
15.0 165 270 -6.40244632359159
20.0 165 270 -1.53261274247443
30.0 165 270 -0.392968201506481
1.0 175 270 20000851329729.2
2.0 175 270 17361730979.2511
3.0 175 270 10774759954.2597
4.0 175 270 653409722.331816
5.0 175 270 24349270.6862168
6.0 175 270 1304957.26901761
7.0 175 270 108339.708302442
8.0 175 270 12778.3966544079
9.0 175 270 1925.46169596369
10.0 175 270 327.150246522986
12.0 175 270 -2.39171884801011
15.0 175 270 -6.49303365350572
20.0 175 270 -1.54898034279044
30.0 175 270 -0.35762145494003
1.0 5 300 20035343922083.6
2.0 5 300 1.05106384955858e+15
3.0 5 300 1.30188712197445e+18
4.0 5 300 590692499440.75
5.0 5 300 771964076.462351
6.0 5 300 10799840.0782479
7.0 5 300 462725.018510969
8.0 5 300 37753.2499426024
9.0 5 300 4595.12244686361
10.0 5 300 704.939607647213
12.0 5 300 8.7985366391901
15.0 5 300 -6.94727141035795
20.0 5 300 -1.62522482031546
30.0 5 300 -0.35849061056195
1.0 15 300 20025392841261.7
2.0 15 300 55987384385479.4
3.0 15 300 274778537581710
4.0 15 300 92484426588.0782
5.0 15 300 334331637.263188
6.0 15 300 6505785.85791749
7.0 15 300 324550.743406576
8.0 15 300 28790.2338194978
9.0 15 300 3679.44056361458
10.0 15 300 578.003577773832
12.0 15 300 4.83811947839267
15.0 15 300 -6.87439358309257
20.0 15 300 -1.61106247837202
30.0 15 300 -0.393650516495504
1.0 30 300 20009547330032.6
2.0 30 300 407639263175.147
3.0 30 300 150773082327.124
4.0 30 300 2113001627.56633
5.0 30 300 39206143.4294454
6.0 30 300 1573476.18133063
7.0 30 300 114863.50735306
8.0 30 300 12731.0327914215
9.0 30 300 1854.57972843691
10.0 30 300 306.912053251375
12.0 30 300 -3.99484141364462
15.0 30 300 -6.59620004380098
20.0 30 300 -1.56136303645107
30.0 30 300 -0.347296253531602
1.0 45 300 20002628058727.8
2.0 45 300 13667932674.7554
3.0 45 300 1626300041.08994
4.0 45 300 76363200.0343834
5.0 45 300 3828591.13738979
6.0 45 300 283355.871825555
7.0 45 300 30266.8035724401
8.0 45 300 4261.24322586944
9.0 45 300 708.02456795856
10.0 45 300 116.031671718662
12.0 45 300 -10.5819148653749
15.0 45 300 -6.20203613094185
20.0 45 300 -1.49857407166084
30.0 45 300 -0.379162535256609
1.0 60 300 20000678204384
2.0 60 300 5380398213.65112
3.0 60 300 105272331.303528
4.0 60 300 6514391.71857686
5.0 60 300 538090.623488922
6.0 60 300 59296.8765366386
7.0 60 300 8390.33639396174
8.0 60 300 1409.85588469789
9.0 60 300 247.241470407737
10.0 60 300 30.1545401790191
12.0 60 300 -13.4939419709967
15.0 60 300 -5.8378679862009
20.0 60 300 -1.44615129002521
30.0 60 300 -0.334572553343071
1.0 75 300 20000197304410.8
2.0 75 300 4942993845.04968
3.0 75 300 44950389.4552179
4.0 75 300 1959521.58326492
5.0 75 300 174041.330526201
6.0 75 300 22481.7524981361
7.0 75 300 3647.4688621752
8.0 75 300 661.340840361099
9.0 75 300 109.741675493955
10.0 75 300 2.52553042854081
12.0 75 300 -14.2899985875321
15.0 75 300 -5.63151406097676
20.0 75 300 -1.41946003428129
30.0 75 300 -0.405717496294989
1.0 90 300 20000098317991.6
2.0 90 300 4916591571.77256
3.0 90 300 43006083.7321825
4.0 90 300 1872595.18921776
5.0 90 300 171997.964763286
6.0 90 300 22803.9103789483
7.0 90 300 3754.6586235039
8.0 90 300 687.641312954511
9.0 90 300 116.114531876985
10.0 90 300 4.10001107187515
12.0 90 300 -14.2106983089957
15.0 90 300 -5.64310765920379
20.0 90 300 -1.4229513438328
30.0 90 300 -0.337380276638044
1.0 105 300 20000142536387.6
2.0 105 300 5022023035.83867
3.0 105 300 69545203.0429794
4.0 105 300 4881643.55939953
5.0 105 300 473501.666243676
6.0 105 300 57256.6591902159
7.0 105 300 8510.0654075765
8.0 105 300 1470.29808466482
9.0 105 300 264.054146734752
10.0 105 300 34.5411085901267
12.0 105 300 -13.2324515432096
15.0 105 300 -5.85958290465484
20.0 105 300 -1.45316404820674
30.0 105 300 -0.378902654440759
1.0 120 300 20000330350517.1
2.0 120 300 5856858586.90205
3.0 120 300 380880588.980712
4.0 120 300 33744242.4284848
5.0 120 300 2502408.69881781
6.0 120 300 226983.226456579
7.0 120 300 26982.6706079244
8.0 120 300 4028.17066204197
9.0 120 300 692.574191008847
10.0 120 300 116.333764504209
12.0 120 300 -10.3164851620894
15.0 120 300 -6.20041673485865
20.0 120 300 -1.50202577844686
30.0 120 300 -0.34299885130366
1.0 135 300 20000707670533.9
2.0 135 300 12005778590.5166
3.0 135 300 4844973526.40088
4.0 135 300 331954994.808846
5.0 135 300 14827104.5583024
6.0 135 300 902737.869569902
7.0 135 300 81400.3796976922
8.0 135 300 10125.440268863
9.0 135 300 1574.29923529427
10.0 135 300 269.253573485929
12.0 135 300 -4.79437060918416
15.0 135 300 -6.53532789528042
20.0 135 300 -1.55459819891722
30.0 135 300 -0.347892563351288
1.0 150 300 20001139172187.2
2.0 150 300 36785943758.8046
3.0 150 300 44834289598.0985
4.0 150 300 2101861717.27964
5.0 150 300 55270786.2376112
6.0 150 300 2358769.92008986
7.0 150 300 170126.870440336
8.0 150 300 18364.0666268601
9.0 150 300 2622.10056691672
10.0 150 300 436.121865072673
12.0 150 300 1.02769562991327
15.0 150 300 -6.73656242840641
20.0 150 300 -1.59021162091735
30.0 150 300 -0.352595240978021
1.0 165 300 20001228723605.5
2.0 165 300 46529521871.1386
3.0 165 300 68815462436.0836
4.0 165 300 2954959817.45921
5.0 165 300 69559810.7552617
6.0 165 300 2773654.9357949
7.0 165 300 192132.108464826
8.0 165 300 20228.3800494711
9.0 165 300 2845.13729054711
10.0 165 300 470.36693942671
12.0 165 300 2.29400925957699
15.0 165 300 -6.73158921128956
20.0 165 300 -1.59099736705834
30.0 165 300 -0.395995947708233
1.0 175 300 20001019479051.1
2.0 175 300 26955255195.6769
3.0 175 300 25254503464.9744
4.0 175 300 1321463277.87099
5.0 175 300 40136940.2130625
6.0 175 300 1877051.51323423
7.0 175 300 143111.196680646
8.0 175 300 15992.7305316805
9.0 175 300 2332.39251279185
10.0 175 300 391.584056298085
12.0 175 300 -0.248523652454165
15.0 175 300 -6.60395508898662
20.0 175 300 -1.56863461756915
30.0 175 300 -0.358729269863203
1.0 5 315 20035343967691.6
2.0 5 315 1.05106384956352e+15
3.0 5 315 1.30188712197445e+18
4.0 5 315 590692499530.98
5.0 5 315 771964092.46197
6.0 5 315 10799843.2419631
7.0 5 315 462725.648221595
8.0 5 315 37753.3426732873
9.0 5 315 4595.10570506172
10.0 5 315 704.908460599127
12.0 5 315 8.77955505368131
15.0 5 315 -6.95369986985617
20.0 5 315 -1.62654467252525
30.0 5 315 -0.358538215883549
1.0 15 315 20025393014644.2
2.0 15 315 55987384405837.2
3.0 15 315 274778537584243
4.0 15 315 92484426965.7397
5.0 15 315 334331703.671834
6.0 15 315 6505798.958481
7.0 15 315 324553.403787871
8.0 15 315 28790.6786808042
9.0 15 315 3679.42040402098
10.0 15 315 577.909984483597
12.0 15 315 4.77625501353745
15.0 15 315 -6.8953808434848
20.0 15 315 -1.61527302801955
30.0 15 315 -0.39370094756617
1.0 30 315 20009547887291
2.0 30 315 407639341551.985
3.0 30 315 150773092491.56
4.0 30 315 2113003126.37596
5.0 30 315 39206400.8431257
6.0 30 315 1573526.19099204
7.0 30 315 114873.845196852
8.0 30 315 12733.0238882665
9.0 30 315 1854.7625280322
10.0 30 315 306.748408790019
12.0 30 315 -4.1378291812034
15.0 30 315 -6.64524504569061
20.0 30 315 -1.57068677130706
30.0 30 315 -0.346862760111322
1.0 45 315 20002629604435.2
2.0 45 315 13668217025.454
3.0 45 315 1626339274.51321
4.0 45 315 76368869.2072308
5.0 45 315 3829522.9591341
6.0 45 315 283530.020871233
7.0 45 315 30302.434441793
8.0 45 315 4268.61459694037
9.0 45 315 709.250905641836
10.0 45 315 115.953949052775
12.0 45 315 -10.8300260635359
15.0 45 315 -6.29046279318882
20.0 45 315 -1.51442174649529
30.0 45 315 -0.378300594621147
1.0 60 315 20000682554985.3
2.0 60 315 5381577234.72633
3.0 60 315 105450886.862243
4.0 60 315 6539291.0466896
5.0 60 315 541886.256326545
6.0 60 315 59955.4655477545
7.0 60 315 8518.51432830881
8.0 60 315 1436.51785366268
9.0 60 315 252.568181026853
10.0 60 315 30.8226934269578
12.0 60 315 -13.8555649549934
15.0 60 315 -5.98182561932819
20.0 60 315 -1.47068351388069
30.0 60 315 -0.334057605129617
1.0 75 315 20000210171182.5
2.0 75 315 4949060401.73843
3.0 75 315 46011048.8756628
4.0 75 315 2098780.64996965
5.0 75 315 192790.495937969
6.0 75 315 25350.2689405623
7.0 75 315 4152.08024682322
8.0 75 315 760.491413852677
9.0 75 315 130.192475151397
10.0 75 315 6.35208336916235
12.0 75 315 -14.6845703543815
15.0 75 315 -5.84992205561215
20.0 75 315 -1.45518412213612
30.0 75 315 -0.369586814771084
1.0 90 315 20000137744423.4
2.0 90 315 4957493573.87062
3.0 90 315 52019224.9000684
4.0 90 315 2940554.73813938
5.0 90 315 289303.665329734
6.0 90 315 37475.4715917722
7.0 90 315 5939.8050802485
8.0 90 315 1068.52263864875
9.0 90 315 190.315554653683
10.0 90 315 19.0031031066394
12.0 90 315 -14.2736235755305
15.0 90 315 -5.94926399916484
20.0 90 315 -1.47162182704096
30.0 90 315 -0.379449298997037
1.0 105 315 20000260603218.9
2.0 105 315 5392838317.70103
3.0 105 315 190595052.259419
4.0 105 315 16841429.5912326
5.0 105 315 1410309.67030872
6.0 105 315 142982.537570593
7.0 105 315 18474.5602017994
8.0 105 315 2915.89109249352
9.0 105 315 513.480400055896
10.0 105 315 82.4693326903924
12.0 105 315 -11.9893229086391
15.0 105 315 -6.24422355540867
20.0 105 315 -1.51411772862926
30.0 105 315 -0.343819757468656
1.0 120 315 20000638728862.4
2.0 120 315 10095168710.9784
3.0 120 315 3151207478.0365
4.0 120 315 229043883.205647
5.0 120 315 11229277.4913428
6.0 120 315 732058.699247088
7.0 120 315 69085.6935547439
8.0 120 315 8852.96230805962
9.0 120 315 1400.19299167881
10.0 120 315 239.680500896884
12.0 120 315 -6.21553086283583
15.0 120 315 -6.61602383705094
20.0 120 315 -1.57031796976259
30.0 120 315 -0.346167715178408
1.0 135 315 20001296802006.1
2.0 135 315 54965568198.5495
3.0 135 315 93230105177.1139
4.0 135 315 3750216160.44528
5.0 135 315 81494684.0926806
6.0 135 315 3097903.63977731
7.0 135 315 208680.718692474
8.0 135 315 21597.9806114113
9.0 135 315 3005.65454636269
10.0 135 315 493.93040026555
12.0 135 315 2.64081655197245
15.0 135 315 -6.90786479103694
20.0 135 315 -1.62030911291676
30.0 135 315 -0.389072332146403
1.0 150 315 20001797823633.9
2.0 150 315 186945273984.576
3.0 150 315 959283445804.729
4.0 150 315 21287185487.77
5.0 150 315 241948553.133453
6.0 150 315 6463355.88021218
7.0 150 315 357781.722846302
8.0 150 315 32931.9781647912
9.0 150 315 4269.62785414778
10.0 150 315 678.58928117433
12.0 150 315 8.7705548416393
15.0 150 315 -7.00659018265704
20.0 150 315 -1.6408795982994
30.0 150 315 -0.354648467253898
1.0 165 315 20001554415823.5
2.0 165 315 105233197559.058
3.0 165 315 311002191961.187
4.0 165 315 9399292325.90561
5.0 165 315 147080544.275483
6.0 165 315 4641611.90531124
7.0 165 315 281277.758656255
8.0 165 315 27309.9263795043
9.0 165 315 3656.95213274179
10.0 165 315 590.843280949677
12.0 165 315 6.16341773155196
15.0 165 315 -6.87138632918444
20.0 165 315 -1.61715033036749
30.0 165 315 -0.397329231864933
1.0 175 315 20001100070507.9
2.0 175 315 33311617695.5988
3.0 175 315 37380402912.4859
4.0 175 315 1816203162.54486
5.0 175 315 50016798.9952912
6.0 175 315 2197195.04128889
7.0 175 315 161253.789717077
8.0 175 315 17595.574506642
9.0 175 315 2529.27434350665
10.0 175 315 422.146210116726
12.0 175 315 0.759014595787122
15.0 175 315 -6.65037752070197
20.0 175 315 -1.57699221706251
30.0 175 315 -0.359195069901393
