# Fix print output for fix 333
2000 2e-13 0.050108963437676 301.569212602334 66.8161221786429 -123.523256466134 6.19795994361365
4000 4e-13 0.102889237179786 306.730365844432 -73.059049756429 -201.035003241258 6.30403383882773
6000 6e-13 0.181406222600778 309.350346744607 397.658902423376 -298.741772942755 6.35788063748529
8000 8e-13 0.295220437261859 312.078281646341 -415.550567090399 -409.354590907097 6.41394614597614
10000 1e-12 0.419170979615574 310.141296936633 1753.42703909898 -540.290726515244 6.37413653299025
12000 1.2e-12 0.503876523545348 307.578633549102 1794.19160328305 -624.818179112146 6.32146774466195
14000 1.4e-12 0.569893200232084 285.243169362818 1358.91660896839 -705.067257419998 5.8624211757035
16000 1.6e-12 0.638632099849928 327.10663859176 614.85692779109 -771.204514629907 6.72281439403852
18000 1.8e-12 0.693438458788505 289.566175102977 -1354.96392520722 -839.436643053214 5.95126915916409
20000 2e-12 0.732174700588401 291.466025709271 578.88672530391 -889.414268956646 5.9903155785749
22000 2.2e-12 0.774166656795498 289.32222220846 -2085.68619964649 -925.576159452774 5.94625535070765
24000 2.4e-12 0.814560297715032 266.032606294478 1863.54759756128 -970.696001152247 5.46759870903199
26000 2.6e-12 0.839616306634926 312.510415647285 -2605.49992980394 -1001.4594985741 6.42282752085196
28000 2.8e-12 0.856133172154297 281.121461119897 -77.7400376735436 -1011.25107797851 5.77771033148819
30000 3e-12 0.860559286621663 299.240299378949 -776.442749623432 -1022.35372744161 6.15009527352305
32000 3.2e-12 0.86916988813723 300.231654143818 -6088.32069675788 -1031.24392377016 6.17046995656694
34000 3.4e-12 0.883201224264517 317.726411549552 975.056390845078 -1040.43251228492 6.53002856232874
36000 3.6e-12 0.881693395818244 307.185291280461 -4421.5064521457 -1047.81477241186 6.31338363155196
38000 3.8e-12 0.881541295048778 307.573781296594 -5786.12727241907 -1051.80049340993 6.32136801940677
40000 4e-12 0.88540845359421 315.0789802784 -1144.86591413124 -1054.7734796849 6.47561759368086
42000 4.2e-12 0.882115878541195 270.358660380153 -1467.11418360228 -1061.11391697582 5.55650934319635
44000 4.4e-12 0.885373538386091 301.519810577898 1274.59052354994 -1061.27814278423 6.1969446152718
46000 4.6e-12 0.884202409859515 320.203481461385 6995.78255134481 -1060.43692488904 6.58093820246935
48000 4.8e-12 0.885709335925265 303.670552810926 -931.497089414099 -1061.73642691895 6.2411474504827
50000 5e-12 0.884896162447225 287.140706852363 954.871469185732 -1062.09572917942 5.90142005509909
52000 5.2e-12 0.882050026070601 289.846305941716 2983.98789192976 -1062.48009067054 5.95702650986476
54000 5.4e-12 0.87991473146063 345.27219030607 -2309.62904679524 -1064.31778656777 7.0961594079654
56000 5.6e-12 0.881348826786073 274.863938905598 -5060.17941659208 -1063.18370467011 5.64910346311519
58000 5.8e-12 0.886952121558405 269.589947475211 1418.96701113975 -1065.14261290553 5.54071047648891
60000 6e-12 0.878590454865115 288.016832288108 -985.508781879898 -1064.56267459831 5.91942650313624
62000 6.2e-12 0.882808712473326 301.011093913909 495.685218784937 -1066.14977482873 6.18648928570135
64000 6.4e-12 0.883423944459229 294.281534326244 4896.2385443369 -1065.40115132807 6.0481809338554
66000 6.6e-12 0.885172932351746 324.76122695403 773.135679188773 -1065.53862496368 6.67461064254648
68000 6.8e-12 0.881300552180778 309.195897276337 181.384697743309 -1065.37405843227 6.35470633593976
70000 7e-12 0.884898043642002 308.34250364226 -2860.43999975361 -1065.97949519363 6.33716708014338
72000 7.2e-12 0.885632513707918 290.912764601989 1173.16111917583 -1069.39186007857 5.97894475543384
74000 7.4e-12 0.886358279127679 298.402724133988 1896.69413468755 -1068.86115066622 6.13288112300274
76000 7.6e-12 0.882787842892968 309.998908130453 -4864.87680652799 -1069.19113733224 6.37121010655066
78000 7.8e-12 0.888482900525919 307.699670893411 932.545348328116 -1069.93716292331 6.32395534810541
80000 8e-12 0.884791647614157 274.969738324265 -1388.96224526795 -1070.35698807612 5.65127789117865
82000 8.2e-12 0.883321949132976 303.402560622948 -622.273804922112 -1072.09796217784 6.23563957773947
84000 8.4e-12 0.886470980747908 300.757424685053 -491.427733384889 -1073.05191055202 6.18127578361404
86000 8.6e-12 0.889019870879372 295.436091974152 2562.37373549114 -1071.80199563001 6.07190982180313
88000 8.8e-12 0.885868581918898 262.572316109311 -4387.79020318178 -1073.23057984154 5.39648156887078
90000 9e-12 0.884183530407084 300.300139036269 2118.8071257005 -1072.43631422576 6.17187748294038
92000 9.2e-12 0.884936058351352 312.352450180398 396.538461656342 -1072.27497614233 6.41958095722634
94000 9.4e-12 0.886190189330672 352.811933123623 -2630.95110061362 -1073.05119959917 7.25111893969309
96000 9.6e-12 0.880023707583266 343.306934991819 -7436.41341664583 -1073.20661652961 7.05576876725116
98000 9.8e-12 0.883300998275044 327.514074381091 -1853.1470611164 -1073.16661192677 6.73118816230245
100000 1e-11 0.886462804225484 327.238319381576 -2163.3153152954 -1073.38407251099 6.72552074543819
102000 1.02e-11 0.890029409855634 312.152378579472 6203.45348357749 -1073.34446393118 6.41546901304712
104000 1.04e-11 0.886472296451102 274.938998878194 1694.36324764391 -1072.48050265234 5.65064612292288
106000 1.06e-11 0.885885432270808 314.22473710177 -675.457260239611 -1073.25729790803 6.4580608777775
108000 1.08e-11 0.883890840771644 305.318747819723 -3977.64529603614 -1073.07082509138 6.27502175268895
110000 1.1e-11 0.886409645364884 321.153448357916 840.174265591 -1073.16871211214 6.60046226701709
112000 1.12e-11 0.888508610595475 304.163204143425 1845.78374628202 -1072.82049703354 6.25127259952774
114000 1.14e-11 0.883420061490216 322.16829607476 -1515.70345613456 -1073.68361566433 6.6213197857392
116000 1.16e-11 0.88289114232696 276.190694135895 703.132551057147 -1073.11038239605 5.67637141829338
118000 1.18e-11 0.886085799780794 247.579598846352 3208.25406108529 -1072.58055106784 5.08834580050148
120000 1.2e-11 0.888804856548167 303.762132808046 1589.15673743326 -1072.88545801788 6.2430296358321
122000 1.22e-11 0.886897981546482 273.175475320327 -4312.96076987956 -1072.6311568712 5.61440154650555
124000 1.24e-11 0.885086491916688 299.134685242664 -952.35768431887 -1072.9075942336 6.14792465345039
126000 1.26e-11 0.888018667056106 286.532879662629 3571.18762857534 -1073.69341908717 5.88892777002098
128000 1.28e-11 0.887718362726597 292.746461955626 4052.37874691562 -1072.7070854251 6.01663156917876
130000 1.3e-11 0.888162563700762 304.276579922173 -761.897883428364 -1072.80602944353 6.25360273969423
132000 1.32e-11 0.885291298376945 328.4532892899 -1820.22895728894 -1072.95142351199 6.75049124809498
134000 1.34e-11 0.886297061184739 289.523842970124 -2223.61071955014 -1073.09257488302 5.95039913380079
136000 1.36e-11 0.883948210851894 285.620097233346 -10.4197506042065 -1073.20870829635 5.87016793414412
138000 1.38e-11 0.885998941877282 280.978894081664 2548.11142414381 -1072.68479878672 5.77478024195876
140000 1.4e-11 0.888709441163522 330.175184771296 7677.96945148736 -1073.03146253483 6.78588026917137
142000 1.42e-11 0.885065458920787 278.343072201546 -916.844361984747 -1072.54040475657 5.72060787373025
144000 1.44e-11 0.88280430176323 305.712155325056 -2078.04198344776 -1073.02550117278 6.28310720656711
146000 1.46e-11 0.885605873116803 331.558156300556 1323.02395191456 -1073.60740456575 6.81430360213547
148000 1.48e-11 0.886964656898272 273.304486902283 530.435921215746 -1073.43749169099 5.61705303937622
150000 1.5e-11 0.890485245682494 306.72649073077 4176.42219206933 -1072.97293978468 6.30395419608489
152000 1.52e-11 0.883619478998061 271.315114557721 2004.76345924157 -1073.16084579384 5.57616673669921
154000 1.54e-11 0.88408528078414 299.840567086164 2137.69391718285 -1074.15990813794 6.16243219337193
156000 1.56e-11 0.886989685665727 291.236855352442 8161.16405081966 -1072.67147010821 5.98560558619992
158000 1.58e-11 0.887357122052226 283.95370078687 -2253.38308900296 -1074.13920252689 5.83591954938259
160000 1.6e-11 0.884000828852254 355.336387062478 -5891.99081171304 -1073.31048870861 7.30300243356005
162000 1.62e-11 0.882604870029497 277.594302258219 -1027.17609907547 -1073.14495615905 5.70521888201031
164000 1.64e-11 0.885677789312729 287.510630822173 -2165.38429404423 -1073.6029047326 5.90902286682937
166000 1.66e-11 0.881960475756299 289.630764259306 -2861.89625879838 -1074.28868796029 5.95259661895438
168000 1.68e-11 0.886914737561328 296.658076277432 -2276.05680003844 -1074.13518673462 6.09702448685167
170000 1.7e-11 0.885514956935446 336.06830023352 3280.93556605429 -1073.12575883177 6.90699771767605
172000 1.72e-11 0.882844499556132 327.824704341762 -150.889942882695 -1073.37797089008 6.73757234202994
174000 1.74e-11 0.885691286538645 278.811430410127 213.712200888917 -1073.93590586105 5.73023374167279
176000 1.76e-11 0.885238146657836 321.09425629908 -1157.78577741599 -1073.24541756744 6.59924573033391
178000 1.78e-11 0.887382800613309 301.799974097074 1431.47632845419 -1073.90614908804 6.20270263763267
180000 1.8e-11 0.886167793626798 244.648796908678 -2471.29306511931 -1073.09343327575 5.02811089503611
182000 1.82e-11 0.883942046341334 304.082730212266 367.912966358138 -1073.31694604909 6.24961867007811
184000 1.84e-11 0.885892679385301 311.484836107548 439.228193815428 -1073.21677979134 6.40174943780949
186000 1.86e-11 0.883183374377333 265.766066574293 2124.71011474464 -1073.22221753449 5.46212068793418
188000 1.88e-11 0.887577094217937 327.1261734306 3387.94816358999 -1073.70873302946 6.72321588113859
190000 1.9e-11 0.884415987201949 290.108735717038 344.184433705002 -1073.70945696827 5.96242006188361
192000 1.92e-11 0.884788006278209 331.338226974253 -3787.37790847438 -1073.40288617514 6.80978353477485
194000 1.94e-11 0.887499463569078 293.425055940821 2486.04071628435 -1072.96115916327 6.03057827912943
196000 1.96e-11 0.886101652408428 277.616709241344 -520.965627808439 -1073.7650046682 5.70567939846248
198000 1.98e-11 0.884355057929422 317.337030784096 1260.98403667422 -1072.92796544043 6.52202586747045
200000 2e-11 0.886426830575133 308.537642221314 2004.12939009468 -1073.7506115855 6.34117763906615
202000 2.02e-11 0.884434473052032 303.823152682528 -3420.18328400863 -1073.05213183841 6.24428373844601
204000 2.04e-11 0.885399694680658 321.104933896444 -1667.36960996388 -1073.94696131129 6.5994651801915
206000 2.06e-11 0.886774369898616 307.645225729755 251.774527321742 -1073.34006810933 6.32283637133536
208000 2.08e-11 0.893338117237678 309.668750560525 7549.05664852647 -1073.4995406233 6.36442458830814
210000 2.1e-11 0.887292933037653 299.009434851071 -1762.4129907949 -1073.97751214623 6.14535046192958
212000 2.12e-11 0.882843021327505 299.244721906704 -6049.98674819549 -1073.79461578271 6.15018616691909
214000 2.14e-11 0.881615775943141 301.134282638361 -1447.27678029143 -1072.79663755484 6.18902110509059
216000 2.16e-11 0.884138155572231 283.808717991447 -2654.31583905011 -1073.54399620517 5.83293981033433
218000 2.18e-11 0.884509513863693 298.99395681552 -2156.55271279907 -1073.81384813306 6.14503235172356
220000 2.2e-11 0.886019592173091 273.586411143423 2168.92389967843 -1073.87778413588 5.62284724873413
222000 2.22e-11 0.890351826040824 277.249122933681 2966.76915129979 -1074.00259350397 5.69812463121333
224000 2.24e-11 0.888126744653827 290.848526231104 -2378.63943217932 -1074.15479401068 5.97762450511334
226000 2.26e-11 0.882345520399435 309.372518176746 -2056.75361636883 -1073.44804347085 6.35833631280807
228000 2.28e-11 0.884806045936284 321.644497430892 -2233.13010767482 -1074.01558778918 6.6105544858427
230000 2.3e-11 0.88721649930046 295.022181505366 288.063544783119 -1074.08998327344 6.0634029835764
232000 2.32e-11 0.887327463784093 307.38439832651 2185.9249555025 -1073.59311075632 6.31747575184917
234000 2.34e-11 0.887286419326128 309.691452580398 -2133.65275694936 -1073.36048891065 6.36489116846265
236000 2.36e-11 0.885385947346713 293.611052898086 -3341.28902743269 -1072.96418170281 6.03440095612227
238000 2.38e-11 0.886081824217991 305.815589357942 -3826.49668639456 -1073.85176760257 6.28523302036321
240000 2.4e-11 0.886534987956369 304.723686799567 -1275.99480549944 -1073.9049716021 6.26279184256282
242000 2.42e-11 0.886839690626804 267.957881580133 702.828659955345 -1073.47918232053 5.50716766568358
244000 2.44e-11 0.890651464176579 271.966993906905 4778.12768644624 -1074.05684828265 5.58956439775169
246000 2.46e-11 0.88586051518031 275.730983365295 -1472.52730737562 -1073.55853179379 5.6669232756357
248000 2.48e-11 0.881043926501732 275.57928262607 -594.343799203247 -1073.24089243153 5.66380546696744
250000 2.5e-11 0.885939008707718 268.710861246733 -2935.68257957323 -1073.19608843397 5.52264317716459
252000 2.52e-11 0.885652416646524 289.54701213558 -836.790328550947 -1073.34849491642 5.95087531490092
254000 2.54e-11 0.891781732144224 321.613184542352 -1027.74950873555 -1072.85605765465 6.60991093198913
256000 2.56e-11 0.883735172338573 271.374160817049 934.287693784764 -1073.65103501977 5.57738027685794
258000 2.58e-11 0.888924877041528 306.745616972546 4990.28255021187 -1074.23100099548 6.30434728554974
260000 2.6e-11 0.889983749476391 299.46973366344 2678.30456325062 -1072.89676927069 6.15481069023517
262000 2.62e-11 0.888333255360613 294.567359931399 -4836.92101406744 -1074.11940463382 6.05405532546298
264000 2.64e-11 0.887311708027625 330.831169710709 -720.511626054944 -1073.46066851202 6.7993623098048
266000 2.66e-11 0.884343895328707 310.045177378047 1912.41811366098 -1074.14898596091 6.37216104892549
268000 2.68e-11 0.886383712370369 283.351015409594 1033.06968831606 -1074.09330352103 5.82353294070087
270000 2.7e-11 0.889257834249241 340.9535745614 5715.99584094195 -1073.54870735405 7.0074016492859
272000 2.72e-11 0.888013590887401 290.204390092878 4757.53446975108 -1073.55863186548 5.96438598534368
274000 2.74e-11 0.887501028026908 297.9614009307 193.164465062681 -1073.39560720549 6.12381088830416
276000 2.76e-11 0.882311629769273 292.874761952846 -5382.70166490138 -1073.29509293556 6.01926843730159
278000 2.78e-11 0.884596169821792 291.825613347448 -1510.13349101298 -1073.22511249147 5.99770595426481
280000 2.8e-11 0.886411912150618 289.510234669001 2122.60174275595 -1073.38142866853 5.95011945105556
282000 2.82e-11 0.885152663214246 290.444874001954 1075.76456944185 -1073.34406697245 5.9693284979519
284000 2.84e-11 0.887787606061414 306.071160699474 -42.5355182770018 -1073.37013836959 6.29048561536084
286000 2.86e-11 0.890685855627266 277.103310975601 7816.02968808158 -1073.5968418178 5.69512785091313
288000 2.88e-11 0.887026924006669 309.803051836398 -1419.17923985553 -1074.32913671617 6.36718479688864
290000 2.9e-11 0.887518859421896 282.518637145103 -2926.65679131869 -1073.89873139939 5.80642560040998
292000 2.92e-11 0.886867666838233 306.825128054122 -491.070913711641 -1073.57003938745 6.30598142616517
294000 2.94e-11 0.887280078231589 309.77754252504 3104.2568503429 -1073.03558190912 6.36666052026032
296000 2.96e-11 0.886339236171268 279.530653226579 630.863155267717 -1073.3583700835 5.74501547011396
298000 2.98e-11 0.884926443713917 309.117130922073 2937.85829162469 -1073.34788844782 6.35308750123041
300000 3e-11 0.88774973651557 313.084791643443 331.906500170258 -1073.7239663948 6.43463230485508
302000 3.02e-11 0.882590124486172 292.4313772848 -5203.18601040179 -1072.97491495689 6.01015583463089
304000 3.04e-11 0.885929644705643 301.633420589989 -402.088155073983 -1074.03991818946 6.19927956948697
306000 3.06e-11 0.884621284634494 294.610870944492 654.931983943447 -1073.80932881405 6.05494957960096
308000 3.08e-11 0.886748846452548 241.577044942071 2575.9348071242 -1073.20764160685 4.96497913340349
310000 3.1e-11 0.888840108885639 300.574972183945 77.1037868447959 -1073.36714154322 6.17752595357096
312000 3.12e-11 0.886372970890893 260.280442680386 -777.5553733186 -1073.66394717562 5.34937815408341
314000 3.14e-11 0.890378165460186 331.466614579241 -3042.97081801966 -1073.48058521927 6.81242220344431
316000 3.16e-11 0.88377479154054 326.612679761673 -3693.31560857177 -1073.47429733137 6.71266237282836
318000 3.18e-11 0.88880254157582 307.149081951311 -375.060244847626 -1073.93342615324 6.31263944427329
320000 3.2e-11 0.887532020520899 279.795947865772 -5625.31042535965 -1073.16092101604 5.75046790185521
322000 3.22e-11 0.889504198942766 279.590613349716 1147.44593329849 -1073.80450080971 5.74624779233349
324000 3.24e-11 0.885888113730181 295.939000185184 3138.13749678792 -1073.45146366668 6.08224577393962
326000 3.26e-11 0.889275318827822 303.840895094569 2387.49789548134 -1073.09625593258 6.24464838693974
328000 3.28e-11 0.886842984663682 302.615636723987 -4716.53471535334 -1072.99427248334 6.21946643207137
330000 3.3e-11 0.885489276388795 310.883855170175 1758.55122639821 -1073.77849279652 6.38939785939549
332000 3.32e-11 0.889086737617919 281.218091238281 6652.92587688374 -1074.17291983259 5.77969630876326
334000 3.34e-11 0.887250051838361 281.048681777987 -2838.85859157472 -1073.92118858987 5.77621454403036
336000 3.36e-11 0.887327920515562 291.264616148207 1270.72992938648 -1073.39981001481 5.98617613615317
338000 3.38e-11 0.886495842839004 317.520008277273 1797.93767060289 -1073.59886564232 6.52578648734112
340000 3.4e-11 0.883996189618543 307.556565222249 432.159112842994 -1073.4901132844 6.32101418839646
342000 3.42e-11 0.883490231028533 296.263401410396 -316.387944343397 -1073.58056859258 6.08891298569565
344000 3.44e-11 0.885668969404249 289.102374296488 3394.0148589838 -1073.6991674904 5.94173695660392
346000 3.46e-11 0.88492572706846 329.177214511412 -1601.95534318443 -1073.76019460124 6.76536962207215
348000 3.48e-11 0.883999321891023 277.536211596523 -2743.26033480963 -1074.23513156287 5.70402498164103
350000 3.5e-11 0.886528845116379 300.599373721497 579.964647489157 -1073.61493220693 6.17802746282983
352000 3.52e-11 0.88794061496189 269.135904549161 161.743077781933 -1073.04845112979 5.53137882143018
354000 3.54e-11 0.887306322709013 265.760919950483 -1677.51222313091 -1074.22323835927 5.46201491265312
356000 3.56e-11 0.884327387105973 302.068236240516 535.93151201859 -1073.33780141793 6.2082160585986
358000 3.58e-11 0.885207587927865 294.147949985424 4630.56744465997 -1073.62584120928 6.04543545998442
360000 3.6e-11 0.881355126148869 330.26151933521 -8088.47135393503 -1073.48389482107 6.78765464847313
362000 3.62e-11 0.887810493256075 300.465275907831 1664.4053942915 -1073.3871569422 6.1752714358785
364000 3.64e-11 0.886871142174265 324.025158170519 -2600.93891844109 -1073.9035124298 6.65948268967432
366000 3.66e-11 0.882428516531284 319.620543499033 10.8335904002911 -1073.56742785782 6.56895744982854
368000 3.68e-11 0.887747288445255 339.867991612767 5706.94548496532 -1073.74009824164 6.98509035439929
370000 3.7e-11 0.885060135799379 328.020207185329 -1617.67691944697 -1073.77884868783 6.7415903874492
372000 3.72e-11 0.883500094474944 294.154057322114 -2754.3026214742 -1073.93987502273 6.04556098018536
374000 3.74e-11 0.886086093992125 268.57924441116 -2409.66043321917 -1073.87738153951 5.51993814017573
376000 3.76e-11 0.889074974569502 270.004700019976 4863.65013266395 -1073.15675044577 5.5492346213669
378000 3.78e-11 0.886542190825929 276.309209900675 -2400.68490615287 -1073.90718416311 5.67880719731886
380000 3.8e-11 0.883776068995399 302.419949540815 1878.03625521335 -1073.76530551067 6.21544459803761
382000 3.82e-11 0.887263152949271 308.815206577354 -2931.19083689271 -1073.31353393918 6.3468822424826
384000 3.84e-11 0.884191547380808 294.007522556845 87.9277412328125 -1072.89088553157 6.04254934448938
386000 3.86e-11 0.884729269093414 316.723588121314 2256.49464247277 -1072.71448490685 6.50941817115153
388000 3.88e-11 0.886498867535327 291.279575856139 -4699.70582199898 -1073.28164596299 5.98648359350177
390000 3.9e-11 0.889168621213371 292.739348326159 -1245.34539323774 -1073.31810541981 6.01648536728332
392000 3.92e-11 0.886944724716883 284.37908416979 2524.71853596056 -1072.91102184691 5.84466218310593
394000 3.94e-11 0.884509560593713 298.356034182376 -1078.95473106261 -1073.25080825034 6.13192153416618
396000 3.96e-11 0.883600898224395 278.247240775208 -1275.29833348714 -1073.14384165728 5.71863831146408
398000 3.98e-11 0.888063844287606 338.276103450851 4212.46697991223 -1073.45974834093 6.95237329095262
400000 4e-11 0.886953158289553 296.061154938689 2552.08655407201 -1073.63577123663 6.08475634278254
402000 4.02e-11 0.882392735122777 313.946145741494 -8103.99870454663 -1072.85870419842 6.45233516699713
404000 4.04e-11 0.886444539931168 315.293289962548 -715.462008548047 -1073.8943197382 6.48002216411567
406000 4.06e-11 0.887702533516515 280.187568743709 5076.34267405249 -1073.06679293094 5.75851663631848
408000 4.08e-11 0.887559170388314 326.872536476442 1655.88604355204 -1073.41394512856 6.71800304237256
410000 4.1e-11 0.882347703111632 303.616477822871 -3231.07050033149 -1073.86663662605 6.24003608169601
412000 4.12e-11 0.889353547517716 281.036005357463 1459.87857306866 -1072.61922401175 5.7759540136335
414000 4.14e-11 0.889585915475519 273.630953900636 -267.199281755 -1074.10165862558 5.62376270765184
416000 4.16e-11 0.884347000994316 325.614859790558 -3282.61455323049 -1072.85850322949 6.69215481451848
418000 4.18e-11 0.889567590215108 312.910313778862 4897.75266761169 -1074.09213792266 6.43104637243715
420000 4.2e-11 0.885415836389122 275.71264413974 -2483.33501275611 -1073.66191453463 5.66654636121396
422000 4.22e-11 0.888479869126676 343.722999703466 3890.53443891755 -1073.93584066276 7.06431988025929
424000 4.24e-11 0.884841948173556 275.498832882103 -398.326265807511 -1074.63403662589 5.66215203462176
426000 4.26e-11 0.884788404561588 352.039300288858 -4049.04340212988 -1073.29750385913 7.23523950916478
428000 4.28e-11 0.890982765851085 275.406646944994 3456.69801749443 -1073.78328468171 5.66025739577372
430000 4.3e-11 0.88627079251623 301.303664781579 4047.21801135558 -1073.9062334744 6.19250230839303
432000 4.32e-11 0.885828254350027 302.534450652868 -2850.78907806644 -1073.80817644666 6.21779786646272
434000 4.34e-11 0.886283104767409 299.547087558855 3021.30326030798 -1073.1574792941 6.15640049557747
436000 4.36e-11 0.884404859127418 309.203472209137 -1314.0735423865 -1073.63828504255 6.35486201870879
438000 4.38e-11 0.884188614726231 291.690053218127 -865.854553643107 -1073.94942981518 5.99491987327122
440000 4.4e-11 0.885873730779116 289.563367504664 5502.79123305342 -1073.38134897722 5.95121145638425
442000 4.42e-11 0.881595698003622 262.192468503765 -3407.50468357615 -1072.55146080343 5.38867480297604
444000 4.44e-11 0.887503217511453 343.415586915005 2336.27757586577 -1073.08277729064 7.05800182102309
446000 4.46e-11 0.891348437449166 296.715458676192 3280.10739660566 -1073.59874950763 6.09820383074396
448000 4.48e-11 0.885714485771661 309.217193998986 -969.087121265815 -1073.47516332246 6.35514403391553
450000 4.5e-11 0.8873848669097 283.517671151486 -117.310492251811 -1074.12739111423 5.82695811001344
452000 4.52e-11 0.889016808007214 309.252805226251 5623.92546211747 -1072.93386877434 6.35587592878712
454000 4.54e-11 0.888958457396618 317.393049026137 -1435.39011447182 -1073.38376748578 6.52317717471858
456000 4.56e-11 0.883944765648591 294.711203650317 -4893.06624654178 -1073.27651630442 6.05701165379736
458000 4.58e-11 0.88890439436473 275.536261436704 2079.032347268 -1073.7119783025 5.66292127986455
460000 4.6e-11 0.884171305841477 302.553986362042 -2506.42505077784 -1073.28343383564 6.2181993714502
462000 4.62e-11 0.886311393342191 344.528946830815 -4695.35186278367 -1073.44837063576 7.08088399822371
464000 4.64e-11 0.889152195073347 287.936568750944 3414.16274026966 -1073.81014662802 5.91777689778037
466000 4.66e-11 0.885902607699678 282.428486753217 -1630.74941085775 -1072.62684489726 5.80457279682637
468000 4.68e-11 0.885082984381167 280.752151865798 -2940.55609456036 -1073.82867408929 5.77012015361837
470000 4.7e-11 0.890183229356901 304.795943766535 7213.31589578214 -1073.83075166497 6.26427689398119
472000 4.72e-11 0.886037364230198 313.976713030059 -1335.22743421895 -1073.4884863892 6.45296339700932
474000 4.74e-11 0.887279008118266 345.941855516795 -642.2344764231 -1074.188945193 7.10992261050152
476000 4.76e-11 0.887803027455147 306.103800915886 6814.91430605812 -1073.5079046083 6.29115644893873
478000 4.78e-11 0.886500542621746 270.919671939076 -2566.16328059582 -1073.16643012055 5.56803945643339
480000 4.8e-11 0.885782721895838 305.739223910495 1111.06580140716 -1074.0187759249 6.28366352996243
482000 4.82e-11 0.884960573725677 296.397439872012 2384.68180773321 -1073.97370888691 6.09166779282213
484000 4.84e-11 0.885243514600502 299.889775182222 -5602.15877267122 -1073.44837002194 6.16344353602736
486000 4.86e-11 0.885814399319556 295.566816237336 5002.1911607605 -1073.55074373809 6.07459651432021
488000 4.88e-11 0.884497227563499 320.917555445343 4210.7923717823 -1073.59112504144 6.59561411023578
490000 4.9e-11 0.886201550410404 303.63814807955 -1362.36260232126 -1073.37621922614 6.24048145667875
492000 4.92e-11 0.886401981852375 308.848759582029 1703.01849305964 -1073.58872781659 6.34757183601628
494000 4.94e-11 0.889715813942954 294.537761520255 1499.18757488643 -1073.27244335158 6.0534470081713
496000 4.96e-11 0.881353546728385 279.976853870973 -3095.99178721609 -1073.0399996171 5.75418594775292
498000 4.98e-11 0.887269079724269 302.876011874748 2329.89568896197 -1073.82640473263 6.22481775670031
500000 5e-11 0.884474428282988 306.121108799292 -2673.14629140501 -1073.24023256444 6.2915121668422
502000 5.02e-11 0.885716179809921 280.084759673903 -2022.95342874524 -1073.90537632548 5.75640366699047
504000 5.04e-11 0.885318708373538 280.434605453622 694.116011966497 -1073.61814173116 5.76359382446852
506000 5.06e-11 0.887926355496031 297.349556877224 1834.91807441673 -1073.58777271799 6.11123604718407
508000 5.08e-11 0.887676150200296 299.973381666713 -3494.45219519362 -1073.24469449402 6.16516184685037
510000 5.1e-11 0.882547982685058 303.450161988023 -460.950207519376 -1072.95577946594 6.23661789827641
512000 5.12e-11 0.885657131652372 287.112534007125 3694.07868544648 -1073.45823167803 5.90084103655547
514000 5.14e-11 0.887658642464606 308.618175097314 -437.111477062689 -1073.38220688404 6.34283277997155
516000 5.16e-11 0.884469216548018 286.932034710271 -2060.36150474527 -1073.49135210763 5.89713134947535
518000 5.18e-11 0.886511441126099 310.796833418593 -359.434418714151 -1073.66747046248 6.38760935676328
520000 5.2e-11 0.88808244128971 286.88679313796 4938.67518949301 -1073.02327960904 5.89620152825604
522000 5.22e-11 0.887394052688771 274.216305510658 14.6805247179358 -1073.24297714631 5.63579306645584
524000 5.24e-11 0.885600017333055 287.35301809421 -2599.49443303312 -1073.47537370912 5.90578355282218
526000 5.26e-11 0.885371226697351 320.005514267933 1691.23132845525 -1073.30578021502 6.57686950883654
528000 5.28e-11 0.885110363057095 303.463979885627 746.999030313458 -1073.56677451997 6.23690188872462
530000 5.3e-11 0.883416102642817 292.690863068774 -1915.54099311463 -1073.3984628425 6.01548888067074
532000 5.32e-11 0.886386625263734 268.798002523503 -299.910610190442 -1073.57307358713 5.52443413632185
534000 5.34e-11 0.887110806091031 296.835341738586 1175.90410071641 -1073.76333766446 6.10066771096641
536000 5.36e-11 0.884662521533838 304.530700176158 -1037.94216527893 -1073.48907463416 6.25882551141376
538000 5.38e-11 0.887173390795965 294.356526644632 1714.10837208553 -1073.20530854534 6.04972220320927
540000 5.4e-11 0.888521407058991 315.526152066436 6643.45811608408 -1073.29232762928 6.48480803061652
542000 5.42e-11 0.88412726742046 296.242949500803 -2284.58032324217 -1074.02705476739 6.08849265062453
544000 5.44e-11 0.884884665880893 289.187525451073 25.7418750971964 -1074.1143867834 5.94348701404751
546000 5.46e-11 0.887673209556684 285.43324626656 2072.98082614124 -1073.65316304072 5.86632770523756
548000 5.48e-11 0.884419482330763 305.016179279762 376.653095961401 -1073.28935190558 6.26880325420663
550000 5.5e-11 0.885267181531762 313.736923386758 -3326.10990593976 -1073.69514902574 6.44803515320337
552000 5.52e-11 0.887300425548448 304.209452239015 3120.77918390005 -1073.11791090912 6.25222310717892
554000 5.54e-11 0.882905218891302 282.670246310473 -4170.25881419543 -1073.56370328832 5.80954152701911
556000 5.56e-11 0.886996091248977 285.848285042316 1706.83914171625 -1073.83456619603 5.8748577328388
558000 5.58e-11 0.882345058352062 283.94313097349 -4926.6364746534 -1073.53652222279 5.83570231474059
560000 5.6e-11 0.882467157849992 336.513659581125 -3281.90400659408 -1073.36106437199 6.91615090467795
562000 5.62e-11 0.885128227291197 298.743097469049 -3038.34195149121 -1073.63072762586 6.13987659935914
564000 5.64e-11 0.886136550309783 271.034861017544 1640.4953654466 -1073.50596045536 5.57040686419404
566000 5.66e-11 0.885804282130289 278.992592737168 -421.897492761356 -1074.09770708802 5.73395705559003
568000 5.68e-11 0.887585317964308 268.514006386204 -4563.08141091968 -1073.17080648318 5.51859734460186
570000 5.7e-11 0.887060122102107 289.874755545858 721.902796618796 -1073.59607282809 5.95761121645785
572000 5.72e-11 0.887527269552159 293.624923016005 -106.974446183711 -1074.15031705208 6.03468601982136
574000 5.74e-11 0.884726332505984 296.608317978125 -6277.15150117019 -1072.92316510728 6.09600183621931
576000 5.76e-11 0.884498053681122 290.355446052883 -2609.79493144707 -1074.09817033823 5.96749054227533
578000 5.78e-11 0.88566932937555 279.275515446403 -2119.03173056832 -1073.68326408554 5.73977178582673
580000 5.8e-11 0.884752871372797 314.291940771399 4772.30522355598 -1073.75373747699 6.45944207199435
582000 5.82e-11 0.888414400055926 299.810776027553 5508.76807559348 -1072.9870871472 6.16181991671957
584000 5.84e-11 0.888053549479478 327.685555683351 4684.91640823967 -1073.05795614268 6.73471250828364
586000 5.86e-11 0.884982369655358 277.028530571264 -1561.51219929577 -1073.64766490007 5.69359093689379
588000 5.88e-11 0.886719823020748 291.461131423449 -2963.09538582542 -1073.19068366226 5.9902149894358
590000 5.9e-11 0.884649324116913 287.226959249759 -2003.56761123331 -1072.34960510854 5.90319274568473
592000 5.92e-11 0.884283275491713 307.447094049876 -4339.54437927902 -1072.7529813775 6.31876429711778
594000 5.94e-11 0.887980195006098 323.937758982628 3985.45629464019 -1074.02692439002 6.65768642983406
596000 5.96e-11 0.888596928396768 308.904818912321 3770.81464149152 -1074.51989669896 6.34872398772504
598000 5.98e-11 0.889899901292919 302.7810052981 3418.42376423509 -1073.91279925602 6.22286514704443
600000 6e-11 0.885130863128006 316.455643556146 -1135.97619404496 -1073.06446693761 6.50391127716958
602000 6.02e-11 0.885691123670312 301.9199238708 -3361.21821788514 -1072.83923467654 6.20516788893065
604000 6.04e-11 0.885171516931466 292.058509772024 -3801.78026480167 -1072.28518743148 6.0024925261369
606000 6.06e-11 0.887711922990227 305.451142728801 2794.82375708034 -1074.09263394531 6.27774278092694
608000 6.08e-11 0.886231216536173 304.271813820786 2394.59779548667 -1073.49769931058 6.25350478504817
610000 6.1e-11 0.889633442936132 289.996430960851 4777.81328939839 -1073.93213961324 5.96011193376166
612000 6.12e-11 0.886461692666824 307.458160371903 894.405016634604 -1073.41484490695 6.31899173618576
614000 6.14e-11 0.887920443197524 306.242032497612 -50.2602968290551 -1074.31007471494 6.29399743459203
616000 6.16e-11 0.887375520004773 317.285259330664 1987.38441425396 -1074.53900739114 6.52096184176363
618000 6.18e-11 0.885058271095548 314.641988321845 -1295.6614396937 -1073.79599682996 6.46663637633764
620000 6.2e-11 0.882115898141381 330.296075808129 -5601.16145254729 -1073.01449805896 6.78836486565047
622000 6.22e-11 0.887010812054528 321.421465687762 -2299.19800439826 -1074.24134237941 6.60597065648511
624000 6.24e-11 0.884910009538611 310.171385288474 1134.7769194218 -1073.10652576137 6.374754919721
626000 6.26e-11 0.888811314758833 293.283612208123 1472.6085104829 -1074.1628661923 6.02767127618317
628000 6.28e-11 0.885490908562798 304.689702115672 3878.6444845871 -1073.56874516721 6.2620933770011
630000 6.3e-11 0.884782963124715 285.557143713939 -1358.50879373278 -1073.55812940069 5.86887409055769
632000 6.32e-11 0.88412845205677 279.805743855568 -7053.82798836742 -1073.37928228877 5.75066923259397
634000 6.34e-11 0.885506328803847 308.30169941004 -723.181370022091 -1073.35331942296 6.33632845674863
636000 6.36e-11 0.888529555871799 298.836026741012 -336.419370248808 -1074.04519650894 6.14178651549496
638000 6.38e-11 0.890250059867017 287.256873587289 4977.74465428142 -1074.04953312618 5.90380755601021
640000 6.4e-11 0.888926380365228 276.488785508773 4355.52815437433 -1073.32163406758 5.68249790041232
642000 6.42e-11 0.892200018200013 287.847754262973 4384.82127517961 -1072.91492600203 5.91595155017905
644000 6.44e-11 0.885131031130481 293.512551397847 -1497.01519027995 -1072.98840169578 6.0323765175279
646000 6.46e-11 0.884860520856729 285.290289252594 -3820.373467273 -1073.40255333199 5.86338960078528
648000 6.48e-11 0.886787453455957 306.596231721709 -6512.75612530256 -1073.50843478531 6.30127706563947
650000 6.5e-11 0.883904935935303 293.842516711822 -2917.17490525876 -1073.57099410462 6.03915808445628
652000 6.52e-11 0.885916622819924 279.485810372506 -2350.38942595486 -1073.57703272939 5.74409384349664
654000 6.54e-11 0.8882973036831 309.522495018698 2721.78992842181 -1072.62504911032 6.36141869131371
656000 6.56e-11 0.889717385241405 303.641819702365 4414.00105446112 -1072.93530052042 6.24055691720385
658000 6.58e-11 0.887135796913569 296.767861413777 4097.05492596141 -1072.93788931233 6.09928083083187
660000 6.6e-11 0.886822742667479 279.746384351652 -5110.05855763379 -1073.94969939852 5.74944925451873
662000 6.62e-11 0.88319489557258 320.846247176599 -2793.441978774 -1073.49761299311 6.59414855680772
664000 6.64e-11 0.884555501912887 292.021420901601 -1064.01551684011 -1073.44672924218 6.00173026220667
666000 6.66e-11 0.880987558858749 301.514790274082 65.6723682056398 -1073.61883230491 6.19684143616511
668000 6.68e-11 0.884073983383331 295.455546558064 1511.75386187972 -1073.91297628052 6.07230965947479
670000 6.7e-11 0.886676406736287 310.664064980392 1771.04145746098 -1073.27909423265 6.38488065161914
672000 6.72e-11 0.889854725818326 319.533050796339 5436.6472177752 -1073.56371596453 6.56715926803811
674000 6.74e-11 0.887288101687415 307.589319075799 1803.66552622565 -1074.14235382737 6.32168735748606
676000 6.76e-11 0.886668131431917 309.376692793359 682.169882369044 -1073.77080620022 6.35842211104433
678000 6.78e-11 0.888451163259928 311.047319312819 -5281.6721840669 -1073.39487706256 6.39275743380157
680000 6.8e-11 0.885906458962847 292.05189955569 -1222.32775587274 -1073.90407194104 6.00235667057094
682000 6.82e-11 0.886674349598574 288.752116275341 2755.48217385171 -1074.10107325973 5.93453832659039
684000 6.84e-11 0.88801812342619 332.156027322269 5012.83130673721 -1073.63117738257 6.82659126443376
686000 6.86e-11 0.887554031218854 297.556269751067 3051.2176577773 -1073.30017265882 6.11548448521545
688000 6.88e-11 0.885209167785193 263.839038437297 1153.78027829593 -1073.12623251331 5.42251570604544
690000 6.9e-11 0.885139352072544 332.691369292396 446.675414321471 -1072.83254842927 6.8375938069624
692000 6.92e-11 0.883352442830751 296.412438362148 -2907.97963929359 -1073.91912608972 6.09197604723667
694000 6.94e-11 0.887861177620667 305.954837374605 699.14203146389 -1073.8229836304 6.28809489615636
696000 6.96e-11 0.885605708964967 313.990095091353 2088.04402307954 -1073.72303782453 6.45323842999146
698000 6.98e-11 0.887961427755504 308.71346695619 5001.52651865499 -1073.70890588273 6.34479125285136
700000 7e-11 0.886369041225363 283.17123404349 5653.01040497291 -1073.63169321317 5.81983800879418
702000 7.02e-11 0.884327743127972 291.313658576369 946.653561013341 -1073.90985213371 5.98718407394186
704000 7.04e-11 0.882698240988258 287.606072070302 -2513.27666084688 -1073.19155601128 5.91098441001134
706000 7.06e-11 0.884352203073633 300.235019875795 -2341.33982775902 -1073.9268249539 6.17053913031249
708000 7.08e-11 0.885737992496582 315.262452226364 1132.93204993435 -1074.53616905841 6.47938837576583
710000 7.1e-11 0.887630327309184 268.550475524795 2461.19192830472 -1073.06365332162 5.51934687157847
712000 7.12e-11 0.88958846967245 295.258419570966 2153.32748105355 -1072.02142390934 6.06825823406801
714000 7.14e-11 0.886486340748839 295.923521565841 4641.30047346973 -1073.69927271275 6.08192765173528
716000 7.16e-11 0.885003053154609 277.786882552231 -1517.54084728033 -1074.0944022782 5.7091768621301
718000 7.18e-11 0.881303073551048 264.301684279222 -4979.95256264751 -1073.25366974161 5.43202417135455
720000 7.2e-11 0.881242299330796 284.214009648943 -2022.83421624044 -1073.3957916752 5.84126951162234
722000 7.22e-11 0.887139981158265 299.404422003179 -993.638976756367 -1073.52769555254 6.15346838128176
724000 7.24e-11 0.889589975840144 285.14809130202 4355.24020122155 -1073.82942986831 5.8604670968794
726000 7.26e-11 0.887835616440212 313.304780806183 878.861885915561 -1073.80733434229 6.43915360199587
728000 7.28e-11 0.887609099441752 322.527606419756 5179.2973400635 -1072.94967677616 6.62870446239898
730000 7.3e-11 0.886655996721563 284.801317660119 286.006273984266 -1074.16276968367 5.85334007909314
732000 7.32e-11 0.889050997757042 273.379289020251 2098.68355086426 -1073.92463713704 5.61859039966198
734000 7.34e-11 0.88734949362924 274.612194314133 -3086.68410379012 -1074.05678235519 5.64392951687427
736000 7.36e-11 0.883186583645957 307.075406053063 -1337.19017701924 -1073.80875876549 6.31112523046409
738000 7.38e-11 0.887901488196421 290.022625652426 -1654.23693171116 -1074.04736202035 5.96065029657302
740000 7.4e-11 0.890767004977192 273.728284504353 6941.23076535969 -1073.50376271756 5.6257630815558
742000 7.42e-11 0.885601788392448 304.316763834253 2401.36315321992 -1073.54048276607 6.25442861404425
744000 7.44e-11 0.888619478641371 304.167534273623 5989.00223768546 -1073.71245408899 6.25136159393566
746000 7.46e-11 0.885246013401177 265.899772435617 -2009.93365329789 -1073.92295481521 5.46486865933868
748000 7.48e-11 0.887410587430786 291.143933430849 -2239.61987233874 -1073.74878101307 5.98369582113157
750000 7.5e-11 0.884278180325147 329.289918467052 -137.152165199139 -1073.4403714759 6.7676859546862
752000 7.52e-11 0.88417782001513 296.556819984048 -830.695357260765 -1073.70863229469 6.09494343074844
754000 7.54e-11 0.887438721747991 315.556382817298 2148.79712040635 -1073.74796980668 6.48542934398368
756000 7.56e-11 0.888601117231199 330.330321980025 2631.34066434154 -1073.61152709492 6.78906870540851
758000 7.58e-11 0.88266725029669 301.47402560416 42.322901347519 -1073.40407738034 6.19600362586906
760000 7.6e-11 0.887582117334217 302.991930329185 2287.45068260948 -1073.54201338954 6.22720015486067
762000 7.62e-11 0.888574229961831 300.523870073599 -1445.96570153689 -1074.49735315813 6.17647568444625
764000 7.64e-11 0.883906813052665 331.656015497296 -2320.51981741725 -1073.02589346504 6.81631483987514
766000 7.66e-11 0.884964224087776 290.846211958351 2629.35060938482 -1073.84087021953 5.97757694133951
768000 7.68e-11 0.885995108850283 289.990906411675 1124.63015587254 -1073.46959829843 5.95999839122127
770000 7.7e-11 0.885924604679269 298.240531196492 -1184.22148331795 -1073.55912989931 6.12954767486637
772000 7.72e-11 0.884782845600243 310.421557292902 -3270.86864867898 -1074.64881078717 6.3798965455822
774000 7.74e-11 0.884360209449372 311.563048149651 616.81332795738 -1073.59066393514 6.40335688009406
776000 7.76e-11 0.886540710025407 282.098941008762 5555.32261781116 -1073.25984416558 5.79779985304311
778000 7.78e-11 0.888179311105539 349.331407223531 3044.07266054227 -1073.93646531352 7.17958590777205
780000 7.8e-11 0.887158637100375 307.589659230153 3234.2403886549 -1073.62638568055 6.32169434846183
782000 7.82e-11 0.889502982664413 272.263999180231 948.58661468878 -1073.92456196218 5.59566855795832
784000 7.84e-11 0.884092244755857 285.596398728429 1373.32939780356 -1073.8060351746 5.86968087386722
786000 7.86e-11 0.888076796663137 267.634509479336 1652.53142256814 -1073.59370966937 5.50052160486616
788000 7.88e-11 0.883845417187206 323.146422957474 -358.921163328525 -1073.71599871853 6.6414226045466
790000 7.9e-11 0.885401796457282 310.45804170551 -1157.77443211129 -1073.71040716749 6.38064638647598
792000 7.92e-11 0.882950671659501 264.266488774652 -2835.83868115534 -1073.38786235974 5.43130082056674
794000 7.94e-11 0.88316030813188 288.864999210694 1804.99556805768 -1073.28006470776 5.93685833766047
796000 7.96e-11 0.887142333772565 286.179204932358 3068.08478837517 -1073.07967353966 5.88165891856108
798000 7.98e-11 0.88425857084875 280.405033523872 117.514564386613 -1073.34796922202 5.76298605143207
800000 8e-11 0.889667929865012 289.836696505908 5386.99756526043 -1073.26407594056 5.95682901325127
