# Fix print output for fix 333
2000 1e-12 0.0256605155140756 329.135735892847 23.9018273703111 -3.77541977926766 1.41027235393784e-06
4000 1.2e-12 0.0256605155140756 356.321485965983 35.6295993043033 -4.3365936203917 -2.22926413390766e-05
6000 1.4e-12 0.0256605155140756 367.841386270543 -61.5807303283255 -4.57610230492979 -5.34673862656535e-06
8000 1.6e-12 0.0256605155140756 327.487693361851 -22.9768885639278 -3.75048573372767 -6.31002747736207e-06
10000 1.8e-12 0.0256605155140756 461.499423023184 -82.2314072489613 -6.51074765006798 -6.45166123978843e-06
12000 2e-12 0.0256605155140756 424.792102523864 -67.7217921733021 -5.76502560464837 -5.5215520829318e-06
14000 2.2e-12 0.0256605155140756 432.836281814392 8.86642024798739 -5.94189938697138 -5.0987273377097e-06
16000 2.4e-12 0.0256605155140756 518.40738022376 -51.129553365135 -7.7164111908939 -5.25994867715703e-06
18000 2.6e-12 0.0256605155140756 527.02926437323 -49.5739444285891 -7.91350954343169 -5.3349023673358e-06
20000 2.8e-12 0.0256605155140756 546.966820577612 279.3300997504 -8.35190660324735 -5.47070342485182e-06
22000 3e-12 0.0256605155140756 564.56982192268 -84.3524542309066 -8.75034646593968 -5.4554811109846e-06
24000 3.2e-12 0.0256605155140756 523.85069239641 -282.63969406319 -7.95417764584228 -4.8199190374153e-06
26000 3.4e-12 0.0256605155140756 598.773375998429 141.557267721469 -9.54440717708542 -4.57180761186978e-06
28000 3.6e-12 0.0256605155140756 561.618764346331 128.224521061127 -8.83931376389283 -4.52633649768644e-06
30000 3.8e-12 0.0256605155140756 545.49169850498 87.2973311504524 -8.56841219766859 -4.94053329702331e-06
32000 4e-12 0.0256605155140756 536.969237034884 64.286534259321 -8.45990130820892 -5.46512640542976e-06
34000 4.2e-12 0.0256605155140756 610.408045435799 7.41202358468705 -10.0398305355323 -6.44469797920292e-06
36000 4.4e-12 0.0256605155140756 531.404237862272 2.27174820819231 -8.49358085351605 -7.28640152301836e-06
38000 4.6e-12 0.0256605155140756 520.975798799145 29.012730157599 -8.36408860393161 -7.96959919689251e-06
40000 4.8e-12 0.0256605155140756 575.805695519309 5.87130267414784 -9.58752065541943 -8.30254430875564e-06
42000 5e-12 0.0256605155140756 616.433822548929 87.6884535376235 -10.5256153299939 -8.41604065823333e-06
44000 5.2e-12 0.0256605155140756 602.6014508272 -15.5105651443976 -10.3538772729892 -1.04100544357108e-05
46000 5.4e-12 0.0256605155140756 604.577773239306 -62.6899891924035 -10.5068203881599 -1.15009018678641e-05
48000 5.6e-12 0.0256605155140756 641.732426695046 -105.953895822045 -11.387888890316 -1.13046210251932e-05
50000 5.8e-12 0.0256605155140756 666.971388863183 22.3227205308636 -12.0277299756997 -1.11664444730606e-05
52000 6e-12 0.0256605155140756 659.262869768243 60.1556015458027 -11.9979860386324 -1.13323840664565e-05
54000 6.2e-12 0.0256605155140756 573.854549238881 126.024258117485 -10.3719493848608 -1.11164942038472e-05
56000 6.4e-12 0.0256605155140756 591.527995277285 71.2785232378055 -10.858960660832 -1.06925621428635e-05
58000 6.6e-12 0.0256605155140756 785.789466610247 -72.0880179326209 -14.9819684963769 -1.05542184136988e-05
60000 6.8e-12 0.0256605155140756 674.90075057659 158.987337946178 -12.8423694585206 -1.06313532631989e-05
62000 7e-12 0.0256605155140756 705.249298025158 69.8367052020053 -13.5987659981583 -1.06690664803588e-05
64000 7.2e-12 0.0256605155140756 836.797961870746 72.7185296960257 -16.4423651710539 -1.10044832420927e-05
66000 7.4e-12 0.0256605155140756 751.269231190421 -38.6553179743649 -14.8245367863564 -1.08753065431992e-05
68000 7.6e-12 0.0256605155140756 681.940393301666 -36.3949196032153 -13.5347879962762 -1.08702066206779e-05
70000 7.8e-12 0.0256605155140756 730.135740441212 -37.7380781659239 -14.6597211388895 -1.16396822478678e-05
72000 8e-12 0.0256605155140756 772.60176150272 74.5449527726121 -15.6695592485735 -1.13971524921624e-05
74000 8.2e-12 0.0256605155140756 726.600016013636 111.886013260012 -14.8592685314028 -1.1046446567841e-05
76000 8.4e-12 0.0256605155140756 655.830734734795 22.5416409554532 -13.5463116548957 -1.10682426458446e-05
78000 8.6e-12 0.0256605155140756 712.394317791583 67.6485754566982 -14.8568986185912 -1.10490853210842e-05
80000 8.8e-12 0.0256605155140756 978.506667678289 -7.94176837881004 -20.4863464661265 -1.0804813642153e-05
82000 9e-12 0.0256605155140756 749.438281099293 -128.556443197454 -15.9509023644007 -1.08075256004874e-05
84000 9.2e-12 0.0256605155140756 812.101634700387 138.596463869008 -17.4160496263446 -1.08802713827435e-05
86000 9.4e-12 0.0256605155140756 793.30923137103 57.0466987991441 -17.2255379313931 -1.08587358733115e-05
88000 9.6e-12 0.0256605155140756 909.989930805018 83.1357774021682 -19.827367418099 -1.14325513775397e-05
90000 9.8e-12 0.0256605155140756 1009.91848864191 -181.941379664108 -22.1155500275218 -1.23982492479319e-05
92000 1e-11 0.0256605155140756 975.66812149888 -222.310761540734 -21.6545361067481 -1.3610471083733e-05
94000 1.02e-11 0.0256605155140756 890.201269649955 -151.932302128589 -20.1715894389604 -1.4425276764254e-05
96000 1.04e-11 0.0256605155140756 814.849246901647 298.114340026657 -18.8917406637074 -1.48023151175181e-05
98000 1.06e-11 0.0256605155140756 940.700628530818 33.7331925071824 -21.7384344289672 -1.504712870995e-05
100000 1.08e-11 0.0256605155140756 948.419114388607 -297.823285536765 -22.1828014739464 -1.53947903339404e-05
102000 1.1e-11 0.0256605155140756 1095.1879127252 75.2568312717491 -25.492083197232 -1.55334225804941e-05
104000 1.12e-11 0.0256605155140756 989.458445924002 57.95552534938 -23.6329910129145 -1.59265140148378e-05
106000 1.14e-11 0.0256605155140756 1156.76260736581 26.426476476267 -27.4127166800083 -1.59841762194779e-05
108000 1.16e-11 0.0256605155140756 1027.68371396859 127.003567482438 -25.1072823218357 -1.599561670991e-05
110000 1.18e-11 0.0256605155140756 1079.56031906432 -103.294512564001 -26.5342875334105 -1.61126188600234e-05
112000 1.2e-11 0.0256605155140756 1235.47068972329 30.3604776648988 -30.1010892513651 -1.58490039306838e-05
114000 1.22e-11 0.0256605155140756 931.556985801511 136.083211041902 -24.228707976239 -1.58595894471068e-05
116000 1.24e-11 0.0256605155140756 1084.53916897116 65.9668828713507 -27.7387800628808 -1.6520978746393e-05
118000 1.26e-11 0.0256605155140756 1071.52147429427 -605.737502327003 -27.8450191452158 -1.71014253240679e-05
120000 1.28e-11 0.0256605155140756 965.203735639431 -6.73254489643692 -26.0396794056686 -1.74562738776934e-05
122000 1.3e-11 0.0256605155140756 963.605388130697 230.055203987044 -26.3481128978925 -1.78222399147106e-05
124000 1.32e-11 0.0256605155140756 1099.50538502364 -375.119309501433 -29.5011885131472 -1.78334056275734e-05
126000 1.34e-11 0.0256605155140756 968.240930177094 210.543793273726 -27.1567406475604 -1.79125243902808e-05
128000 1.36e-11 0.0256605155140756 988.51996215782 80.7898934090417 -27.9569608512649 -1.77374636610898e-05
130000 1.38e-11 0.0256605155140756 1038.65135220522 -584.378942353506 -29.3710384787047 -1.77446465923738e-05
132000 1.4e-11 0.0256605155140756 1170.67642563544 -236.363688845064 -32.4982070584194 -1.82050675144072e-05
134000 1.42e-11 0.0256605155140756 1218.18128932967 609.645503855096 -33.8835240472879 -1.86881256329154e-05
136000 1.44e-11 0.0256605155140756 1162.82155142942 -33.9400633413499 -33.1829311199467 -1.97188946533707e-05
138000 1.46e-11 0.0256605155140756 1153.92263224878 -426.412569316919 -33.4351305027792 -2.06078732477702e-05
140000 1.48e-11 0.0256605155140756 1075.14084003524 28.7338588646264 -32.2223447705096 -2.14288972247063e-05
142000 1.5e-11 0.0256605155140756 1117.54165985739 -274.935284110762 -33.4887850913735 -2.14091875210508e-05
144000 1.52e-11 0.0256605155140756 1230.47762708325 -113.825935805158 -36.2750140597283 -2.13864609521857e-05
146000 1.54e-11 0.0256605155140756 1253.46446274426 261.800375205099 -37.1808982623501 -2.16921594093293e-05
148000 1.56e-11 0.0256605155140756 1170.01078560994 -145.219047873162 -35.9286110251984 -2.21232795048731e-05
150000 1.58e-11 0.0256605155140756 988.67684880428 -122.873195933314 -32.6367186620307 -2.26790902774196e-05
152000 1.6e-11 0.0256605155140756 1103.51393739574 238.874522295641 -35.4290748548099 -2.34509934443561e-05
154000 1.62e-11 0.0256605155140756 1209.67944733233 253.193182512419 -38.0451734002423 -2.37368057446745e-05
156000 1.64e-11 0.0256605155140756 1079.7675640458 -201.979093774867 -35.8221868810147 -2.41091718254421e-05
158000 1.66e-11 0.0256605155140756 989.682705926957 5.3092921213628 -34.3992994342991 -2.44605242271637e-05
160000 1.68e-11 0.0256605155140756 1202.72558517431 267.122046477555 -39.2292409593831 -2.45602328489195e-05
162000 1.7e-11 0.0256605155140756 1144.92025041101 -52.7075145476285 -38.5061964572548 -2.4509001332284e-05
164000 1.72e-11 0.0256605155140756 1188.55695602819 -63.4862697419321 -39.8680082265995 -2.43376191668018e-05
166000 1.74e-11 0.0256605155140756 950.104352539876 10.6273115265758 -35.3921386428315 -2.45011079927949e-05
168000 1.76e-11 0.0256605155140756 1099.40775493864 47.9319475977603 -38.8796822504513 -2.44097816327631e-05
170000 1.78e-11 0.0256605155140756 1180.91188554482 -45.912379937106 -40.9797548543631 -2.44229117589806e-05
172000 1.8e-11 0.0256605155140756 1013.77875175765 149.112836446613 -37.9318308455526 -2.43950552299207e-05
174000 1.82e-11 0.0256605155140756 960.910839363954 180.439508903783 -37.2374263278924 -2.43558337377915e-05
176000 1.84e-11 0.0256605155140756 898.31112024423 -273.004537618337 -36.3094472711286 -2.45623019792202e-05
178000 1.86e-11 0.0256605155140756 1025.5559224999 -176.373971029034 -39.2858862921108 -2.47593870840178e-05
180000 1.88e-11 0.0256605155140756 1152.07468266238 -83.3012814114741 -42.2950094697472 -2.49717617081973e-05
182000 1.9e-11 0.0256605155140756 1045.48493961994 83.6996112837922 -40.5244353941229 -2.50024487448358e-05
184000 1.92e-11 0.0256605155140756 1103.64818157516 -37.3339514443798 -42.1510272103947 -2.48974011570984e-05
186000 1.94e-11 0.0256605155140756 845.595189291128 -274.279852472025 -37.2643650928635 -2.50683846117958e-05
188000 1.96e-11 0.0256605155140756 921.255585278281 -128.262561873399 -39.1864056451177 -2.53441774713691e-05
190000 1.98e-11 0.0256605155140756 1144.78067040833 147.098324505731 -44.1949143953023 -2.54299961609163e-05
192000 2e-11 0.0256605155140756 1161.05014272557 -198.848927209265 -45.0006581939346 -2.5317445305769e-05
194000 2.02e-11 0.0256605155140756 1034.79619379721 54.3676633795587 -42.8836039636406 -2.51648293200015e-05
196000 2.04e-11 0.0256605155140756 1057.3678850097 561.861686604289 -43.7944494161688 -2.50248087125906e-05
198000 2.06e-11 0.0256605155140756 918.559028659092 -118.736940066327 -41.3944572655912 -2.48108333996838e-05
200000 2.08e-11 0.0256605155140756 1177.54983906514 30.7314730763636 -47.1368630753539 -2.4631592097513e-05
202000 2.1e-11 0.0256605155140756 1004.65800734026 152.735557521011 -44.0256432066296 -2.45167457861936e-05
204000 2.12e-11 0.0256605155140756 1106.52276453424 -152.119862738461 -46.5636478070393 -2.44354787021386e-05
206000 2.14e-11 0.0256605155140756 1045.07247537765 -7.23164050993416 -45.7438150357311 -2.44906406466183e-05
208000 2.16e-11 0.0256605155140756 1062.46080802884 -21.9131621143506 -46.566130735025 -2.44418469432046e-05
210000 2.18e-11 0.0256605155140756 1081.7761737656 -174.94096319692 -47.4018995314848 -2.45260876056658e-05
212000 2.2e-11 0.0256605155140756 1030.07533340366 100.166453680849 -46.7970464621358 -2.44083385309875e-05
214000 2.22e-11 0.0256605155140756 1223.28498189275 308.054598136865 -51.2469284676413 -2.44851786707541e-05
216000 2.24e-11 0.0256605155140756 1172.46234736884 -50.5118170259575 -50.6823119151206 -2.43581752240262e-05
218000 2.26e-11 0.0256605155140756 1102.09834586998 -28.3248626930316 -49.7288994106008 -2.42415028533247e-05
220000 2.28e-11 0.0256605155140756 1168.46300320186 -9.74520613157116 -51.5637464000644 -2.40642925575282e-05
222000 2.3e-11 0.0256605155140756 1069.92970541518 103.660756704201 -50.0273715183886 -2.39901254562968e-05
224000 2.32e-11 0.0256605155140756 1000.47827848758 67.7243294107951 -49.0400467487198 -2.41108432149572e-05
226000 2.34e-11 0.0256605155140756 1023.91313868277 -164.090286570888 -49.9800791043372 -2.4110865293996e-05
228000 2.36e-11 0.0256605155140756 1061.10918730585 -160.201943035948 -51.1901633164744 -2.42234870452411e-05
230000 2.38e-11 0.0256605155140756 996.802746708304 84.7641071525546 -50.316920092212 -2.41440009295552e-05
232000 2.4e-11 0.0256605155140756 1061.74350784798 156.732729977085 -52.0878147058155 -2.41094993219605e-05
234000 2.42e-11 0.0256605155140756 958.678150870662 88.1220629257255 -50.4006779742773 -2.40283105024792e-05
236000 2.44e-11 0.0256605155140756 988.120685895325 217.449746838374 -51.4528300397222 -2.39783463491078e-05
238000 2.46e-11 0.0256605155140756 906.102426867685 213.22728077462 -50.2128576787629 -2.39327600893813e-05
240000 2.48e-11 0.0256605155140756 920.643021729137 489.803508710997 -50.954350082209 -2.38157815562547e-05
242000 2.5e-11 0.0256605155140756 1012.41368012513 25.8355387740028 -53.2636443113551 -2.39296843764273e-05
244000 2.52e-11 0.0256605155140756 1010.5372454877 -128.699551248242 -53.6406002021642 -2.40738702158116e-05
246000 2.54e-11 0.0256605155140756 1211.15030449041 -186.820028022229 -58.1675110337053 -2.39869083944114e-05
248000 2.56e-11 0.0256605155140756 1013.71106927249 -182.370272126799 -54.5728614372147 -2.39358922753906e-05
250000 2.58e-11 0.0256605155140756 937.001520073111 -42.5963441188404 -53.4154307071194 -2.40215704377254e-05
252000 2.6e-11 0.0256605155140756 937.563681725041 262.88487364859 -53.8366200009575 -2.40164268702653e-05
254000 2.62e-11 0.0256605155140756 1023.76553619618 261.214713759225 -56.0389804244844 -2.40440973360607e-05
256000 2.64e-11 0.0256605155140756 1012.85874379986 -312.342182119266 -56.2432413078662 -2.40068511165277e-05
258000 2.66e-11 0.0256605155140756 994.606103599258 -3.22036852409886 -56.2853458961507 -2.38595848029325e-05
260000 2.68e-11 0.0256605155140756 814.902398123958 -2.84541900249717 -53.023368485695 -2.37920412826457e-05
262000 2.7e-11 0.0256605155140756 936.362470798017 -73.0744389006984 -55.9348765590919 -2.37422501011502e-05
264000 2.72e-11 0.0256605155140756 910.408057153981 193.684621415781 -55.8081742295021 -2.36965717329655e-05
266000 2.74e-11 0.0256605155140756 925.806212964629 81.6603477550882 -56.4965907867742 -2.38690669065357e-05
268000 2.76e-11 0.0256605155140756 944.792239640394 -167.883372177079 -57.2454679811191 -2.41203034450112e-05
270000 2.78e-11 0.0256605155140756 835.010507052858 -449.796076931394 -55.3558278650847 -2.41302235739891e-05
272000 2.8e-11 0.0256605155140756 765.713044337151 -153.281911402272 -54.2687030474128 -2.40342539740046e-05
274000 2.82e-11 0.0256605155140756 815.797238521639 -50.4537429390505 -55.6321928760703 -2.39019539263638e-05
276000 2.84e-11 0.0256605155140756 908.083501301427 -101.917200962759 -57.8832571019735 -2.38602206152834e-05
278000 2.86e-11 0.0256605155140756 921.846445912372 -119.554636149778 -58.5263266050512 -2.40476801846082e-05
280000 2.88e-11 0.0256605155140756 872.000349878989 38.8412692453179 -57.8564764244014 -2.41308639359778e-05
282000 2.9e-11 0.0256605155140756 784.434711594603 51.9197631060701 -56.4126081655355 -2.41176930534441e-05
284000 2.92e-11 0.0256605155140756 909.556692149335 -55.6589495498799 -59.3430762185302 -2.4055529865568e-05
286000 2.94e-11 0.0256605155140756 960.46699142309 -37.4192902053511 -60.7548218889108 -2.39882128894301e-05
288000 2.96e-11 0.0256605155140756 786.02091501438 -154.366256697605 -57.5219302980589 -2.3872040267971e-05
290000 2.98e-11 0.0256605155140756 798.058916967057 18.9425249001752 -58.083476355357 -2.39947571911267e-05
292000 3e-11 0.0256605155140756 929.812866607359 315.548534733384 -61.1348901858812 -2.39605935771398e-05
294000 3.02e-11 0.0256605155140756 791.976801915837 -171.819015307011 -58.6603089639152 -2.3851015998316e-05
296000 3.04e-11 0.0256605155140756 844.884577992581 -51.3865786216413 -60.1025946455069 -2.37474636847582e-05
298000 3.06e-11 0.0256605155140756 887.400434959725 341.910151885995 -61.3447756000296 -2.36930627795838e-05
300000 3.08e-11 0.0256605155140756 854.185381471178 -0.0239400432041903 -61.0149775050065 -2.36615268708449e-05
302000 3.1e-11 0.0256605155140756 779.69640617291 -25.2608438301685 -59.8353884386291 -2.36198164803251e-05
304000 3.12e-11 0.0256605155140756 877.636266409889 15.9398033528913 -62.1889857315929 -2.35509330185617e-05
306000 3.14e-11 0.0256605155140756 845.207337576092 -87.0177754067106 -61.8598102552274 -2.34577824787073e-05
308000 3.16e-11 0.0256605155140756 912.400019383822 37.2655603593672 -63.5856143554733 -2.34307247841483e-05
310000 3.18e-11 0.0256605155140756 906.411798122767 259.896997115115 -63.8106625663258 -2.33352126990498e-05
312000 3.2e-11 0.0256605155140756 831.533559987545 -64.1038818134557 -62.6152785988185 -2.31910447100132e-05
314000 3.22e-11 0.0256605155140756 931.712142977237 83.4259360201031 -65.0093912405529 -2.32841283478145e-05
316000 3.24e-11 0.0256605155140756 855.705070224757 35.1202104510267 -63.7908675755095 -2.34405579465633e-05
318000 3.26e-11 0.0256605155140756 911.004761163799 -605.554303901864 -65.2462351758686 -2.36612742762197e-05
320000 3.28e-11 0.0256605155140756 806.544706625809 -71.479045462332 -63.4279658123893 -2.38104394606504e-05
322000 3.3e-11 0.0256605155140756 725.191115935466 227.211916974222 -62.0721771220604 -2.38348542395821e-05
324000 3.32e-11 0.0256605155140756 779.197717116945 0.894950018329113 -63.5050982384668 -2.38285896006078e-05
326000 3.34e-11 0.0256605155140756 738.811238399422 -0.193253632304445 -62.9789108643455 -2.38443521379328e-05
328000 3.36e-11 0.0256605155140756 740.073186735734 -90.3048199918271 -63.2981661167189 -2.37896703609729e-05
330000 3.38e-11 0.0256605155140756 750.147679494489 -88.8044023847415 -63.8065999208617 -2.37803517608868e-05
332000 3.4e-11 0.0256605155140756 824.963883910529 -24.0620950169419 -65.6367239320546 -2.37794055945865e-05
334000 3.42e-11 0.0256605155140756 567.814425912272 107.801143058215 -60.6223079690652 -2.3816505275979e-05
336000 3.44e-11 0.0256605155140756 728.054759338628 64.970318876452 -64.2067018199327 -2.3789599347027e-05
338000 3.46e-11 0.0256605155140756 794.888098081773 -30.9533084240152 -65.8802089283647 -2.37304347923501e-05
340000 3.48e-11 0.0256605155140756 914.249340291783 127.613433031289 -68.6330317758114 -2.3675330289729e-05
342000 3.5e-11 0.0256605155140756 886.725371712112 -178.654219180218 -68.3834837967293 -2.36498853673271e-05
344000 3.52e-11 0.0256605155140756 835.688795583286 78.9031164982308 -67.6469139067796 -2.35451459997359e-05
346000 3.54e-11 0.0256605155140756 947.161892802225 265.692285935461 -70.2576758612215 -2.34482450177569e-05
348000 3.56e-11 0.0256605155140756 781.494816916139 -4.89397997778587 -67.1729559557116 -2.3410549608318e-05
350000 3.58e-11 0.0256605155140756 711.644489951094 68.0650298783193 -66.0379847990803 -2.34079657654104e-05
352000 3.6e-11 0.0256605155140756 937.017411785297 97.3750007305158 -70.976384106546 -2.33251016893589e-05
354000 3.62e-11 0.0256605155140756 779.006320559621 75.3532356576045 -68.0641379440183 -2.32411899412211e-05
356000 3.64e-11 0.0256605155140756 796.609580720611 95.2050404915507 -68.7392412136324 -2.32132733079448e-05
358000 3.66e-11 0.0256605155140756 817.030871300122 -16.9861984106269 -69.4939728770315 -2.32170432318547e-05
360000 3.68e-11 0.0256605155140756 955.497412825803 -150.746299924164 -72.6594626621779 -2.31302246583255e-05
362000 3.7e-11 0.0256605155140756 870.636811432789 144.552094884591 -71.2181672799877 -2.30574034345236e-05
364000 3.72e-11 0.0256605155140756 870.825430713129 265.779581748637 -71.5360151422168 -2.30118381917489e-05
366000 3.74e-11 0.0256605155140756 856.162955152241 -29.4739408371567 -71.567239093164 -2.29803202875934e-05
368000 3.76e-11 0.0256605155140756 934.439701901224 350.363035876745 -73.5105789788457 -2.29451158026532e-05
370000 3.78e-11 0.0256605155140756 852.118056233553 -3.73888817440554 -72.1575395331269 -2.28724946769991e-05
372000 3.8e-11 0.0256605155140756 732.259356447314 -231.221171025132 -70.0127976070441 -2.28014492065848e-05
374000 3.82e-11 0.0256605155140756 949.269457266934 146.402665278158 -74.7893741767536 -2.27509168306971e-05
376000 3.84e-11 0.0256605155140756 864.627213563281 327.9335660828 -73.3563699237313 -2.26900329461634e-05
378000 3.86e-11 0.0256605155140756 828.078581192377 -166.159811642517 -72.9259874347375 -2.26920852051317e-05
380000 3.88e-11 0.0256605155140756 815.162818216784 122.025708516731 -72.9618102211142 -2.27015884136749e-05
382000 3.9e-11 0.0256605155140756 831.881366377509 338.343939050092 -73.6119964432137 -2.26415338708934e-05
384000 3.92e-11 0.0256605155140756 820.914517650335 226.806206612729 -73.6996494537929 -2.25149764562411e-05
386000 3.94e-11 0.0256605155140756 810.108663140005 227.482307216702 -73.7808586042809 -2.24762880841019e-05
388000 3.96e-11 0.0256605155140756 864.679772071858 -133.25701410551 -75.2295703086447 -2.26573302617708e-05
390000 3.98e-11 0.0256605155140756 766.222432897976 -67.4642340252704 -73.5185808038392 -2.27897599915808e-05
392000 4e-11 0.0256605155140756 813.263790203789 80.67886369507 -74.7897413799299 -2.27756717668819e-05
394000 4.02e-11 0.0256605155140756 678.587763268857 -62.541119834101 -72.3016704738511 -2.26844671487266e-05
396000 4.04e-11 0.0256605155140756 754.717529942475 -201.609885199055 -74.155213051441 -2.261746042628e-05
398000 4.06e-11 0.0256605155140756 839.478364135183 149.849819663981 -76.1983252933182 -2.26424307370506e-05
400000 4.08e-11 0.0256605155140756 846.636656647744 33.8466342707998 -76.6340963285376 -2.26056315030737e-05
402000 4.1e-11 0.0256605155140756 702.630737659698 -18.8014233582713 -73.9631073720477 -2.2617543218406e-05
404000 4.12e-11 0.0256605155140756 877.323547006567 -8.55682088974528 -77.8349165964932 -2.26651563288834e-05
406000 4.14e-11 0.0256605155140756 700.555881350895 -77.9803016890413 -74.4803503217338 -2.26125335033967e-05
408000 4.16e-11 0.0256605155140756 755.405792786087 16.8329628841765 -75.8801959935455 -2.25057026483625e-05
410000 4.18e-11 0.0256605155140756 725.495481735091 -34.7582600633017 -75.5454350623589 -2.24606532114633e-05
412000 4.2e-11 0.0256605155140756 616.076880256673 -100.53705801292 -73.5597232890257 -2.23774928892076e-05
414000 4.22e-11 0.0256605155140756 661.011342300738 -47.0777785951505 -74.7359511819018 -2.22859254251195e-05
416000 4.24e-11 0.0256605155140756 690.699058483677 114.117222573074 -75.6103777291284 -2.21455255342829e-05
418000 4.26e-11 0.0256605155140756 772.474202299902 2.57279546007726 -77.5493743624044 -2.21062505158418e-05
420000 4.28e-11 0.0256605155140756 728.506922627476 -95.3465331528919 -76.9008576041545 -2.20360019661739e-05
422000 4.3e-11 0.0256605155140756 693.915713642251 -187.327410970907 -76.4331589873692 -2.19865724424089e-05
424000 4.32e-11 0.0256605155140756 762.142352585057 128.649390724692 -78.0771389781567 -2.19214829970469e-05
426000 4.34e-11 0.0256605155140756 592.908427624439 182.2966979431 -74.8410089102985 -2.18172466069825e-05
428000 4.36e-11 0.0256605155140756 733.857674728661 67.2843133430531 -77.979769910083 -2.17104882281561e-05
430000 4.38e-11 0.0256605155140756 694.420930466662 -231.145035935959 -77.4081388473065 -2.16083841012243e-05
432000 4.4e-11 0.0256605155140756 641.19072332029 -269.448943149772 -76.5479269968905 -2.15753090282662e-05
434000 4.42e-11 0.0256605155140756 719.716052423764 -200.316659341605 -78.3952020582243 -2.15803732359514e-05
436000 4.44e-11 0.0256605155140756 737.947671768235 49.4517053294539 -78.9965845338528 -2.16319247393787e-05
438000 4.46e-11 0.0256605155140756 685.022930880411 337.267418940933 -78.1305824217293 -2.16300459518301e-05
440000 4.48e-11 0.0256605155140756 704.522209104939 -170.576054562286 -78.7570441350457 -2.15916027242956e-05
442000 4.5e-11 0.0256605155140756 748.98682106219 -98.9930915387171 -79.8945202943489 -2.15798273534023e-05
444000 4.52e-11 0.0256605155140756 652.62821732434 -90.6511675682265 -78.1272273567577 -2.16020036716668e-05
446000 4.54e-11 0.0256605155140756 703.176494331982 -78.1277297155286 -79.3866537006112 -2.16128306661324e-05
448000 4.56e-11 0.0256605155140756 712.879010078462 -38.5757717957272 -79.8268546360598 -2.15112709661319e-05
450000 4.58e-11 0.0256605155140756 745.230162817021 128.466603109216 -80.7443945539355 -2.14449372954371e-05
452000 4.6e-11 0.0256605155140756 757.078786600722 -201.531550249338 -81.2444967893458 -2.13621737929503e-05
454000 4.62e-11 0.0256605155140756 730.0198377256 -245.680651365655 -80.9582894433305 -2.12545281357306e-05
456000 4.64e-11 0.0256605155140756 790.297795529037 -70.5932466217002 -82.4624406206544 -2.12026482052875e-05
458000 4.66e-11 0.0256605155140756 721.641548054576 50.70615049289 -81.3294188550401 -2.12661228174503e-05
460000 4.68e-11 0.0256605155140756 766.841772397122 -126.499958323635 -82.5230835830296 -2.12020848758119e-05
462000 4.7e-11 0.0256605155140756 740.311913275526 -131.195449305894 -82.2454555791979 -2.11346211464967e-05
464000 4.72e-11 0.0256605155140756 712.741033153589 13.8564294952352 -81.9389614912086 -2.11088875016709e-05
466000 4.74e-11 0.0256605155140756 686.75616314891 -64.3885319250201 -81.6769031549005 -2.11005047364804e-05
468000 4.76e-11 0.0256605155140756 762.335610510154 -35.4064393420255 -83.4882777044635 -2.10862809423479e-05
470000 4.78e-11 0.0256605155140756 789.647213326151 -296.57148905931 -84.3118791612538 -2.09926106000757e-05
472000 4.8e-11 0.0256605155140756 802.863035081949 -241.51920130777 -84.855694857967 -2.09643555138299e-05
474000 4.82e-11 0.0256605155140756 737.339977162917 -112.078409437027 -83.7701421643176 -2.09666281469387e-05
476000 4.84e-11 0.0256605155140756 701.284817005743 113.53367571717 -83.2985526341149 -2.09163730266397e-05
478000 4.86e-11 0.0256605155140756 659.315962766254 -165.660789091402 -82.7050877067155 -2.08706999574523e-05
480000 4.88e-11 0.0256605155140756 748.433433235978 18.8313643317618 -84.7991006239789 -2.08321430029308e-05
482000 4.9e-11 0.0256605155140756 736.97757841455 113.270004529002 -84.8288358556626 -2.07525154488298e-05
484000 4.92e-11 0.0256605155140756 717.02859954271 4.50849658118984 -84.6755631258757 -2.07234656798325e-05
486000 4.94e-11 0.0256605155140756 705.535564471804 -97.4022978707045 -84.6784987102787 -2.0755585673914e-05
488000 4.96e-11 0.0256605155140756 721.361172119513 120.836396666647 -85.2496331664812 -2.07822416183324e-05
490000 4.98e-11 0.0256605155140756 828.377300884235 59.9467380547642 -87.7045448286296 -2.07352759758796e-05
492000 5e-11 0.0256605155140756 664.559311176592 28.0786331876738 -84.5825085745773 -2.06736700950931e-05
494000 5.02e-11 0.0256605155140756 625.630876077157 249.28385085444 -84.0240031431794 -2.06037971195895e-05
496000 5.04e-11 0.0256605155140756 729.442770540064 241.268951846938 -86.4013104371032 -2.06197958642572e-05
498000 5.06e-11 0.0256605155140756 649.317244787382 -39.9446742271595 -84.9962944873517 -2.07003205514405e-05
500000 5.08e-11 0.0256605155140756 663.847800244915 77.9634062760684 -85.5312137604967 -2.08198002828979e-05
502000 5.1e-11 0.0256605155140756 654.105114419403 310.330010749716 -85.5731500009241 -2.08556000433349e-05
504000 5.12e-11 0.0256605155140756 653.966693466742 270.179429121654 -85.8115510055415 -2.08323348151528e-05
506000 5.14e-11 0.0256605155140756 742.572269499217 -73.1036665582275 -87.8659507825897 -2.08214679997692e-05
508000 5.16e-11 0.0256605155140756 620.657308407576 -292.291485952003 -85.5964580328832 -2.07826367070891e-05
510000 5.18e-11 0.0256605155140756 707.718877606969 -311.585859277338 -87.6061913413197 -2.07439611276916e-05
512000 5.2e-11 0.0256605155140756 676.684798144201 72.5476872651192 -87.1816219819661 -2.06876539223966e-05
514000 5.22e-11 0.0256605155140756 726.832046154955 -27.4965707563237 -88.4227399274621 -2.06070444111538e-05
516000 5.24e-11 0.0256605155140756 697.477541791804 -359.416938026843 -88.0391485637631 -2.05502884106728e-05
518000 5.26e-11 0.0256605155140756 644.296270691542 303.451056282579 -87.1657970270139 -2.05037137845041e-05
520000 5.28e-11 0.0256605155140756 584.842315552629 279.733445244974 -86.1571025126742 -2.04458198749099e-05
522000 5.3e-11 0.0256605155140756 619.447772981622 -47.2251521148574 -87.0720327319218 -2.04067126016752e-05
524000 5.32e-11 0.0256605155140756 606.228234233979 202.512987340041 -87.0039957239997 -2.03380658598204e-05
526000 5.34e-11 0.0256605155140756 664.206625715582 -264.6972826325 -88.4094910459894 -2.03074867193846e-05
528000 5.36e-11 0.0256605155140756 686.449112966949 -110.078704275305 -89.0772229099902 -2.0238240843881e-05
530000 5.38e-11 0.0256605155140756 596.839524348625 289.992575723149 -87.4392891008358 -2.01826591128333e-05
532000 5.4e-11 0.0256605155140756 723.910717983991 -19.1010579758657 -90.2584487494142 -2.02232746833889e-05
534000 5.42e-11 0.0256605155140756 611.989458418866 -22.2045391046081 -88.1598011931504 -2.02181414448896e-05
536000 5.44e-11 0.0256605155140756 703.844168503622 49.2180285434572 -90.2450626871004 -2.01603726962774e-05
538000 5.46e-11 0.0256605155140756 634.318474040722 169.25046134455 -89.0152031861903 -2.01142933405858e-05
540000 5.48e-11 0.0256605155140756 601.926655800951 -122.990775210383 -88.5508024907858 -2.0105449282375e-05
542000 5.5e-11 0.0256605155140756 558.926186519388 40.2282601285914 -87.8533977373645 -2.00611606224827e-05
544000 5.52e-11 0.0256605155140756 574.479033772895 -42.2063660233123 -88.3651223078037 -2.00824146654335e-05
546000 5.54e-11 0.0256605155140756 545.075734787872 -270.157704081226 -87.9470633481085 -2.00800242340983e-05
548000 5.56e-11 0.0256605155140756 491.611963320132 -214.907545198364 -87.0319510405909 -2.00648505877974e-05
550000 5.58e-11 0.0256605155140756 571.779702181398 -42.1344104343832 -88.8455159392467 -1.99920802178126e-05
552000 5.6e-11 0.0256605155140756 567.299993010737 229.10173446063 -88.9273505471749 -2.0023259525649e-05
554000 5.62e-11 0.0256605155140756 545.493234481885 269.731700531182 -88.6520385333345 -2.00542845293045e-05
556000 5.64e-11 0.0256605155140756 512.574980445788 142.829318231591 -88.1419484269294 -2.00485620142343e-05
558000 5.66e-11 0.0256605155140756 563.389718425661 8.24164182250704 -89.3523529471225 -1.99801237298682e-05
560000 5.68e-11 0.0256605155140756 587.961120692861 10.3706777244025 -90.0269937391155 -1.99269970709696e-05
562000 5.7e-11 0.0256605155140756 573.268879265636 -28.3890060224261 -89.899669893296 -1.99412940188498e-05
564000 5.72e-11 0.0256605155140756 539.785537872954 -35.0485436033894 -89.3781794280396 -2.00379868068843e-05
566000 5.74e-11 0.0256605155140756 442.86556945945 155.14439214091 -87.5454830206167 -2.00403384934756e-05
568000 5.76e-11 0.0256605155140756 577.56346794547 119.986744352362 -90.4739150655497 -1.99717691148324e-05
570000 5.78e-11 0.0256605155140756 611.403824107527 63.085150102836 -91.3338493214915 -1.99464081375379e-05
572000 5.8e-11 0.0256605155140756 550.498470528208 107.724348481655 -90.2433290198916 -1.99460038286943e-05
574000 5.82e-11 0.0256605155140756 552.198164370583 -162.379927864893 -90.4383430944747 -1.99678881001773e-05
576000 5.84e-11 0.0256605155140756 551.145479734007 -159.007476152206 -90.5658057859032 -2.00027920701928e-05
578000 5.86e-11 0.0256605155140756 536.960985957109 1.77411416832982 -90.4254177643062 -1.9927292674331e-05
580000 5.88e-11 0.0256605155140756 594.762983800136 -177.75561048682 -91.7632102798827 -1.99214693584158e-05
582000 5.9e-11 0.0256605155140756 540.843810698329 -119.071181856305 -90.808683787002 -1.98778296964436e-05
584000 5.92e-11 0.0256605155140756 612.254088855168 35.3395539923672 -92.4280330891176 -1.98366731223116e-05
586000 5.94e-11 0.0256605155140756 474.500072750353 15.7125760409784 -89.7417802627298 -1.98118051963574e-05
588000 5.96e-11 0.0256605155140756 544.491295280543 -21.7416848438169 -91.3251045863405 -1.98054501607162e-05
590000 5.98e-11 0.0256605155140756 517.176146721337 167.937722242959 -90.9018589735091 -1.97620557316307e-05
592000 6e-11 0.0256605155140756 495.424867976962 45.1037733064064 -90.6004370693958 -1.97334556407828e-05
594000 6.02e-11 0.0256605155140756 506.806743493908 -163.829306420899 -90.9651807037701 -1.97195580479486e-05
596000 6.04e-11 0.0256605155140756 516.817177827203 -294.282985591399 -91.3038023610655 -1.97071109521143e-05
598000 6.06e-11 0.0256605155140756 454.770164904848 -114.237286401267 -90.1567318521972 -1.97190515669111e-05
600000 6.08e-11 0.0256605155140756 487.963834853396 -118.15208220242 -90.9665141280122 -1.97723306527304e-05
602000 6.1e-11 0.0256605155140756 581.61858563852 108.617525466675 -93.0293568011968 -1.98571590574952e-05
604000 6.12e-11 0.0256605155140756 534.426721477665 189.759499689961 -92.1874951241921 -1.98722708382165e-05
606000 6.14e-11 0.0256605155140756 491.583992415039 41.5448013305831 -91.4313640141515 -1.98353020164736e-05
608000 6.16e-11 0.0256605155140756 483.725905257345 292.688525189151 -91.3879111073011 -1.97723317088819e-05
610000 6.18e-11 0.0256605155140756 489.215120871713 23.1925573782857 -91.623632125522 -1.97540094549659e-05
612000 6.2e-11 0.0256605155140756 443.173309032669 -95.7179882247328 -90.797393354931 -1.97324970769131e-05
614000 6.22e-11 0.0256605155140756 425.047672278369 172.983429199995 -90.537036413683 -1.96842831848126e-05
616000 6.24e-11 0.0256605155140756 523.05335272121 130.889832389392 -92.6660203718455 -1.96186093078688e-05
618000 6.26e-11 0.0256605155140756 554.357129495009 28.0246219407611 -93.4249108996523 -1.95437264240613e-05
620000 6.28e-11 0.0256605155140756 512.288727511997 -42.1590414107205 -92.6728487319559 -1.94729739157618e-05
622000 6.3e-11 0.0256605155140756 453.511323047452 -74.9659264839894 -91.5690245986696 -1.94010673669746e-05
624000 6.32e-11 0.0256605155140756 436.64979559678 -90.3803519695082 -91.3238857128301 -1.93180973729713e-05
626000 6.34e-11 0.0256605155140756 407.920132100298 -46.0876226374876 -90.8380868340542 -1.92473282500939e-05
628000 6.36e-11 0.0256605155140756 457.763829579223 -161.940427401206 -91.9660171835369 -1.92041618457343e-05
630000 6.38e-11 0.0256605155140756 461.768127410377 -19.4906215693319 -92.1515479165036 -1.91740940954276e-05
632000 6.4e-11 0.0256605155140756 488.894795592916 117.513428845273 -92.8110726887581 -1.91589893873687e-05
634000 6.42e-11 0.0256605155140756 454.612373945835 114.067303110023 -92.2084773292694 -1.91262404855914e-05
636000 6.44e-11 0.0256605155140756 430.281312338667 32.4659623498058 -91.8142637705064 -1.90692872291839e-05
638000 6.46e-11 0.0256605155140756 439.015604199588 133.526192455893 -92.0919870150472 -1.90114031373562e-05
640000 6.48e-11 0.0256605155140756 395.538873219908 116.757763051813 -91.2955664086693 -1.89656681740605e-05
642000 6.5e-11 0.0256605155140756 489.268826310763 -69.7813282877198 -93.3217494196227 -1.89192394912167e-05
644000 6.52e-11 0.0256605155140756 497.438077762628 -86.2712398174961 -93.5879515426871 -1.88743070349764e-05
646000 6.54e-11 0.0256605155140756 446.72614901866 -105.990302070495 -92.6380208540747 -1.88250965058101e-05
648000 6.56e-11 0.0256605155140756 369.973294707517 47.5379295071025 -91.1497537064498 -1.87772251682934e-05
650000 6.58e-11 0.0256605155140756 438.554828950604 38.3184453964191 -92.6443340229696 -1.87291833048848e-05
652000 6.6e-11 0.0256605155140756 401.190977009893 -42.7919568988586 -91.9643298554945 -1.86710547830627e-05
654000 6.62e-11 0.0256605155140756 358.234772016402 -7.13678621497946 -91.1691424058457 -1.86246755912078e-05
656000 6.64e-11 0.0256605155140756 375.390002660094 -125.072283106796 -91.6048561422725 -1.85702308555494e-05
658000 6.66e-11 0.0256605155140756 364.996323136675 -180.361612723942 -91.4724407437325 -1.8534552483403e-05
660000 6.68e-11 0.0256605155140756 466.697246448358 -7.74471224885022 -93.6479204457564 -1.84716635533621e-05
662000 6.7e-11 0.0256605155140756 379.055983366766 86.7198548562764 -91.9275580548822 -1.83992185144944e-05
664000 6.72e-11 0.0256605155140756 405.188365196572 10.401344814463 -92.5456766071021 -1.83741072064371e-05
666000 6.74e-11 0.0256605155140756 433.96517015558 115.713904179471 -93.2163106792749 -1.83611434280962e-05
668000 6.76e-11 0.0256605155140756 390.784679145584 -211.971002011536 -92.4017200554019 -1.83372388859951e-05
670000 6.78e-11 0.0256605155140756 458.264915460701 95.3618160044266 -93.8638376486251 -1.83002437210364e-05
672000 6.8e-11 0.0256605155140756 381.603590789943 147.618839964702 -92.3599633984389 -1.82530021426526e-05
674000 6.82e-11 0.0256605155140756 385.67015135554 -202.171505747221 -92.5169935370333 -1.81938306749128e-05
676000 6.84e-11 0.0256605155140756 365.736348417341 -143.128116014938 -92.1759778618513 -1.81529152538732e-05
678000 6.86e-11 0.0256605155140756 428.869683573469 -64.0553784947845 -93.5472606068632 -1.81203188159581e-05
680000 6.88e-11 0.0256605155140756 398.705199555572 129.667307927423 -93.0072486700605 -1.80843992679326e-05
682000 6.9e-11 0.0256605155140756 432.490859904806 -54.6953756121381 -93.7778255618264 -1.80552766152234e-05
684000 6.92e-11 0.0256605155140756 380.244054788043 0.578329947665 -92.7795027519794 -1.80232249433071e-05
686000 6.94e-11 0.0256605155140756 381.551220317725 -31.7072768844515 -92.8849901399799 -1.7973289048348e-05
688000 6.96e-11 0.0256605155140756 431.522526782239 66.8702504712804 -93.9919411143627 -1.79635677283836e-05
690000 6.98e-11 0.0256605155140756 540.596866465855 40.5035625993243 -96.3218419881009 -1.79424545593896e-05
692000 7e-11 0.0256605155140756 484.162847738747 29.4433787841849 -95.2561810537846 -1.78924489844053e-05
694000 7.02e-11 0.0256605155140756 537.523370602465 -91.0253905273043 -96.4561920889421 -1.78303727648309e-05
696000 7.04e-11 0.0256605155140756 658.561811098406 197.703561907196 -99.0528194091217 -1.77827487792431e-05
698000 7.06e-11 0.0256605155140756 597.23650653091 29.6654086771208 -97.9188568079317 -1.77507452598681e-05
700000 7.08e-11 0.0256605155140756 691.669847373988 193.60366558159 -99.9929169962249 -1.77059079743587e-05
702000 7.1e-11 0.0256605155140756 654.871396098382 -45.7267477887858 -99.3753223242944 -1.76514126408954e-05
704000 7.12e-11 0.0256605155140756 666.090924257782 -69.504431509933 -99.7455552732645 -1.75924876650731e-05
706000 7.14e-11 0.0256605155140756 579.891043831817 -41.3050964505941 -98.1201261591643 -1.75559079456356e-05
708000 7.16e-11 0.0256605155140756 556.325369730705 -155.168993095212 -97.7885966256622 -1.75088998937472e-05
710000 7.18e-11 0.0256605155140756 607.534771235855 -76.6597134192447 -98.9872100899559 -1.74659182686991e-05
712000 7.2e-11 0.0256605155140756 638.24502961808 4.91619991300888 -99.7788642809907 -1.74311842566525e-05
714000 7.22e-11 0.0256605155140756 615.624351573517 -115.892489034438 -99.4798985163585 -1.73875453188733e-05
716000 7.24e-11 0.0256605155140756 754.841280332279 -6.57608094022383 -102.521059038152 -1.7347405205415e-05
718000 7.26e-11 0.0256605155140756 602.836102841978 27.745219002817 -99.5639359141248 -1.73132160237864e-05
720000 7.28e-11 0.0256605155140756 663.183180700185 -94.2788240916608 -100.972935712258 -1.72813428821366e-05
722000 7.3e-11 0.0256605155140756 813.515745128687 56.1207968846621 -104.24376562698 -1.72446080998651e-05
724000 7.32e-11 0.0256605155140756 603.882343862831 94.7419727500323 -100.117709803237 -1.72352925402854e-05
726000 7.34e-11 0.0256605155140756 597.386097941049 -155.869992189756 -100.16115328506 -1.7193089487797e-05
728000 7.36e-11 0.0256605155140756 723.731755232681 -215.419185661855 -102.92699160228 -1.71496422461114e-05
730000 7.38e-11 0.0256605155140756 650.41854464895 -7.43059612999599 -101.589056028757 -1.71078942611002e-05
732000 7.4e-11 0.0256605155140756 735.856523716787 22.3321037355471 -103.527309999954 -1.70764148775844e-05
734000 7.42e-11 0.0256605155140756 598.496094292138 -154.898398182137 -100.88485090534 -1.70255723012974e-05
736000 7.44e-11 0.0256605155140756 623.071958631917 140.616250011736 -101.569625683576 -1.69936844951739e-05
738000 7.46e-11 0.0256605155140756 661.912997907206 165.765294499417 -102.54465924179 -1.69583479735238e-05
740000 7.48e-11 0.0256605155140756 632.128206277601 58.2850329280062 -102.097741047189 -1.69425217348492e-05
742000 7.5e-11 0.0256605155140756 537.948951667048 122.322977202653 -100.33274787179 -1.69010615024201e-05
744000 7.52e-11 0.0256605155140756 634.943112225236 145.463159638669 -102.488766804886 -1.68566725204105e-05
746000 7.54e-11 0.0256605155140756 644.79200901548 -37.2570247426385 -102.853372204204 -1.68128789077486e-05
748000 7.56e-11 0.0256605155140756 555.395947917062 142.069078644589 -101.178003505987 -1.67572550195618e-05
750000 7.58e-11 0.0256605155140756 666.305112183303 148.162226143564 -103.626958310048 -1.67243167433427e-05
752000 7.6e-11 0.0256605155140756 630.565107844683 87.4305599869325 -103.06270189379 -1.66831898330192e-05
754000 7.62e-11 0.0256605155140756 489.461972737429 -3.29540249503624 -100.329908875937 -1.66697839906632e-05
756000 7.64e-11 0.0256605155140756 780.81154422452 -102.523898613905 -106.495721617106 -1.66559823046852e-05
758000 7.66e-11 0.0256605155140756 539.27784574032 137.143081089409 -101.71013193943 -1.66415636396561e-05
760000 7.68e-11 0.0256605155140756 711.325421511316 299.834825793984 -105.42442694164 -1.66034769900949e-05
762000 7.7e-11 0.0256605155140756 676.750748880015 167.613623142773 -104.890874007353 -1.65878772206837e-05
764000 7.72e-11 0.0256605155140756 744.056045301541 15.1539712424132 -106.459529574941 -1.65533899537427e-05
766000 7.74e-11 0.0256605155140756 650.188936388878 98.8952873059196 -104.715540922533 -1.65595636927399e-05
768000 7.76e-11 0.0256605155140756 581.56349451457 -330.052865319305 -103.472760342771 -1.65324869449406e-05
770000 7.78e-11 0.0256605155140756 681.4710541235 -198.707765086183 -105.703108584109 -1.6489438302848e-05
772000 7.8e-11 0.0256605155140756 703.763320072744 -63.7686206600495 -106.339874174109 -1.64783012957571e-05
774000 7.82e-11 0.0256605155140756 644.141216208041 -208.690829103717 -105.287623841427 -1.64507417871618e-05
776000 7.84e-11 0.0256605155140756 607.124132791276 -114.407701524797 -104.703204802227 -1.64282699820392e-05
778000 7.86e-11 0.0256605155140756 739.456097076042 193.789742387769 -107.615856215757 -1.63938197855699e-05
780000 7.88e-11 0.0256605155140756 711.300238358892 95.5054346288067 -107.24323491903 -1.64037227273573e-05
782000 7.9e-11 0.0256605155140756 882.466817881082 -6.09287777910273 -110.966611224016 -1.63742558324171e-05
784000 7.92e-11 0.0256605155140756 714.11975860771 60.8005431262499 -107.721574439615 -1.63339085268415e-05
786000 7.94e-11 0.0256605155140756 753.089354960227 87.436680880048 -108.720580478433 -1.63041056766423e-05
788000 7.96e-11 0.0256605155140756 769.424428084847 210.703659584686 -109.268176877648 -1.62544278412427e-05
790000 7.98e-11 0.0256605155140756 813.20404739199 228.596156827814 -110.373077790267 -1.62060169067889e-05
792000 8e-11 0.0256605155140756 662.482409944089 84.5302430595618 -107.474069989054 -1.61789303244826e-05
794000 8.02e-11 0.0256605155140756 599.68250444475 -92.1119713864378 -106.378699240753 -1.6173574791666e-05
796000 8.04e-11 0.0256605155140756 655.126996561895 -30.9201567728292 -107.712990281684 -1.61692267332436e-05
798000 8.06e-11 0.0256605155140756 755.030477584014 284.248447240632 -109.96313421129 -1.61632920196505e-05
800000 8.08e-11 0.0256605155140756 742.896974274987 96.5264475566014 -109.914974901903 -1.61378410440743e-05
802000 8.1e-11 0.0256605155140756 598.89469562128 -241.948970809793 -107.155602957107 -1.60799820974767e-05
804000 8.12e-11 0.0256605155140756 588.824167455052 -281.125929479542 -107.134215997683 -1.60465989271331e-05
806000 8.14e-11 0.0256605155140756 604.914470651848 98.4555528215999 -107.646382818931 -1.60144549783378e-05
808000 8.16e-11 0.0256605155140756 697.240062752629 -49.9010165928968 -109.721413294256 -1.59703633986165e-05
810000 8.18e-11 0.0256605155140756 563.849818185156 64.3464611105265 -107.156736549281 -1.59344770749572e-05
812000 8.2e-11 0.0256605155140756 611.207973967073 95.0362595558197 -108.298880268343 -1.58905456288054e-05
814000 8.22e-11 0.0256605155140756 696.462342815955 28.97886055996 -110.230800752539 -1.58737864432542e-05
816000 8.24e-11 0.0256605155140756 784.896472864422 11.7972082457852 -112.254546419801 -1.58818072257308e-05
818000 8.26e-11 0.0256605155140756 899.461333959884 -6.39057748904218 -114.817267534792 -1.58567635474445e-05
820000 8.28e-11 0.0256605155140756 757.400791824295 -336.608032554112 -112.099359489126 -1.58332628063985e-05
822000 8.3e-11 0.0256605155140756 695.563386143927 108.82877573371 -111.036610609108 -1.58194219489559e-05
824000 8.32e-11 0.0256605155140756 741.437510951402 -38.8395823116541 -112.182679370038 -1.57261841892311e-05
826000 8.34e-11 0.0256605155140756 722.555169961033 -131.546690169142 -111.994508554252 -1.57248712508506e-05
828000 8.36e-11 0.0256605155140756 668.370717905831 -268.560094497645 -111.078113248982 -1.57281817518623e-05
830000 8.38e-11 0.0256605155140756 570.647583979702 -223.354817035419 -109.259540819098 -1.57462290676052e-05
832000 8.4e-11 0.0256605155140756 761.353420943915 -12.8722512368525 -113.375887645756 -1.56897120504776e-05
834000 8.42e-11 0.0256605155140756 611.413968365796 191.725650245409 -110.492578593743 -1.5705181664711e-05
836000 8.44e-11 0.0256605155140756 586.765199262805 -10.7162148697723 -110.175999561291 -1.57138378900836e-05
838000 8.46e-11 0.0256605155140756 702.325092684626 176.396147578028 -112.75404532279 -1.57163881458121e-05
840000 8.48e-11 0.0256605155140756 745.889786068034 268.43302252416 -113.866303060816 -1.56954081490082e-05
842000 8.5e-11 0.0256605155140756 698.631784834168 91.061092716309 -113.091191767161 -1.56754400729158e-05
844000 8.52e-11 0.0256605155140756 675.471314931333 -60.6337578901106 -112.809870533499 -1.56782744644914e-05
846000 8.54e-11 0.0256605155140756 648.108053765116 52.6689516958109 -112.459100277785 -1.5668699548497e-05
848000 8.56e-11 0.0256605155140756 651.083886444375 257.782189839562 -112.710601664016 -1.56500548266614e-05
850000 8.58e-11 0.0256605155140756 549.350763740488 -26.961641898774 -110.79810928615 -1.56258610053203e-05
852000 8.6e-11 0.0256605155140756 615.806416423981 -192.859303332083 -112.344949706179 -1.55959767321513e-05
854000 8.62e-11 0.0256605155140756 648.370095934586 -258.046368147396 -113.207599645962 -1.55793496083307e-05
856000 8.64e-11 0.0256605155140756 622.209116653755 233.341376889736 -112.846580488524 -1.5555049727965e-05
858000 8.66e-11 0.0256605155140756 584.686690015234 258.340471402566 -112.260618142701 -1.55233045609238e-05
860000 8.68e-11 0.0256605155140756 660.143695969891 38.272490018395 -113.979692189172 -1.54912530627488e-05
862000 8.7e-11 0.0256605155140756 565.481033682367 126.974416895806 -112.216654526169 -1.5483139883771e-05
864000 8.72e-11 0.0256605155140756 625.291786493795 88.0033927630825 -113.631187357571 -1.54600587494587e-05
866000 8.74e-11 0.0256605155140756 676.543717297279 39.6672352020147 -114.883731404281 -1.54210261307878e-05
868000 8.76e-11 0.0256605155140756 735.126169383652 -138.788064183561 -116.276797499057 -1.53993571684235e-05
870000 8.78e-11 0.0256605155140756 601.432868737828 -131.246751912681 -113.704671667611 -1.53509559058593e-05
872000 8.8e-11 0.0256605155140756 638.130843280296 114.622359575153 -114.639795721968 -1.53324745235844e-05
874000 8.82e-11 0.0256605155140756 736.164974990456 115.985422142163 -116.836252912338 -1.53368806197136e-05
876000 8.84e-11 0.0256605155140756 638.783716952422 74.4614246952668 -115.022982415628 -1.53013318014581e-05
878000 8.86e-11 0.0256605155140756 530.912115378086 167.849291586847 -112.985711401612 -1.526766726954e-05
880000 8.88e-11 0.0256605155140756 725.20259811851 -12.390813244331 -117.168555521034 -1.52391724822227e-05
882000 8.9e-11 0.0256605155140756 801.90114710709 186.538947026498 -118.925731770934 -1.51996628632368e-05
884000 8.92e-11 0.0256605155140756 652.953958088748 207.007013296558 -116.042484488918 -1.51676247420021e-05
886000 8.94e-11 0.0256605155140756 584.057191955617 69.2546882740549 -114.791112698105 -1.51597575311747e-05
888000 8.96e-11 0.0256605155140756 582.431636929247 -154.166529558268 -114.915364262241 -1.51780998024922e-05
890000 8.98e-11 0.0256605155140756 611.951803401055 58.601705976946 -115.681073952622 -1.51530892737621e-05
892000 9e-11 0.0256605155140756 644.08974616048 198.07184343553 -116.50489633236 -1.51156177529391e-05
894000 9.02e-11 0.0256605155140756 654.660021253259 381.793017876157 -116.892667540764 -1.51043513734153e-05
896000 9.04e-11 0.0256605155140756 560.331452410987 9.74582216710235 -115.121339234653 -1.5056045456804e-05
898000 9.06e-11 0.0256605155140756 742.493412037293 12.0387267098405 -119.02173166619 -1.50275002270874e-05
900000 9.08e-11 0.0256605155140756 560.56093170135 -194.569493598979 -115.439520378989 -1.50159044680061e-05
902000 9.1e-11 0.0256605155140756 580.174317544529 -28.1356029775591 -115.999867470761 -1.49978393839926e-05
904000 9.12e-11 0.0256605155140756 594.47098148364 -71.8509771118266 -116.450317057545 -1.49812418733124e-05
906000 9.14e-11 0.0256605155140756 569.754778781573 75.4108764839465 -116.098399804867 -1.49522938215442e-05
908000 9.16e-11 0.0256605155140756 647.934664158413 -146.580371238575 -117.855983462885 -1.49307084864999e-05
910000 9.18e-11 0.0256605155140756 648.98804590409 -89.2624518857824 -118.038366867211 -1.49154970622918e-05
912000 9.2e-11 0.0256605155140756 612.014608813098 103.277217221962 -117.437779880328 -1.48925551148501e-05
914000 9.22e-11 0.0256605155140756 635.938363989207 -16.9622026693989 -118.087803839002 -1.48708913662792e-05
916000 9.24e-11 0.0256605155140756 569.657079643894 74.8893801925343 -116.885426646518 -1.4836387296956e-05
918000 9.26e-11 0.0256605155140756 630.080846917679 80.9873478016807 -118.288744843674 -1.48035314457792e-05
920000 9.28e-11 0.0256605155140756 652.268205600152 -3.32747800431878 -118.894977805133 -1.47879383951693e-05
922000 9.3e-11 0.0256605155140756 623.661928303275 40.3253964464077 -118.452356145393 -1.47765722920827e-05
924000 9.32e-11 0.0256605155140756 467.457992027401 -95.2648642771311 -115.385639922139 -1.4756057601349e-05
926000 9.34e-11 0.0256605155140756 524.581790724251 192.802184505212 -116.70018597196 -1.47204561049158e-05
928000 9.36e-11 0.0256605155140756 573.084698624036 267.240397882333 -117.848852220947 -1.46816809877167e-05
930000 9.38e-11 0.0256605155140756 560.227626833053 94.6757609994164 -117.723481381189 -1.46534244163242e-05
932000 9.4e-11 0.0256605155140756 544.487636513082 118.743968971647 -117.54666640003 -1.46312736700587e-05
934000 9.42e-11 0.0256605155140756 516.352790803631 237.744763064243 -117.112254755149 -1.46115980960283e-05
936000 9.44e-11 0.0256605155140756 637.342973408737 127.920040958197 -119.743694796607 -1.45833683256546e-05
938000 9.46e-11 0.0256605155140756 607.040674081339 -69.0971156357899 -119.267832663396 -1.45701180872134e-05
940000 9.48e-11 0.0256605155140756 487.258301153714 -90.6428016286837 -116.945688814937 -1.45458957677556e-05
942000 9.5e-11 0.0256605155140756 571.949707966043 -117.555970581596 -118.820783570869 -1.45313585439303e-05
944000 9.52e-11 0.0256605155140756 631.985246366933 -148.582897188959 -120.184972193883 -1.45154515987929e-05
946000 9.54e-11 0.0256605155140756 587.85721817001 -168.971657580607 -119.408607884671 -1.4475791024946e-05
948000 9.56e-11 0.0256605155140756 519.408749411667 156.93518580391 -118.133003774906 -1.44558908577623e-05
950000 9.58e-11 0.0256605155140756 476.173568786138 47.7569476868556 -117.373232065038 -1.44629216686367e-05
952000 9.6e-11 0.0256605155140756 531.863007019988 147.433034788675 -118.646948388629 -1.44765892691141e-05
954000 9.62e-11 0.0256605155140756 545.910722139435 -108.621186459042 -119.060881189884 -1.4456514603969e-05
956000 9.64e-11 0.0256605155140756 426.328050948917 -97.5820298031529 -116.728132946695 -1.44429528390333e-05
958000 9.66e-11 0.0256605155140756 455.988069767682 -104.180276262214 -117.461390114971 -1.44264972889986e-05
960000 9.68e-11 0.0256605155140756 596.548860385341 35.4598730747264 -120.468695369687 -1.44015459203135e-05
962000 9.7e-11 0.0256605155140756 458.659653608001 -38.378241571284 -117.743113752679 -1.4375426460613e-05
964000 9.72e-11 0.0256605155140756 443.426632374182 -16.8100946556056 -117.545077140419 -1.43558348435533e-05
966000 9.74e-11 0.0256605155140756 552.562107577325 -105.023353619896 -119.899775654208 -1.4318118950261e-05
968000 9.76e-11 0.0256605155140756 541.272427965818 100.352553334369 -119.77917524269 -1.42792528545354e-05
970000 9.78e-11 0.0256605155140756 453.410339881187 289.723137486623 -118.092300895659 -1.42443930070799e-05
972000 9.8e-11 0.0256605155140756 438.926415757717 66.6541870251231 -117.903176122823 -1.42098013199201e-05
974000 9.82e-11 0.0256605155140756 467.14547560693 -0.49903827009722 -118.59217942609 -1.41899663473249e-05
976000 9.84e-11 0.0256605155140756 451.238536426625 -3.08472285512191 -118.372364534072 -1.41565924797946e-05
978000 9.86e-11 0.0256605155140756 379.646550522859 13.8592256426374 -117.003819504072 -1.4136921425255e-05
980000 9.88e-11 0.0256605155140756 521.045406983155 -119.656560492473 -120.011731834936 -1.41091541787833e-05
982000 9.9e-11 0.0256605155140756 518.795651219851 -3.7534890527406 -120.070891917771 -1.4080926334216e-05
984000 9.92e-11 0.0256605155140756 575.32899422862 51.4049442809207 -121.336877821902 -1.40759507542103e-05
986000 9.94e-11 0.0256605155140756 430.665447680413 217.832294793651 -118.467113611085 -1.40631596533531e-05
988000 9.96e-11 0.0256605155140756 421.814471459562 20.8544302966679 -118.382081702247 -1.40312235042626e-05
990000 9.98e-11 0.0256605155140756 442.039110291328 99.01617156222 -118.896450804344 -1.40038828488814e-05
992000 1e-10 0.0256605155140756 491.693697484462 -136.333527685981 -120.023516676258 -1.39847218898509e-05
994000 1.002e-10 0.0256605155140756 512.393130446757 77.5001147559685 -120.552409018927 -1.39909647831476e-05
996000 1.004e-10 0.0256605155140756 514.807885882629 54.460790238698 -120.706804675692 -1.39397082547269e-05
998000 1.006e-10 0.0256605155140756 480.095109829281 -91.3925072214761 -120.100976627152 -1.38988697561927e-05
1000000 1.008e-10 0.0256605155140756 502.278902968567 -76.7118701042521 -120.659357387639 -1.38894213662932e-05
