# Fix print output for fix 333
1.0 5 0 7094216.58756902
2.0 5 0 31132132.2392131
3.0 5 0 38560901286.7362
4.0 5 0 17465.1777525889
5.0 5 0 19.7739869905057
6.0 5 0 -1.41988072798798
7.0 5 0 -1.3476975449835
8.0 5 0 -1.14958266028651
9.0 5 0 -1.00478528284968
10.0 5 0 -0.89505095078597
12.0 5 0 -0.738253217622627
15.0 5 0 -0.589538205240804
20.0 5 0 -0.450417547975822
30.0 5 0 -0.310645370041122
1.0 15 0 7093923.0257337
2.0 15 0 1659601.88568173
3.0 15 0 8138144.00779891
4.0 15 0 2725.68227738248
5.0 15 0 7.20488565470821
6.0 15 0 -1.50430967425231
7.0 15 0 -1.34200888512084
8.0 15 0 -1.14722837391292
9.0 15 0 -1.00458519799343
10.0 15 0 -0.895772637833488
12.0 15 0 -0.739426375399067
15.0 15 0 -0.59037440102148
20.0 15 0 -0.45029601957718
30.0 15 0 -0.319821800281485
1.0 30 0 7093456.40142244
2.0 30 0 13619.786365432
3.0 30 0 4459.39606015012
4.0 30 0 58.645918060427
5.0 30 0 -0.988002096989264
6.0 30 0 -1.55637687653137
7.0 30 0 -1.31766056430786
8.0 30 0 -1.13452642806255
9.0 30 0 -0.998339556142492
10.0 30 0 -0.892723807986432
12.0 30 0 -0.73882958643035
15.0 30 0 -0.590191566325037
20.0 30 0 -0.449048358139972
30.0 30 0 -0.305854569995075
1.0 45 0 7093254.320323
2.0 45 0 1970.81054672071
3.0 45 0 54.8180420008953
4.0 45 0 -0.134659714435622
5.0 45 0 -1.79220435165684
6.0 45 0 -1.52552313316892
7.0 45 0 -1.29181589151545
8.0 45 0 -1.12093923412146
9.0 45 0 -0.991133185581028
10.0 45 0 -0.888893107400557
12.0 45 0 -0.737912233984962
15.0 45 0 -0.590285856580828
20.0 45 0 -0.448879808518412
30.0 45 0 -0.316680216361819
1.0 60 0 7093200.82377435
2.0 60 0 1729.10798643224
3.0 60 0 11.177834126247
4.0 60 0 -1.88877031696945
5.0 60 0 -1.8063455194814
6.0 60 0 -1.50233416842329
7.0 60 0 -1.27967591623851
8.0 60 0 -1.11530429693266
9.0 60 0 -0.988867690363987
10.0 60 0 -0.888448297543884
12.0 60 0 -0.739095521929262
15.0 60 0 -0.592193019990827
20.0 60 0 -0.4509385976611
30.0 60 0 -0.312306928362932
1.0 75 0 7093197.65668295
2.0 75 0 1724.19697355432
3.0 75 0 10.953963678621
4.0 75 0 -1.85523750635665
5.0 75 0 -1.81131368697157
6.0 75 0 -1.5119825930793
7.0 75 0 -1.28808575882315
8.0 75 0 -1.12233323057456
9.0 75 0 -0.994868453105811
10.0 75 0 -0.893700693987427
12.0 75 0 -0.743410051203937
15.0 75 0 -0.595946507238803
20.0 75 0 -0.454663736215118
30.0 75 0 -0.326553990862704
1.0 90 0 7093230.53726147
2.0 90 0 1804.36365809531
3.0 90 0 34.0169013996396
4.0 90 0 0.25750819246672
5.0 90 0 -1.73875302651493
6.0 90 0 -1.55408722838072
7.0 90 0 -1.32021691514214
8.0 90 0 -1.14393921560572
9.0 90 0 -1.01007402873084
10.0 90 0 -0.904970254026484
12.0 90 0 -0.750403631421643
15.0 90 0 -0.600261142468349
20.0 90 0 -0.457683036272332
30.0 90 0 -0.312668358927467
1.0 105 0 7093344.68370962
2.0 105 0 3292.89347312474
3.0 105 0 1031.10616400571
4.0 105 0 67.7531264092454
5.0 105 0 0.843566241061731
6.0 105 0 -1.52924540999226
7.0 105 0 -1.37243034066344
8.0 105 0 -1.17911548494292
9.0 105 0 -1.03298668939567
10.0 105 0 -0.920655658589838
12.0 105 0 -0.758629091534793
15.0 105 0 -0.603742221697875
20.0 105 0 -0.458040308411427
30.0 105 0 -0.322359325341225
1.0 120 0 7093628.31602305
2.0 120 0 51448.1442717403
3.0 120 0 290433.789748281
4.0 120 0 6043.21998103298
5.0 120 0 60.5319813490648
6.0 120 0 -0.392693856963434
7.0 120 0 -1.40328631576027
8.0 120 0 -1.2195880903453
9.0 120 0 -1.05818287813573
10.0 120 0 -0.936752411036777
12.0 120 0 -0.765993256607802
15.0 120 0 -0.60591390599594
20.0 120 0 -0.456895884273428
30.0 120 0 -0.309407873868794
1.0 135 0 7094013.15734587
2.0 135 0 1362382.63544025
3.0 135 0 28786002825.8118
4.0 135 0 1412616.64924266
5.0 135 0 853.469798677196
6.0 135 0 5.40379213463331
7.0 135 0 -1.33065626152661
8.0 135 0 -1.24616041439637
9.0 135 0 -1.07500697491164
10.0 135 0 -0.946641035655771
12.0 135 0 -0.769775456140191
15.0 135 0 -0.606590615126034
20.0 135 0 -0.456040617156094
30.0 135 0 -0.321162240498702
1.0 150 0 7094070.9413975
2.0 150 0 2179790.87123718
3.0 150 0 6506761516010.03
4.0 150 0 3792742.08467406
5.0 150 0 1203.26226293629
6.0 150 0 6.95201919867378
7.0 150 0 -1.30356126747005
8.0 150 0 -1.24346932388906
9.0 150 0 -1.07230756769433
10.0 150 0 -0.943857734950721
12.0 150 0 -0.767450956789167
15.0 150 0 -0.605204557750253
20.0 150 0 -0.455853113238731
30.0 150 0 -0.30977987735968
1.0 165 0 7093716.66795352
2.0 165 0 114410.351642213
3.0 165 0 1718165.80308133
4.0 165 0 19828.3514574113
5.0 165 0 121.311836095378
6.0 165 0 0.419989875999555
7.0 165 0 -1.37573466918985
8.0 165 0 -1.20985634909391
9.0 165 0 -1.04827776512614
10.0 165 0 -0.927220104996198
12.0 165 0 -0.758263887307409
15.0 165 0 -0.601002515404479
20.0 165 0 -0.455480470592658
30.0 165 0 -0.32287546657383
1.0 175 0 7093477.97815368
2.0 175 0 11918.0023369478
3.0 175 0 16822.0532612732
4.0 175 0 714.760421845536
5.0 175 0 13.8861711579919
6.0 175 0 -1.17543198311827
7.0 175 0 -1.36589126678821
8.0 175 0 -1.17523147825825
9.0 175 0 -1.02475686713763
10.0 175 0 -0.910815729193384
12.0 175 0 -0.749036591286323
15.0 175 0 -0.596400524057579
20.0 175 0 -0.454133508353992
30.0 175 0 -0.313052496918415
1.0 5 30 7094216.58249209
2.0 5 30 31132132.2400064
3.0 5 30 38560901286.7377
4.0 5 30 17465.1785708927
5.0 5 30 19.7746419772538
6.0 5 30 -1.41934583303958
7.0 5 30 -1.34725261998947
8.0 5 30 -1.14920710970934
9.0 5 30 -1.00446415924065
10.0 5 30 -0.894773778022654
12.0 5 30 -0.738041053783698
15.0 5 30 -0.58938835306385
20.0 5 30 -0.45032419144455
30.0 5 30 -0.310609070323133
1.0 15 30 7093923.00250353
2.0 15 30 1659601.8874362
3.0 15 30 8138144.01111446
4.0 15 30 2725.68499843662
5.0 15 30 7.20704710513068
6.0 15 30 -1.50255984306927
7.0 15 30 -1.34056381693194
8.0 15 30 -1.14601560328437
9.0 15 30 -1.00355319589452
10.0 15 30 -0.894883918232554
12.0 15 30 -0.738746456408605
15.0 15 30 -0.589885282947542
20.0 15 30 -0.449948946228
30.0 15 30 -0.319460119444476
1.0 30 30 7093456.30330505
2.0 30 30 13619.7827722599
3.0 30 30 4459.40343935381
4.0 30 30 58.6524853789193
5.0 30 30 -0.982843949920139
6.0 30 30 -1.55227633114584
7.0 30 30 -1.31432461221227
8.0 30 30 -1.13175551272987
9.0 30 30 -0.995995596686284
10.0 30 30 -0.89070686328726
12.0 30 30 -0.73725845396078
15.0 30 30 -0.588950167407901
20.0 30 30 -0.447812892449283
30.0 30 30 -0.303570500893673
1.0 45 30 7093253.96712988
2.0 45 30 1970.75500601573
3.0 45 30 54.8265081042731
4.0 45 30 -0.122494845038417
5.0 45 30 -1.78253836073578
6.0 45 30 -1.51803020591563
7.0 45 30 -1.28585891106056
8.0 45 30 -1.11607176835341
9.0 45 30 -0.98705476342741
10.0 45 30 -0.885392608750356
12.0 45 30 -0.735136205569054
15.0 45 30 -0.587908560913748
20.0 45 30 -0.446130738584685
30.0 45 30 -0.312261448690701
1.0 60 30 7093199.54880647
2.0 60 30 1728.6596367353
3.0 60 30 11.1394941345206
4.0 60 30 -1.87184234591645
5.0 60 30 -1.78961899007668
6.0 60 30 -1.48961700955925
7.0 60 30 -1.26991934414079
8.0 60 30 -1.1075565643495
9.0 60 30 -0.982505508287236
10.0 60 30 -0.883057004153565
12.0 60 30 -0.734852115312953
15.0 60 30 -0.588506917801853
20.0 60 30 -0.446735402665463
30.0 60 30 -0.299727754471724
1.0 75 30 7093192.87355893
2.0 75 30 1720.11961661438
3.0 75 30 10.2005741499986
4.0 75 30 -1.89489526918099
5.0 75 30 -1.78726208196018
6.0 75 30 -1.49100395829699
7.0 75 30 -1.27262541814694
8.0 75 30 -1.11060268144286
9.0 75 30 -0.985574069502198
10.0 75 30 -0.886036551343978
12.0 75 30 -0.737603010598302
15.0 75 30 -0.591095871772122
20.0 75 30 -0.44955845417546
30.0 75 30 -0.321002644426573
1.0 90 30 7093212.30770422
2.0 90 30 1751.43113022729
3.0 90 30 17.7586895934411
4.0 90 30 -1.2062742671671
5.0 90 30 -1.78706419994143
6.0 90 30 -1.5242632620028
7.0 90 30 -1.29630777575886
8.0 90 30 -1.12678232223195
9.0 90 30 -0.997182382540522
10.0 90 30 -0.894776637772877
12.0 90 30 -0.743148406999182
15.0 90 30 -0.594596064747804
20.0 90 30 -0.45217080663493
30.0 90 30 -0.306908516857595
1.0 105 30 7093279.98861444
2.0 105 30 2142.94116791597
3.0 105 30 186.217745779087
4.0 105 30 12.595076256115
5.0 105 30 -1.14860170913559
6.0 105 30 -1.55883447551187
7.0 105 30 -1.33980511907697
8.0 105 30 -1.1552973292216
9.0 105 30 -1.01617778315957
10.0 105 30 -0.908058075763427
12.0 105 30 -0.750342659777189
15.0 105 30 -0.597773563931488
20.0 105 30 -0.452522807923751
30.0 105 30 -0.316721685011094
1.0 120 30 7093447.89147366
2.0 120 30 8779.67631726856
3.0 120 30 9348.91382981024
4.0 120 30 445.434170916094
5.0 120 30 9.39923489579866
6.0 120 30 -1.30544016537713
7.0 120 30 -1.38587371661735
8.0 120 30 -1.1905541620127
9.0 120 30 -1.03845572159998
10.0 120 30 -0.922760898702485
12.0 120 30 -0.757523760438353
15.0 120 30 -0.600339896605042
20.0 120 30 -0.451995901372851
30.0 120 30 -0.303923965345988
1.0 135 30 7093703.81115317
2.0 135 30 102094.198485612
3.0 135 30 1311958.58285506
4.0 135 30 16684.7692944885
5.0 135 30 110.145911430423
6.0 135 30 0.274512897783395
7.0 135 30 -1.38900017507781
8.0 135 30 -1.21865974121397
9.0 135 30 -1.05577483773827
10.0 135 30 -0.933523096678761
12.0 135 30 -0.762351612477154
15.0 135 30 -0.602144652035074
20.0 135 30 -0.452522482974971
30.0 135 30 -0.305083875977022
1.0 150 30 7093817.30419744
2.0 150 30 271813.667541219
3.0 150 30 17392450.5552642
4.0 150 30 77415.1853267523
5.0 150 30 246.875403832243
6.0 150 30 1.65011804348139
7.0 150 30 -1.36849323648684
8.0 150 30 -1.22369142378457
9.0 150 30 -1.05824748388587
10.0 150 30 -0.934373172849102
12.0 150 30 -0.76223965602268
15.0 150 30 -0.602321829532679
20.0 150 30 -0.453995914548767
30.0 150 30 -0.307236254409977
1.0 165 30 7093636.18920805
2.0 165 30 55403.6152426772
3.0 165 30 339114.891430864
4.0 165 30 6733.94744764907
5.0 165 30 64.7259580066723
6.0 165 30 -0.302626323482397
7.0 165 30 -1.37896762865161
8.0 165 30 -1.20035805352174
9.0 165 30 -1.04183375609292
10.0 165 30 -0.922791198648055
12.0 165 30 -0.755787274344549
15.0 165 30 -0.59967559264007
20.0 165 30 -0.454805774654593
30.0 165 30 -0.322380987780021
1.0 175 30 7093463.29870448
2.0 175 30 10273.5475315956
3.0 175 30 12668.1947682139
4.0 175 30 569.670984575681
5.0 175 30 11.5830597694764
6.0 175 30 -1.22590497785606
7.0 175 30 -1.36336472608678
8.0 175 30 -1.17247111670956
9.0 175 30 -1.02289279099229
10.0 175 30 -0.909499930939785
12.0 175 30 -0.748276010637616
15.0 175 30 -0.595986779836588
20.0 175 30 -0.453934273476628
30.0 175 30 -0.31297292901824
1.0 5 45 7094216.57663327
2.0 5 45 31132132.2409566
3.0 5 45 38560901286.7388
4.0 5 45 17465.1795350457
5.0 5 45 19.7754140153588
6.0 5 45 -1.41871501556796
7.0 5 45 -1.34672793308646
8.0 5 45 -1.14876385647142
9.0 5 45 -1.00408519279108
10.0 5 45 -0.894446514265757
12.0 5 45 -0.737790505054876
15.0 5 45 -0.589211633832794
20.0 5 45 -0.450214540039026
30.0 5 45 -0.310569891526228
1.0 15 45 7093922.97708522
2.0 15 45 1659601.88970297
3.0 15 45 8138144.01497652
4.0 15 45 2725.68815640033
5.0 15 45 7.20955919833289
6.0 15 45 -1.50052300259237
7.0 15 45 -1.33887986641683
8.0 15 45 -1.14460114213279
9.0 15 45 -1.00234928189889
10.0 15 45 -0.893847892672535
12.0 15 45 -0.737957127274406
15.0 15 45 -0.589328632036001
20.0 15 45 -0.44959306730195
30.0 15 45 -0.319264017158596
1.0 30 45 7093456.20401777
2.0 30 45 13619.7811893179
3.0 30 45 4459.41201128455
4.0 30 45 58.6599195651095
5.0 30 45 -0.976996892533558
6.0 30 45 -1.54761241430239
7.0 30 45 -1.31052208403997
8.0 30 45 -1.12859684422961
9.0 30 45 -0.993330468265834
10.0 30 45 -0.888427595674737
12.0 30 45 -0.735530420384411
15.0 30 45 -0.587710094104511
20.0 30 45 -0.446914915643103
30.0 30 45 -0.302718095451462
1.0 45 45 7093253.63741301
2.0 45 45 1970.71373546643
3.0 45 45 54.8382200680219
4.0 45 45 -0.108996892093919
5.0 45 45 -1.77190903709506
6.0 45 45 -1.5097473749468
7.0 45 45 -1.27924871805911
8.0 45 45 -1.11067271623536
9.0 45 45 -0.982557144673763
10.0 45 45 -0.881580999247841
12.0 45 45 -0.732269017539143
15.0 45 45 -0.585818954408021
20.0 45 45 -0.4444974381163
30.0 45 45 -0.310897182928402
1.0 60 45 7093198.45746281
2.0 60 45 1728.35298624243
3.0 60 45 11.1262127402227
4.0 60 45 -1.85143472279985
5.0 60 45 -1.77176264167511
6.0 60 45 -1.47603662471401
7.0 60 45 -1.25942156871576
8.0 60 45 -1.09920213164402
9.0 60 45 -0.975684480171801
10.0 60 45 -0.87736457174839
12.0 60 45 -0.730653444738323
15.0 60 45 -0.585479605716805
20.0 60 45 -0.444421734390287
30.0 60 45 -0.298701743425101
1.0 75 45 7093189.14214103
2.0 75 45 1717.80746292899
3.0 75 45 9.84139975388805
4.0 75 45 -1.89407614418498
5.0 75 45 -1.75991557817805
6.0 75 45 -1.46936469960366
7.0 75 45 -1.25656179694844
8.0 75 45 -1.09830681639024
9.0 75 45 -0.97583708354629
10.0 75 45 -0.878102376543598
12.0 75 45 -0.731951179458178
15.0 75 45 -0.587167414390501
20.0 75 45 -0.446773820603898
30.0 75 45 -0.308935439225036
1.0 90 45 7093199.34377539
2.0 90 45 1729.12784366761
3.0 90 45 12.1971295527449
4.0 90 45 -1.69463662251938
5.0 90 45 -1.77643179976328
6.0 90 45 -1.49187676368113
7.0 90 45 -1.27228268548395
8.0 90 45 -1.10930856510757
9.0 90 45 -0.983932017322619
10.0 90 45 -0.884335171145992
12.0 90 45 -0.736064127659064
15.0 90 45 -0.589917835512484
20.0 90 45 -0.449081065716556
30.0 90 45 -0.317606332081263
1.0 105 45 7093237.33272302
2.0 105 45 1836.08224348367
3.0 105 45 45.24209131805
4.0 105 45 1.28886097768032
5.0 105 45 -1.65911663420497
6.0 105 45 -1.53506910476082
7.0 105 45 -1.30614713660147
8.0 105 45 -1.13160214906218
9.0 105 45 -0.999153019361643
10.0 105 45 -0.895200403227708
12.0 105 45 -0.742118987850902
15.0 105 45 -0.592646124447634
20.0 105 45 -0.449280913790129
30.0 105 45 -0.304546262780523
1.0 120 45 7093332.25290926
2.0 120 45 2990.06903721105
3.0 120 45 769.746782258986
4.0 120 45 51.9274151737902
5.0 120 45 0.352993637384802
6.0 120 45 -1.51987844108488
7.0 120 45 -1.3507567950587
8.0 120 45 -1.16147951763882
9.0 120 45 -1.01854807901742
10.0 120 45 -0.908399951436685
12.0 120 45 -0.748892635134713
15.0 120 45 -0.595268068053448
20.0 120 45 -0.448904551550807
30.0 120 45 -0.302437766901095
1.0 135 45 7093494.30178929
2.0 135 45 14045.3370661924
3.0 135 45 22971.2532485946
4.0 135 45 914.384061930291
5.0 135 45 16.7679989084096
6.0 135 45 -1.13055141938377
7.0 135 45 -1.38201918165255
8.0 135 45 -1.18942338977717
9.0 135 45 -1.03601335676189
10.0 135 45 -0.91978144418282
12.0 135 45 -0.754507745255129
15.0 135 45 -0.597777546818875
20.0 135 45 -0.450021646450861
30.0 135 45 -0.314616663502761
1.0 150 45 7093617.56567964
2.0 150 45 46597.5639542644
3.0 150 45 236673.413196876
4.0 150 45 5231.4325939641
5.0 150 45 55.3744274412569
6.0 150 45 -0.446052415189215
7.0 150 45 -1.38336863215681
8.0 150 45 -1.20162094686491
9.0 150 45 -1.04320059821693
10.0 150 45 -0.924063779622001
12.0 150 45 -0.756492862463058
15.0 150 45 -0.599233428515443
20.0 150 45 -0.452386433412098
30.0 150 45 -0.306080269246449
1.0 165 45 7093558.13610201
2.0 165 45 26441.442879159
3.0 165 45 76695.5633995929
4.0 165 45 2303.79020527439
5.0 165 45 32.4899670255253
6.0 165 45 -0.814718395444273
7.0 165 45 -1.37642531930324
8.0 165 45 -1.18958257734272
9.0 165 45 -1.03456439665602
10.0 165 45 -0.917752249455018
12.0 165 45 -0.752941043806031
15.0 165 45 -0.59815046853556
20.0 165 45 -0.454068470681246
30.0 165 45 -0.322028915467156
1.0 175 45 7093446.94818902
2.0 175 45 8707.75188882473
3.0 175 45 9199.99690577476
4.0 175 45 439.692256897489
5.0 175 45 9.3328180261911
6.0 175 45 -1.27677375442168
7.0 175 45 -1.36020958083388
8.0 175 45 -1.16925189422119
9.0 175 45 -1.02071595924215
10.0 175 45 -0.907958939722882
12.0 175 45 -0.747382279379239
15.0 175 45 -0.595499787818791
20.0 175 45 -0.453699723220396
30.0 175 45 -0.312882662214178
1.0 5 60 7094216.56925552
2.0 5 60 31132132.2422077
3.0 5 60 38560901286.7404
4.0 5 60 17465.1807806424
5.0 5 60 19.7764122037907
6.0 5 60 -1.41789889367683
7.0 5 60 -1.34604851930564
8.0 5 60 -1.14818991555039
9.0 5 60 -1.00359447599471
10.0 5 60 -0.894022399015361
12.0 5 60 -0.737465669874491
15.0 5 60 -0.588982407873953
20.0 5 60 -0.450072814610222
30.0 5 60 -0.31052228620463
1.0 15 60 7093922.94713737
2.0 15 60 1659601.8929095
3.0 15 60 8138144.01989573
4.0 15 60 2725.69216329447
5.0 15 60 7.21275213022262
6.0 15 60 -1.49792883341894
7.0 15 60 -1.3367318131311
8.0 15 60 -1.14279460213589
9.0 15 60 -1.00081081214665
10.0 15 60 -0.89252376322798
12.0 15 60 -0.736950525244869
15.0 15 60 -0.588628382267273
20.0 15 60 -0.449180601073488
30.0 15 60 -0.319213586087929
1.0 30 60 7093456.09771189
2.0 30 60 13619.7823247936
3.0 30 60 4459.42281745677
4.0 30 60 58.6690707666559
5.0 30 60 -0.969781251882133
6.0 30 60 -1.54183160567017
7.0 30 60 -1.30579388496384
8.0 30 60 -1.12466348733316
9.0 30 60 -0.990013955298231
10.0 30 60 -0.885600755562847
12.0 30 60 -0.733427125029972
15.0 30 60 -0.58631522452463
20.0 30 60 -0.446246608738901
30.0 30 60 -0.303151588871743
1.0 45 60 7093253.31643359
2.0 45 60 1970.68547143061
3.0 45 60 54.8544875771756
4.0 45 60 -0.0928434227639051
5.0 45 60 -1.75924488897318
6.0 45 60 -1.49980842681196
7.0 45 60 -1.27127254837646
8.0 45 60 -1.10414475246364
9.0 45 60 -0.977132856861813
10.0 45 60 -0.877021948150725
12.0 45 60 -0.728975790502279
15.0 45 60 -0.583769398255016
20.0 45 60 -0.44375373833085
30.0 45 60 -0.311759123563864
1.0 60 60 7093197.4947002
2.0 60 60 1728.14827162369
3.0 60 60 11.1326203810343
4.0 60 60 -1.82635599730441
5.0 60 60 -1.7512743136619
6.0 60 60 -1.46035609629068
7.0 60 60 -1.24717835778302
8.0 60 60 -1.08941055928065
9.0 60 60 -0.967705146133947
10.0 60 60 -0.870772263271816
12.0 60 60 -0.726040426275348
15.0 60 60 -0.582753147713576
20.0 60 60 -0.443554641165637
30.0 60 60 -0.299216691638555
1.0 75 60 7093186.16884843
2.0 75 60 1716.50579833643
3.0 75 60 9.68923504634377
4.0 75 60 -1.86928714213331
5.0 75 60 -1.72846667729001
6.0 75 60 -1.44540936391372
7.0 75 60 -1.23852928624336
8.0 75 60 -1.08434200523565
9.0 75 60 -0.964744676092722
10.0 75 60 -0.869126539853865
12.0 75 60 -0.725868785244662
15.0 75 60 -0.583689988012334
20.0 75 60 -0.44562072263612
30.0 75 60 -0.319751259295246
1.0 90 60 7093189.98133158
2.0 90 60 1719.55040380608
3.0 90 60 10.2672068205608
4.0 90 60 -1.82652094799116
5.0 90 60 -1.73965524834913
6.0 90 60 -1.4563685666812
7.0 90 60 -1.24635987836238
8.0 90 60 -1.09007949612834
9.0 90 60 -0.969171020047458
10.0 90 60 -0.872695918078598
12.0 90 60 -0.728449757555626
15.0 90 60 -0.585674083419429
20.0 90 60 -0.447601891925032
30.0 90 60 -0.305530541802234
1.0 105 60 7093208.84307195
2.0 105 60 1746.19205907283
3.0 105 60 16.4356308789723
4.0 105 60 -1.28192431276803
5.0 105 60 -1.75152572093649
6.0 105 60 -1.49105208996348
7.0 105 60 -1.27035931396703
8.0 105 60 -1.10623171080745
9.0 105 60 -0.980509470738588
10.0 105 60 -0.880965030148876
12.0 105 60 -0.733172524940657
15.0 105 60 -0.587782999767407
20.0 105 60 -0.447579287638361
30.0 105 60 -0.315219477063538
1.0 120 60 7093257.18269973
2.0 120 60 1949.77534630988
3.0 120 60 91.3580363762356
4.0 120 60 5.20033341436601
5.0 120 60 -1.45422747847368
6.0 120 60 -1.5308402349
7.0 120 60 -1.30746459980276
8.0 120 60 -1.13056591502753
9.0 120 60 -0.996869065189343
10.0 120 60 -0.892440824078768
12.0 120 60 -0.739281708295682
15.0 120 60 -0.590152517116751
20.0 120 60 -0.447097045383529
30.0 120 60 -0.302369739561079
1.0 135 60 7093350.25047178
2.0 135 60 3460.11477316507
3.0 135 60 1185.95006199963
4.0 135 60 76.8856325771218
5.0 135 60 1.16961970603019
6.0 135 60 -1.48791406069578
7.0 135 60 -1.34629176455784
8.0 135 60 -1.15721514995313
9.0 135 60 -1.01413905036532
10.0 135 60 -0.904204836292614
12.0 135 60 -0.745469271236983
15.0 135 60 -0.593014926220376
20.0 135 60 -0.448215244833609
30.0 135 60 -0.303646645083034
1.0 150 60 7093456.23451113
2.0 150 60 9563.96770944612
3.0 150 60 11037.4453840543
4.0 150 60 509.726559709099
5.0 150 60 10.5622016115127
6.0 150 60 -1.25562592322927
7.0 150 60 -1.36781605339263
8.0 150 60 -1.17583395506717
9.0 150 60 -1.02581960193347
10.0 150 60 -0.911918236227528
12.0 150 60 -0.749584348540487
15.0 150 60 -0.595577690714391
20.0 150 60 -0.450830390370563
30.0 150 60 -0.30612622542479
1.0 165 60 7093478.37460184
2.0 165 60 11965.6933777627
3.0 165 60 16950.3222764007
4.0 165 60 719.090001614496
5.0 165 60 13.950212028029
6.0 165 60 -1.17558341082556
7.0 165 60 -1.36724396125536
8.0 165 60 -1.17635407790786
9.0 165 60 -1.02564892632648
10.0 165 60 -0.911505969575518
12.0 165 60 -0.74936765669104
15.0 165 60 -0.596228049561078
20.0 165 60 -0.453170040361433
30.0 165 60 -0.321777722171505
1.0 175 60 7093427.23471397
2.0 175 60 7141.46781168836
3.0 175 60 6211.48113959502
4.0 175 60 318.480415866423
5.0 175 60 7.01483733645146
6.0 175 60 -1.33085851098014
7.0 175 60 -1.35589697233744
8.0 175 60 -1.1651431877498
9.0 175 60 -1.01793269842819
10.0 175 60 -0.905982280669011
12.0 175 60 -0.746230885401601
15.0 175 60 -0.594870303950131
20.0 175 60 -0.453396342256821
30.0 175 60 -0.31276875498924
1.0 5 90 7094216.55258661
2.0 5 90 31132132.2452823
3.0 5 90 38560901286.7436
4.0 5 90 17465.183739077
5.0 5 90 19.7787856075598
6.0 5 90 -1.41595611494692
7.0 5 90 -1.34442955781502
8.0 5 90 -1.14682084421416
9.0 5 90 -1.00242273602413
10.0 5 90 -0.893009318168434
12.0 5 90 -0.736688793461446
15.0 5 90 -0.58843337185081
20.0 5 90 -0.449732868182591
30.0 5 90 -0.310408108953485
1.0 15 90 7093922.88754184
2.0 15 90 1659601.90149723
3.0 15 90 8138144.03125075
4.0 15 90 2725.70136131671
5.0 15 90 7.22010711115837
6.0 15 90 -1.49192974569739
7.0 15 90 -1.33174757080573
8.0 15 90 -1.13859140552854
9.0 15 90 -0.997222858546661
10.0 15 90 -0.889429101778966
12.0 15 90 -0.734590435282312
15.0 15 90 -0.586981757663924
20.0 15 90 -0.448213907041706
30.0 15 90 -0.319139760029188
1.0 30 90 7093455.92013788
2.0 30 90 13619.7938588979
3.0 30 90 4459.44696607098
4.0 30 90 58.6889657963334
5.0 30 90 -0.953996009064707
6.0 30 90 -1.52907556834899
7.0 30 90 -1.29528321210691
8.0 30 90 -1.11586674197753
9.0 30 90 -0.982560299354811
10.0 30 90 -0.879222512441436
12.0 30 90 -0.728657676085256
15.0 30 90 -0.583158682133885
20.0 30 90 -0.444827672062284
30.0 30 90 -0.304650953142094
1.0 45 90 7093252.86012812
2.0 45 90 1970.67515739769
3.0 45 90 54.8924962847742
4.0 45 90 -0.0596023487957135
5.0 45 90 -1.73310883561759
6.0 45 90 -1.47899851699041
7.0 45 90 -1.25435460458152
8.0 45 90 -1.09015575321189
9.0 45 90 -0.965416228698817
10.0 45 90 -0.867116388294124
12.0 45 90 -0.721782530977949
15.0 45 90 -0.579356058043344
20.0 45 90 -0.442507171200931
30.0 45 90 -0.315153786762098
1.0 60 90 7093196.32156661
2.0 60 90 1728.00709603679
3.0 60 90 11.1774799080023
4.0 60 90 -1.77600015326906
5.0 60 90 -1.71162166194027
6.0 60 90 -1.42942870911407
7.0 60 90 -1.22252547473435
8.0 60 90 -1.06936711600466
9.0 60 90 -0.95116874515671
10.0 60 90 -0.856990610824788
12.0 60 90 -0.716328259675151
15.0 60 90 -0.577156016853064
20.0 60 90 -0.442458385178238
30.0 60 90 -0.303151603356969
1.0 75 90 7093183.04615232
2.0 75 90 1715.70236379834
3.0 75 90 9.67305047678962
4.0 75 90 -1.80112021050465
5.0 75 90 -1.67054167609849
6.0 75 90 -1.40120912566251
7.0 75 90 -1.20424906534234
8.0 75 90 -1.05710260938366
9.0 75 90 -0.942689546801658
10.0 75 90 -0.851035240796685
12.0 75 90 -0.713455596214664
15.0 75 90 -0.576770225490869
20.0 75 90 -0.444226648203052
30.0 75 90 -0.316397790633262
1.0 90 90 7093181.39495698
2.0 90 90 1715.0443705303
3.0 90 90 9.64164569163939
4.0 90 90 -1.78547958417703
5.0 90 90 -1.65967262554703
6.0 90 90 -1.39449131487491
7.0 90 90 -1.19998585797332
8.0 90 90 -1.05435983935487
9.0 90 90 -0.940939931021464
10.0 90 90 -0.849966160695702
12.0 90 90 -0.713247470085043
15.0 90 90 -0.577325911566731
20.0 90 90 -0.445636450376915
30.0 90 90 -0.301469465821147
1.0 105 90 7093185.26509221
2.0 105 90 1717.00766253771
3.0 105 90 9.92466118571094
4.0 105 90 -1.78296437222527
5.0 105 90 -1.67762531472007
6.0 105 90 -1.4080378776731
7.0 105 90 -1.20939991995921
8.0 105 90 -1.06111636840431
9.0 105 90 -0.945959076779201
10.0 105 90 -0.853779960656053
12.0 105 90 -0.715490323756595
15.0 105 90 -0.57816120826155
20.0 105 90 -0.445050047935838
30.0 105 90 -0.318003045116031
1.0 120 90 7093197.20129859
2.0 120 90 1727.96522570877
3.0 120 90 12.0513927063041
4.0 120 90 -1.63226434403455
5.0 120 90 -1.71194082983419
6.0 120 90 -1.44092018751768
7.0 120 90 -1.23201463176453
8.0 120 90 -1.07684433196788
9.0 120 90 -0.957288223448487
10.0 120 90 -0.862151795968694
12.0 120 90 -0.720184831936113
15.0 120 90 -0.579808510167921
20.0 120 90 -0.444026755016264
30.0 120 90 -0.305000818600113
1.0 135 90 7093225.82953261
2.0 135 90 1792.51212998283
3.0 135 90 30.2328130562193
4.0 135 90 0.0133570801542853
5.0 135 90 -1.67263131285192
6.0 135 90 -1.48672478611979
7.0 135 90 -1.26598737637736
8.0 135 90 -1.09991771872254
9.0 135 90 -0.973558045501066
10.0 135 90 -0.874070135530123
12.0 135 90 -0.727068197132129
15.0 135 90 -0.583033946028444
20.0 135 90 -0.444683036385572
30.0 135 90 -0.317162786551692
1.0 150 90 7093281.45690079
2.0 150 90 2162.94818652247
3.0 150 90 197.092489721384
4.0 150 90 13.477449041148
5.0 150 90 -1.05818376021996
6.0 150 90 -1.51459579932994
7.0 150 90 -1.3048065210694
8.0 150 90 -1.1261844318993
9.0 150 90 -0.991643495033014
10.0 150 90 -0.887183567744023
12.0 150 90 -0.73488155203644
15.0 150 90 -0.587563062849092
20.0 150 90 -0.447438504784344
30.0 150 90 -0.306732374351798
1.0 165 90 7093353.76473998
2.0 165 90 3566.02892715164
3.0 165 90 1287.72212680157
4.0 165 90 82.767586589485
5.0 165 90 1.36586544671292
6.0 165 90 -1.4687509891377
7.0 165 90 -1.3352568697822
8.0 165 90 -1.14800201635747
9.0 165 90 -1.00636360392636
10.0 165 90 -0.897731859861293
12.0 165 90 -0.741291645396646
15.0 165 90 -0.591803654109658
20.0 165 90 -0.451079183730143
30.0 165 90 -0.321231528662335
1.0 175 90 7093386.1288909
2.0 175 90 4778.46898972893
3.0 175 90 2644.88315964681
4.0 175 90 155.162530092828
5.0 175 90 3.3524717772124
6.0 175 90 -1.41937200679361
7.0 175 90 -1.34489469266139
8.0 175 90 -1.15561844152592
9.0 175 90 -1.01145401895878
10.0 175 90 -0.901351171521119
12.0 175 90 -0.743511484927476
15.0 175 90 -0.593374291595551
20.0 175 90 -0.45267191750716
30.0 175 90 -0.312495932501305
1.0 5 120 7094216.5374226
2.0 5 120 31132132.2484187
3.0 5 120 38560901286.7477
4.0 5 120 17465.1866304294
5.0 5 120 19.781109056469
6.0 5 120 -1.41405132032539
7.0 5 120 -1.34283956231174
8.0 5 120 -1.14547474460424
9.0 5 120 -1.00126960183435
10.0 5 120 -0.892011150778268
12.0 5 120 -0.735921945194888
15.0 5 120 -0.587890209349726
20.0 5 120 -0.449394180917906
30.0 5 120 -0.310285086990453
1.0 15 120 7093922.8424827
2.0 15 120 1659601.91079997
3.0 15 120 8138144.04190241
4.0 15 120 2725.7099457151
5.0 15 120 7.22700563732825
6.0 15 120 -1.48627339552901
7.0 15 120 -1.32702619850329
8.0 15 120 -1.13459310004848
9.0 15 120 -0.993796072952182
10.0 15 120 -0.886461365152079
12.0 15 120 -0.732305210392927
15.0 15 120 -0.5853486293899
20.0 15 120 -0.44714895760522
30.0 15 120 -0.318520531230553
1.0 30 120 7093455.81615739
2.0 30 120 13619.810998727
3.0 30 120 4459.46836426433
4.0 30 120 58.7062665940174
5.0 30 120 -0.940133073167654
6.0 30 120 -1.51774061807494
7.0 30 120 -1.28584134587925
8.0 30 120 -1.10787956132578
9.0 30 120 -0.975714239517296
10.0 30 120 -0.87328513762288
12.0 30 120 -0.724044056056681
15.0 30 120 -0.579736215122735
20.0 30 120 -0.442211150787377
30.0 30 120 -0.301860630662856
1.0 45 120 7093252.64663937
2.0 45 120 1970.69464559881
3.0 45 120 54.9253650759318
4.0 45 120 -0.0327114956196913
5.0 45 120 -1.71169610526282
6.0 45 120 -1.46160891564295
7.0 45 120 -1.23994363345328
8.0 45 120 -1.07800537169982
9.0 45 120 -0.955015192816107
10.0 45 120 -0.858086432202727
12.0 45 120 -0.714690914297253
15.0 45 120 -0.573868384400406
20.0 45 120 -0.437773502342281
30.0 45 120 -0.30998383163606
1.0 60 120 7093195.87201073
2.0 60 120 1728.00974789305
3.0 60 120 11.2223185938994
4.0 60 120 -1.73782072556317
5.0 60 120 -1.68147909812598
6.0 60 120 -1.40523710949267
7.0 60 120 -1.2026699356888
8.0 60 120 -1.05274496571143
9.0 60 120 -0.937006684097071
10.0 60 120 -0.844724514088571
12.0 60 120 -0.706672374470586
15.0 60 120 -0.569546894563796
20.0 60 120 -0.435738251613289
30.0 60 120 -0.297068297682408
1.0 75 120 7093182.04770458
2.0 75 120 1715.61629843137
3.0 75 120 9.72555440362711
4.0 75 120 -1.74922127295958
5.0 75 120 -1.62974191543126
6.0 75 120 -1.36904601484086
7.0 75 120 -1.17826890803752
8.0 75 120 -1.03562920821552
9.0 75 120 -0.924577429005068
10.0 75 120 -0.835470963825777
12.0 75 120 -0.701334065972275
15.0 75 120 -0.567313810017083
20.0 75 120 -0.436161784476222
30.0 75 120 -0.309953734516185
1.0 90 120 7093179.05206893
2.0 90 120 1714.57084170421
3.0 90 120 9.66661837032804
4.0 90 120 -1.71880598724134
5.0 90 120 -1.60545642938165
6.0 90 120 -1.35270633654604
7.0 90 120 -1.16704134235486
8.0 90 120 -1.02767198909823
9.0 90 120 -0.918799692899397
10.0 90 120 -0.831206056232976
12.0 90 120 -0.698975356954011
15.0 90 120 -0.566514618459789
20.0 90 120 -0.436837521735704
30.0 90 120 -0.294757913170395
1.0 105 120 7093179.53690442
2.0 105 120 1714.72749053003
3.0 105 120 9.68837253240816
4.0 105 120 -1.71903798783712
5.0 105 120 -1.60761607569807
6.0 105 120 -1.3546178460325
7.0 105 120 -1.16865200217292
8.0 105 120 -1.02905538220917
9.0 105 120 -0.919992213336256
10.0 105 120 -0.832222073903528
12.0 105 120 -0.69964803549527
15.0 105 120 -0.566663356593149
20.0 105 120 -0.436067789346788
30.0 105 120 -0.303583240463964
1.0 120 120 7093183.13113055
2.0 120 120 1716.09561954881
3.0 120 120 9.84115830661261
4.0 120 120 -1.74055382383381
5.0 120 120 -1.63516502801385
6.0 120 120 -1.37478237425905
7.0 120 120 -1.18321478902953
8.0 120 120 -1.03991785718487
9.0 120 120 -0.928327704985475
10.0 120 120 -0.838742046531329
12.0 120 120 -0.703732834949271
15.0 120 120 -0.56852771405808
20.0 120 120 -0.435679652205641
30.0 120 120 -0.297773738323689
1.0 135 120 7093193.57910742
2.0 135 120 1723.96561522759
3.0 135 120 11.233773354039
4.0 135 120 -1.6732902020509
5.0 135 120 -1.68267681643434
6.0 135 120 -1.41435261837653
7.0 135 120 -1.21126087690145
8.0 135 120 -1.06030325371142
9.0 135 120 -0.943706052629725
10.0 135 120 -0.850703205554276
12.0 135 120 -0.71147402976106
15.0 135 120 -0.573060381096985
20.0 135 120 -0.438002462494925
30.0 135 120 -0.299619889015151
1.0 150 120 7093221.29580447
2.0 150 120 1778.14854585803
3.0 150 120 25.6909798459581
4.0 150 120 -0.381847376049391
5.0 150 120 -1.67619904123507
6.0 150 120 -1.47044096130631
7.0 150 120 -1.25257676598281
8.0 150 120 -1.08940299427377
9.0 150 120 -0.96510323270034
10.0 150 120 -0.867119894767326
12.0 150 120 -0.722176326530636
15.0 150 120 -0.579990129641669
20.0 150 120 -0.443063827866587
30.0 150 120 -0.303115193536897
1.0 165 120 7093284.96519885
2.0 165 120 2201.89426448842
3.0 165 120 218.648131192477
4.0 165 120 15.0908953993955
5.0 165 120 -0.983351964871896
6.0 165 120 -1.50930500858878
7.0 165 120 -1.30247712240158
8.0 165 120 -1.12401017144942
9.0 165 120 -0.989676267904333
10.0 165 120 -0.885510467109211
12.0 165 120 -0.733886319534921
15.0 165 120 -0.587614819701573
20.0 165 120 -0.448956089995911
30.0 165 120 -0.320158397115349
1.0 175 120 7093352.6282638
2.0 175 120 3531.64392179926
3.0 175 120 1254.36878333462
4.0 175 120 80.8580065302052
5.0 175 120 1.31016164177783
6.0 175 120 -1.4685144367348
7.0 175 120 -1.33354143261992
8.0 175 120 -1.14662323308008
9.0 175 120 -1.00529281044375
10.0 175 120 -0.896908632947
12.0 175 120 -0.740873819779851
15.0 175 120 -0.591910544668674
20.0 175 120 -0.451956620881061
30.0 175 120 -0.312216435875248
1.0 5 135 7094216.53155179
2.0 5 135 31132132.2497322
3.0 5 135 38560901286.7491
4.0 5 135 17465.1878089346
5.0 5 135 19.7820572207351
6.0 5 135 -1.4132728966336
7.0 5 135 -1.34218941444464
8.0 5 135 -1.14492378642338
9.0 5 135 -1.00079709684895
10.0 5 135 -0.891602048807794
12.0 5 135 -0.735607355895674
15.0 5 135 -0.587667054957404
20.0 5 135 -0.449254939407409
30.0 5 135 -0.310234839063256
1.0 15 135 7093922.82725488
2.0 15 135 1659601.91475938
3.0 15 135 8138144.04611931
4.0 15 135 2725.71333694053
5.0 15 135 7.22974008331182
6.0 15 135 -1.4840233759696
7.0 15 135 -1.32514292773286
8.0 15 135 -1.13299442213918
9.0 15 135 -0.992422807871798
10.0 15 135 -0.885270427712757
12.0 15 135 -0.731385792347468
15.0 15 135 -0.584690683104408
20.0 15 135 -0.446722954819355
30.0 15 135 -0.318293131418156
1.0 30 135 7093455.78715827
2.0 30 135 13619.8186531139
3.0 30 135 4459.47648227584
4.0 30 135 58.7127958052839
5.0 30 135 -0.934866418971889
6.0 30 135 -1.51340556696559
7.0 30 135 -1.282209759193
8.0 30 135 -1.10479335805581
9.0 30 135 -0.973058881427968
10.0 30 135 -0.870975712770033
12.0 30 135 -0.722244040924799
15.0 30 135 -0.578405531119765
20.0 30 135 -0.441226782750525
30.0 30 135 -0.300949779243145
1.0 45 135 7093252.59597873
2.0 45 135 1970.70518150487
3.0 45 135 54.9373994228892
4.0 45 135 -0.0230119761273643
5.0 45 135 -1.70389798387697
6.0 45 135 -1.4552096448838
7.0 45 135 -1.23459410378352
8.0 45 135 -1.07346336599481
9.0 45 135 -0.951105972123737
10.0 45 135 -0.854678824473921
12.0 45 135 -0.712006040540229
15.0 45 135 -0.571808795877004
20.0 45 135 -0.436087249275356
30.0 45 135 -0.308534602340596
1.0 60 135 7093195.77815392
2.0 60 135 1728.02089571546
3.0 60 135 11.2385175892946
4.0 60 135 -1.72464815935767
5.0 60 135 -1.67096333898186
6.0 60 135 -1.39667034711931
7.0 60 135 -1.19554918782087
8.0 60 135 -1.04672382522033
9.0 60 135 -0.931836811330105
10.0 60 135 -0.840221430983789
12.0 60 135 -0.703110531900702
15.0 60 135 -0.56676981221094
20.0 60 135 -0.433444421298913
30.0 60 135 -0.295929168039919
1.0 75 135 7093181.85946568
2.0 75 135 1715.62053531184
3.0 75 135 9.74605975352384
4.0 75 135 -1.73198555625328
5.0 75 135 -1.61612060131258
6.0 75 135 -1.35808954670558
7.0 75 135 -1.16925932200965
8.0 75 135 -1.02807615225691
9.0 75 135 -0.918136362089609
10.0 75 135 -0.829890600683984
12.0 75 135 -0.696952422637231
15.0 75 135 -0.56392609037607
20.0 75 135 -0.43349148085998
30.0 75 135 -0.298092835054097
1.0 90 135 7093178.64454724
2.0 90 135 1714.54027590214
3.0 90 135 9.68969714945855
4.0 90 135 -1.69668697656223
5.0 90 135 -1.58810112960405
6.0 90 135 -1.33901518630527
7.0 90 135 -1.15597771328152
8.0 90 135 -1.01853067075734
9.0 90 135 -0.911099319401658
10.0 90 135 -0.824605597259282
12.0 90 135 -0.69388647491379
15.0 90 135 -0.562674534117847
20.0 90 135 -0.433949526423322
30.0 90 135 -0.3057082888539
1.0 105 135 7093178.59275937
2.0 105 135 1714.54535766417
3.0 105 135 9.70026966605177
4.0 105 135 -1.69185380085803
5.0 105 135 -1.5856673617436
6.0 105 135 -1.33773134972279
7.0 105 135 -1.15535964530894
8.0 105 135 -1.01831186071341
9.0 105 135 -0.911109335473973
10.0 105 135 -0.824730889374936
12.0 105 135 -0.69403407009224
15.0 105 135 -0.562572810500692
20.0 105 135 -0.433070209036624
30.0 105 135 -0.291696519316955
1.0 120 135 7093180.83472514
2.0 120 135 1715.19229139736
3.0 120 135 9.74858566413141
4.0 120 135 -1.71586349284804
5.0 120 135 -1.60814009730818
6.0 120 135 -1.35424514472545
7.0 120 135 -1.16762202117578
8.0 120 135 -1.02770924833449
9.0 120 135 -0.918494595469316
10.0 120 135 -0.830633326088066
12.0 120 135 -0.697884785896472
15.0 120 135 -0.564467613039177
20.0 120 135 -0.432797101583219
30.0 120 135 -0.288916298585489
1.0 135 135 7093187.97478501
2.0 135 135 1719.0386217819
3.0 135 135 10.3094716376484
4.0 135 135 -1.72490644901156
5.0 135 135 -1.65560088676812
6.0 135 135 -1.3904457956791
7.0 135 135 -1.1937445375413
8.0 135 135 -1.04716723810334
9.0 135 135 -0.933492738796951
10.0 135 135 -0.842520555501257
12.0 135 135 -0.705847101920738
15.0 135 135 -0.569392092244987
20.0 135 135 -0.435595113309376
30.0 135 135 -0.309077186638807
1.0 150 135 7093208.91659225
2.0 150 135 1747.24336826939
3.0 150 135 16.7838665217421
4.0 150 135 -1.18769956525393
5.0 150 135 -1.69582611004864
6.0 150 135 -1.44766704116138
7.0 150 135 -1.23493635165854
8.0 150 135 -1.0767987202916
9.0 150 135 -0.955732140414298
10.0 150 135 -0.85987123932857
12.0 150 135 -0.717450531252277
15.0 150 135 -0.577114066408182
20.0 150 135 -0.441407660067655
30.0 150 135 -0.301882576912146
1.0 165 135 7093265.92734264
2.0 165 135 2016.64085818646
3.0 165 135 122.133333574314
4.0 165 135 7.71644879887979
5.0 165 135 -1.30496344654488
6.0 165 135 -1.50554083401401
7.0 165 135 -1.2899033926859
8.0 165 135 -1.11513710204361
9.0 165 135 -0.983395223422695
10.0 165 135 -0.880838363585383
12.0 165 135 -0.73099937851786
15.0 165 135 -0.585957353339074
20.0 165 135 -0.44810990866582
30.0 165 135 -0.319748655158845
1.0 175 135 7093340.5977176
2.0 175 135 3196.41778245603
3.0 175 135 945.158258849915
4.0 175 135 62.6937810141463
5.0 175 135 0.743920427496256
6.0 175 135 -1.48131798559479
7.0 175 135 -1.32883371879542
8.0 175 135 -1.14304391765976
9.0 175 135 -1.0028276008627
10.0 175 135 -0.895120655892592
12.0 175 135 -0.7398042513172
15.0 175 135 -0.591313585893607
20.0 175 135 -0.451663702405234
30.0 175 135 -0.312101993981455
1.0 5 150 7094216.52720182
2.0 5 150 31132132.2507449
3.0 5 150 38560901286.7502
4.0 5 150 17465.188705867
5.0 5 150 19.7827792394938
6.0 5 150 -1.41267999474062
7.0 5 150 -1.34169365983079
8.0 5 150 -1.14450358043224
9.0 5 150 -1.00043679574314
10.0 5 150 -0.89128985475963
12.0 5 150 -0.735367158287928
15.0 5 150 -0.587496682075198
20.0 5 150 -0.449149214942456
30.0 5 150 -0.310199195632083
1.0 15 150 7093922.81674283
2.0 15 150 1659601.91781855
3.0 15 150 8138144.04928007
4.0 15 150 2725.71587794784
5.0 15 150 7.23179222344225
6.0 15 150 -1.48233264306043
7.0 15 150 -1.3237257461282
8.0 15 150 -1.13179045087659
9.0 15 150 -0.991388806705132
10.0 15 150 -0.884373634486312
12.0 15 150 -0.730695764867804
15.0 15 150 -0.584205122141196
20.0 15 150 -0.446437376689576
30.0 15 150 -0.318281920875649
1.0 30 150 7093455.76905288
2.0 30 150 13619.8245811027
3.0 30 150 4459.48243862737
4.0 30 150 58.7175812404314
5.0 30 150 -0.930995419958068
6.0 30 150 -1.51021185883351
7.0 30 150 -1.27953173474072
8.0 30 150 -1.10251911529671
9.0 30 150 -0.971108427353003
10.0 30 150 -0.869289922888651
12.0 30 150 -0.720965163125203
15.0 30 150 -0.57755370078299
20.0 30 150 -0.440868506128751
30.0 30 150 -0.301472233605064
1.0 45 150 7093252.56680661
2.0 45 150 1970.71352732773
3.0 45 150 54.9460623506045
4.0 45 150 -0.0160501848837198
5.0 45 150 -1.69828010658401
6.0 45 150 -1.45058759076134
7.0 45 150 -1.23073130406411
8.0 45 150 -1.07019692203897
9.0 45 150 -0.948320635107083
10.0 45 150 -0.852290792347045
12.0 45 150 -0.710242980134661
15.0 45 150 -0.570737963465565
20.0 45 150 -0.435885383103455
30.0 45 150 -0.309546689368596
1.0 60 150 7093195.72706925
2.0 60 150 1728.03065993486
3.0 60 150 11.2500090813772
4.0 60 150 -1.71538270199204
5.0 60 150 -1.66353390067302
6.0 60 150 -1.39059952281849
7.0 60 150 -1.19050925045324
8.0 60 150 -1.04249163665488
9.0 60 150 -0.928256581869205
10.0 60 150 -0.837181340180923
12.0 60 150 -0.700927248903522
15.0 60 150 -0.565547856001066
20.0 60 150 -0.433382472957529
30.0 60 150 -0.296663532293134
1.0 75 150 7093181.76077704
2.0 75 150 1715.62863488118
3.0 75 150 9.76058619478297
4.0 75 150 -1.72008853633016
5.0 75 150 -1.60667569165833
6.0 75 150 -1.35045823530383
7.0 75 150 -1.16298657001865
8.0 75 150 -1.02285647349269
9.0 75 150 -0.913759081045394
10.0 75 150 -0.826206213322523
12.0 75 150 -0.694356513265917
15.0 75 150 -0.56252487096682
20.0 75 150 -0.433406273114645
30.0 75 150 -0.30961461679398
1.0 90 150 7093178.43620387
2.0 90 150 1714.53555444822
3.0 90 150 9.70693443310007
4.0 90 150 -1.68162866877723
5.0 90 150 -1.57627774831349
6.0 90 150 -1.32962119577998
7.0 90 150 -1.14836714440132
8.0 90 150 -1.0122721756103
9.0 90 150 -0.905901189628606
10.0 90 150 -0.820264602667592
12.0 90 150 -0.69086107472386
15.0 90 150 -0.561040488063519
20.0 90 150 -0.433751153064292
30.0 90 150 -0.294443271808927
1.0 105 150 7093178.11694893
2.0 105 150 1714.48217878327
3.0 105 150 9.71583586798948
4.0 105 150 -1.67314842397607
5.0 105 150 -1.5709284074308
6.0 105 150 -1.32629146695353
7.0 105 150 -1.14628801113996
8.0 105 150 -1.01097538556396
9.0 105 150 -0.905091260565805
10.0 105 150 -0.819749234693166
12.0 105 150 -0.69058799479487
15.0 105 150 -0.560678827077
20.0 105 150 -0.432752550205021
30.0 105 150 -0.303208944805567
1.0 120 150 7093179.67608222
2.0 120 150 1714.85283195189
3.0 120 150 9.73087839942031
4.0 120 150 -1.69540647616273
5.0 120 150 -1.58995663823331
6.0 120 150 -1.34045253644969
7.0 120 150 -1.15702381412255
8.0 120 150 -1.01935013101854
9.0 120 150 -0.911761832592978
10.0 120 150 -0.825128961642761
12.0 120 150 -0.694113041460779
15.0 120 150 -0.562339371782776
20.0 120 150 -0.432313588452072
30.0 120 150 -0.289625651972779
1.0 135 150 7093185.06905137
2.0 135 150 1717.16332626252
3.0 135 150 10.0109297713841
4.0 135 150 -1.72726252938757
5.0 135 150 -1.63533181002146
6.0 135 150 -1.37429821694316
7.0 135 150 -1.18181346793695
8.0 135 150 -1.03810329965902
9.0 135 150 -0.92639254956689
10.0 135 150 -0.836826970467334
12.0 135 150 -0.702013214391165
15.0 135 150 -0.567171147929361
20.0 135 150 -0.434870666273408
30.0 135 150 -0.298489302291155
1.0 150 150 7093202.04001999
2.0 150 150 1734.95320431713
3.0 150 150 13.6856319860595
4.0 150 150 -1.46215197964111
5.0 150 150 -1.69203695253894
6.0 150 150 -1.43120006973856
7.0 150 150 -1.22270729679985
8.0 150 150 -1.06795677039225
9.0 150 150 -0.949082712673998
10.0 150 150 -0.854691301616261
12.0 150 150 -0.714070898019053
15.0 150 150 -0.575137547978805
20.0 150 150 -0.440554683504478
30.0 150 150 -0.302166515574451
1.0 165 150 7093253.90885645
2.0 165 150 1928.77249829091
3.0 165 150 82.2483432180544
4.0 165 150 4.49328958734238
5.0 165 150 -1.45254572931978
6.0 165 150 -1.49944038285582
7.0 165 150 -1.28073157110377
8.0 165 150 -1.10869827755269
9.0 165 150 -0.97879771804135
10.0 165 150 -0.877394549300608
12.0 165 150 -0.728855459890193
15.0 165 150 -0.584727003518973
20.0 165 150 -0.447508987539315
30.0 165 150 -0.319599819208793
1.0 175 150 7093332.00859125
2.0 175 150 2987.4648914976
3.0 175 150 767.616705117738
4.0 175 150 51.8395234752357
5.0 175 150 0.386815485974964
6.0 175 150 -1.48891684234941
7.0 175 150 -1.32523796176075
8.0 175 150 -1.14035310741547
9.0 175 150 -1.00096937591053
10.0 175 150 -0.89376864835159
12.0 175 150 -0.738992428197322
15.0 175 150 -0.590859284614558
20.0 175 150 -0.451440720316724
30.0 175 150 -0.312017327022976
1.0 5 180 7094216.52363635
2.0 5 180 31132132.2516016
3.0 5 180 38560901286.7507
4.0 5 180 17465.1894571194
5.0 5 180 19.7833842750497
6.0 5 180 -1.4121828725782
7.0 5 180 -1.341278058096
8.0 5 180 -1.14415107649883
9.0 5 180 -1.00013447388114
10.0 5 180 -0.891027799517452
12.0 5 180 -0.73516557363592
15.0 5 180 -0.587353943990236
20.0 5 180 -0.449060868769282
30.0 5 180 -0.310172633386114
1.0 15 180 7093922.80860655
2.0 15 180 1659601.92040476
3.0 15 180 8138144.05189591
4.0 15 180 2725.71797991884
5.0 15 180 7.23349209797569
6.0 15 180 -1.48093040087297
7.0 15 180 -1.32254967193311
8.0 15 180 -1.130791148622
9.0 15 180 -0.990530558359137
10.0 15 180 -0.88363034475124
12.0 15 180 -0.730127466878496
15.0 15 180 -0.583815828090265
20.0 15 180 -0.446245301761007
30.0 15 180 -0.318473565780175
1.0 30 180 7093455.75615947
2.0 30 180 13619.8295743244
3.0 30 180 4459.48728556673
4.0 30 180 58.7214731687857
5.0 30 180 -0.927840808418156
6.0 30 180 -1.50760641148245
7.0 30 180 -1.27734825186702
8.0 30 180 -1.10067031384727
9.0 30 180 -0.969532854222367
10.0 30 180 -0.86794339436334
12.0 30 180 -0.719991169381829
15.0 30 180 -0.577030396684675
20.0 30 180 -0.441054262041508
30.0 30 180 -0.303508366217389
1.0 45 180 7093252.54737866
2.0 45 180 1970.72059478522
3.0 45 180 54.9530051166094
4.0 45 180 -0.0104774962669815
5.0 45 180 -1.6937741186944
6.0 45 180 -1.44688052651822
7.0 45 180 -1.22764441975382
8.0 45 180 -1.06761108048093
9.0 45 180 -0.946154860909213
10.0 45 180 -0.850490347907784
12.0 45 180 -0.709077975253391
15.0 45 180 -0.5704440044608
20.0 45 180 -0.437112238403742
30.0 45 180 -0.313757722881126
1.0 60 180 7093195.69448694
2.0 60 180 1728.03923180397
3.0 60 180 11.2591050456389
4.0 60 180 -1.70807800968682
5.0 60 180 -1.65766456124742
6.0 60 180 -1.38580832185362
7.0 60 180 -1.1865590491011
8.0 60 180 -1.03922740781745
9.0 60 180 -0.925576756251245
10.0 60 180 -0.835019672674265
12.0 60 180 -0.699695382221714
15.0 60 180 -0.565628712547254
20.0 60 180 -0.435628250429092
30.0 60 180 -0.301696231426341
1.0 75 180 7093181.69936054
2.0 75 180 1715.63710985661
3.0 75 180 9.77201322109097
4.0 75 180 -1.71084143898191
5.0 75 180 -1.59931795107776
6.0 75 180 -1.34451716214558
7.0 75 180 -1.15814172361203
8.0 75 180 -1.01890105315026
9.0 75 180 -0.910559085680208
10.0 75 180 -0.823674595972185
12.0 75 180 -0.693018610720725
15.0 75 180 -0.562829033233251
20.0 75 180 -0.436154124662933
30.0 75 180 -0.314987066221728
1.0 90 180 7093178.30833101
2.0 90 180 1714.53821945675
3.0 90 180 9.72071103691322
4.0 90 180 -1.67005914186167
5.0 90 180 -1.56718081004952
6.0 90 180 -1.32238312155436
7.0 90 180 -1.14253565782246
8.0 90 180 -1.00755582424653
9.0 90 180 -0.902111603498007
10.0 90 180 -0.817279009697809
12.0 90 180 -0.689270732311139
15.0 90 180 -0.56128859061632
20.0 90 180 -0.436555229021437
30.0 90 180 -0.300060728057499
1.0 105 180 7093177.82675681
2.0 105 180 1714.45582476555
3.0 105 180 9.73018241713969
4.0 105 180 -1.65879400392143
5.0 105 180 -1.55970395380248
6.0 105 180 -1.31754035994288
7.0 105 180 -1.13935179545595
8.0 105 180 -1.00542082920737
9.0 105 180 -0.900640701602673
10.0 105 180 -0.816221988032044
12.0 105 180 -0.688589716109523
15.0 105 180 -0.560595544702088
20.0 105 180 -0.435316705303873
30.0 105 180 -0.308587586429959
1.0 120 180 7093178.96679312
2.0 120 180 1714.68755753432
3.0 120 180 9.73140561306539
4.0 120 180 -1.67875417803864
5.0 120 180 -1.57614903177387
6.0 120 180 -1.32994873490902
7.0 120 180 -1.14890805114235
8.0 120 180 -1.01295630060367
9.0 120 180 -0.906668256995125
10.0 120 180 -0.821065861328752
12.0 120 180 -0.691640816227968
15.0 120 180 -0.561703923179764
20.0 120 180 -0.434223475106953
30.0 120 180 -0.29465110006478
1.0 135 180 7093183.25191023
2.0 135 180 1716.22204614007
3.0 135 180 9.882248089238
4.0 135 180 -1.71926563510571
5.0 135 180 -1.61932000032874
6.0 135 180 -1.36196816404805
7.0 135 180 -1.17263422804479
8.0 135 180 -1.03108426276441
9.0 135 180 -0.920893025556055
10.0 135 180 -0.832451298785533
12.0 135 180 -0.699215735470684
15.0 135 180 -0.56595971334288
20.0 135 180 -0.435676642055135
30.0 135 180 -0.313776656394485
1.0 150 180 7093197.51487429
2.0 150 180 1728.55957056099
3.0 150 180 12.2183785761496
4.0 150 180 -1.5851443996371
5.0 150 180 -1.68326444422811
6.0 150 180 -1.41818375685745
7.0 150 180 -1.21317590337456
8.0 150 180 -1.06100239920455
9.0 150 180 -0.943816229895476
10.0 150 180 -0.850578644596522
12.0 150 180 -0.711415177241876
15.0 150 180 -0.573704707365939
20.0 150 180 -0.440336819576613
30.0 150 180 -0.304007461069785
1.0 165 180 7093245.20615548
2.0 165 180 1877.11522264098
3.0 165 180 60.9299651538196
4.0 165 180 2.70861555188707
5.0 165 180 -1.53535030056908
6.0 165 180 -1.49303462241979
7.0 165 180 -1.27332210613414
8.0 165 180 -1.10350135261119
9.0 165 180 -0.975062327233537
10.0 165 180 -0.874582745413112
12.0 165 180 -0.727097187661137
15.0 165 180 -0.583723982579224
20.0 165 180 -0.447055648881692
30.0 165 180 -0.319676962485563
1.0 175 180 7093325.16972488
2.0 175 180 2837.59407226462
3.0 175 180 647.850318941033
4.0 175 180 44.298591031186
5.0 175 180 0.128676829633683
6.0 175 180 -1.49405282911865
7.0 175 180 -1.32222350411978
8.0 175 180 -1.13812151802234
9.0 175 180 -0.999424390639981
10.0 175 180 -0.89264203815869
12.0 175 180 -0.738314082660182
15.0 175 180 -0.590479061074048
20.0 175 180 -0.451254253939273
30.0 175 180 -0.311949665913805
1.0 5 210 7094216.52720182
2.0 5 210 31132132.2507449
3.0 5 210 38560901286.7502
4.0 5 210 17465.188705867
5.0 5 210 19.7827792394938
6.0 5 210 -1.41267999474062
7.0 5 210 -1.34169365983079
8.0 5 210 -1.14450358043224
9.0 5 210 -1.00043679574314
10.0 5 210 -0.89128985475963
12.0 5 210 -0.735367158287928
15.0 5 210 -0.587496682075198
20.0 5 210 -0.449149214942456
30.0 5 210 -0.310199195632083
1.0 15 210 7093922.81674283
2.0 15 210 1659601.91781855
3.0 15 210 8138144.04928007
4.0 15 210 2725.71587794784
5.0 15 210 7.23179222344225
6.0 15 210 -1.48233264306043
7.0 15 210 -1.3237257461282
8.0 15 210 -1.13179045087659
9.0 15 210 -0.991388806705132
10.0 15 210 -0.884373634486312
12.0 15 210 -0.730695764867804
15.0 15 210 -0.584205122141196
20.0 15 210 -0.446437376689576
30.0 15 210 -0.318281920875649
1.0 30 210 7093455.76905288
2.0 30 210 13619.8245811027
3.0 30 210 4459.48243862737
4.0 30 210 58.7175812404314
5.0 30 210 -0.930995419958068
6.0 30 210 -1.51021185883351
7.0 30 210 -1.27953173474072
8.0 30 210 -1.10251911529671
9.0 30 210 -0.971108427353003
10.0 30 210 -0.869289922888651
12.0 30 210 -0.720965163125203
15.0 30 210 -0.57755370078299
20.0 30 210 -0.440868506128751
30.0 30 210 -0.301472233605064
1.0 45 210 7093252.56680661
2.0 45 210 1970.71352732773
3.0 45 210 54.9460623506045
4.0 45 210 -0.0160501848837198
5.0 45 210 -1.69828010658401
6.0 45 210 -1.45058759076134
7.0 45 210 -1.23073130406411
8.0 45 210 -1.07019692203897
9.0 45 210 -0.948320635107083
10.0 45 210 -0.852290792347045
12.0 45 210 -0.710242980134661
15.0 45 210 -0.570737963465565
20.0 45 210 -0.435885383103455
30.0 45 210 -0.309546689368596
1.0 60 210 7093195.72706925
2.0 60 210 1728.03065993486
3.0 60 210 11.2500090813772
4.0 60 210 -1.71538270199204
5.0 60 210 -1.66353390067302
6.0 60 210 -1.39059952281849
7.0 60 210 -1.19050925045324
8.0 60 210 -1.04249163665488
9.0 60 210 -0.928256581869205
10.0 60 210 -0.837181340180923
12.0 60 210 -0.700927248903522
15.0 60 210 -0.565547856001066
20.0 60 210 -0.433382472957529
30.0 60 210 -0.296663532293134
1.0 75 210 7093181.76077704
2.0 75 210 1715.62863488118
3.0 75 210 9.76058619478297
4.0 75 210 -1.72008853633016
5.0 75 210 -1.60667569165833
6.0 75 210 -1.35045823530383
7.0 75 210 -1.16298657001865
8.0 75 210 -1.02285647349269
9.0 75 210 -0.913759081045394
10.0 75 210 -0.826206213322523
12.0 75 210 -0.694356513265917
15.0 75 210 -0.56252487096682
20.0 75 210 -0.433406273114645
30.0 75 210 -0.30961461679398
1.0 90 210 7093178.43620387
2.0 90 210 1714.53555444822
3.0 90 210 9.70693443310007
4.0 90 210 -1.68162866877723
5.0 90 210 -1.57627774831349
6.0 90 210 -1.32962119577998
7.0 90 210 -1.14836714440132
8.0 90 210 -1.0122721756103
9.0 90 210 -0.905901189628606
10.0 90 210 -0.820264602667592
12.0 90 210 -0.69086107472386
15.0 90 210 -0.561040488063519
20.0 90 210 -0.433751153064292
30.0 90 210 -0.294443271808927
1.0 105 210 7093178.11694893
2.0 105 210 1714.48217878327
3.0 105 210 9.71583586798949
4.0 105 210 -1.67314842397607
5.0 105 210 -1.5709284074308
6.0 105 210 -1.32629146695353
7.0 105 210 -1.14628801113996
8.0 105 210 -1.01097538556396
9.0 105 210 -0.905091260565805
10.0 105 210 -0.819749234693166
12.0 105 210 -0.69058799479487
15.0 105 210 -0.560678827077
20.0 105 210 -0.432752550205021
30.0 105 210 -0.303208944805567
1.0 120 210 7093179.67608222
2.0 120 210 1714.85283195189
3.0 120 210 9.73087839942031
4.0 120 210 -1.69540647616273
5.0 120 210 -1.58995663823331
6.0 120 210 -1.34045253644969
7.0 120 210 -1.15702381412255
8.0 120 210 -1.01935013101854
9.0 120 210 -0.911761832592978
10.0 120 210 -0.825128961642761
12.0 120 210 -0.694113041460779
15.0 120 210 -0.562339371782776
20.0 120 210 -0.432313588452072
30.0 120 210 -0.289625651972779
1.0 135 210 7093185.06905137
2.0 135 210 1717.16332626252
3.0 135 210 10.0109297713841
4.0 135 210 -1.72726252938757
5.0 135 210 -1.63533181002146
6.0 135 210 -1.37429821694316
7.0 135 210 -1.18181346793695
8.0 135 210 -1.03810329965902
9.0 135 210 -0.92639254956689
10.0 135 210 -0.836826970467334
12.0 135 210 -0.702013214391165
15.0 135 210 -0.567171147929361
20.0 135 210 -0.434870666273408
30.0 135 210 -0.298489302291155
1.0 150 210 7093202.04001999
2.0 150 210 1734.95320431713
3.0 150 210 13.6856319860595
4.0 150 210 -1.46215197964111
5.0 150 210 -1.69203695253894
6.0 150 210 -1.43120006973856
7.0 150 210 -1.22270729679985
8.0 150 210 -1.06795677039225
9.0 150 210 -0.949082712673999
10.0 150 210 -0.854691301616261
12.0 150 210 -0.714070898019053
15.0 150 210 -0.575137547978805
20.0 150 210 -0.440554683504478
30.0 150 210 -0.302166515574451
1.0 165 210 7093253.90885644
2.0 165 210 1928.77249829091
3.0 165 210 82.2483432180542
4.0 165 210 4.49328958734236
5.0 165 210 -1.45254572931978
6.0 165 210 -1.49944038285582
7.0 165 210 -1.28073157110377
8.0 165 210 -1.10869827755269
9.0 165 210 -0.97879771804135
10.0 165 210 -0.877394549300608
12.0 165 210 -0.728855459890193
15.0 165 210 -0.584727003518972
20.0 165 210 -0.447508987539315
30.0 165 210 -0.319599819208793
1.0 175 210 7093332.00859125
2.0 175 210 2987.4648914976
3.0 175 210 767.616705117738
4.0 175 210 51.8395234752359
5.0 175 210 0.386815485974968
6.0 175 210 -1.48891684234941
7.0 175 210 -1.32523796176075
8.0 175 210 -1.14035310741547
9.0 175 210 -1.00096937591053
10.0 175 210 -0.89376864835159
12.0 175 210 -0.738992428197322
15.0 175 210 -0.590859284614558
20.0 175 210 -0.451440720316724
30.0 175 210 -0.312017327022976
1.0 5 225 7094216.53155179
2.0 5 225 31132132.2497322
3.0 5 225 38560901286.749
4.0 5 225 17465.1878089346
5.0 5 225 19.7820572207351
6.0 5 225 -1.4132728966336
7.0 5 225 -1.34218941444464
8.0 5 225 -1.14492378642338
9.0 5 225 -1.00079709684895
10.0 5 225 -0.891602048807794
12.0 5 225 -0.735607355895674
15.0 5 225 -0.587667054957404
20.0 5 225 -0.449254939407409
30.0 5 225 -0.310234839063256
1.0 15 225 7093922.82725488
2.0 15 225 1659601.91475938
3.0 15 225 8138144.04611931
4.0 15 225 2725.71333694053
5.0 15 225 7.22974008331182
6.0 15 225 -1.4840233759696
7.0 15 225 -1.32514292773286
8.0 15 225 -1.13299442213918
9.0 15 225 -0.992422807871798
10.0 15 225 -0.885270427712757
12.0 15 225 -0.731385792347468
15.0 15 225 -0.584690683104408
20.0 15 225 -0.446722954819355
30.0 15 225 -0.318293131418156
1.0 30 225 7093455.78715827
2.0 30 225 13619.8186531139
3.0 30 225 4459.47648227584
4.0 30 225 58.7127958052839
5.0 30 225 -0.934866418971889
6.0 30 225 -1.51340556696559
7.0 30 225 -1.282209759193
8.0 30 225 -1.10479335805581
9.0 30 225 -0.973058881427968
10.0 30 225 -0.870975712770033
12.0 30 225 -0.722244040924799
15.0 30 225 -0.578405531119765
20.0 30 225 -0.441226782750525
30.0 30 225 -0.300949779243145
1.0 45 225 7093252.59597873
2.0 45 225 1970.70518150487
3.0 45 225 54.9373994228892
4.0 45 225 -0.0230119761273643
5.0 45 225 -1.70389798387697
6.0 45 225 -1.4552096448838
7.0 45 225 -1.23459410378352
8.0 45 225 -1.07346336599481
9.0 45 225 -0.951105972123737
10.0 45 225 -0.854678824473921
12.0 45 225 -0.712006040540229
15.0 45 225 -0.571808795877004
20.0 45 225 -0.436087249275356
30.0 45 225 -0.308534602340596
1.0 60 225 7093195.77815392
2.0 60 225 1728.02089571546
3.0 60 225 11.2385175892946
4.0 60 225 -1.72464815935767
5.0 60 225 -1.67096333898186
6.0 60 225 -1.39667034711931
7.0 60 225 -1.19554918782087
8.0 60 225 -1.04672382522033
9.0 60 225 -0.931836811330105
10.0 60 225 -0.840221430983789
12.0 60 225 -0.703110531900702
15.0 60 225 -0.56676981221094
20.0 60 225 -0.433444421298913
30.0 60 225 -0.295929168039919
1.0 75 225 7093181.85946563
2.0 75 225 1715.62053531184
3.0 75 225 9.74605975352384
4.0 75 225 -1.73198555625328
5.0 75 225 -1.61612060131258
6.0 75 225 -1.35808954670558
7.0 75 225 -1.16925932200966
8.0 75 225 -1.02807615225691
9.0 75 225 -0.918136362089609
10.0 75 225 -0.829890600683984
12.0 75 225 -0.696952422637231
15.0 75 225 -0.56392609037607
20.0 75 225 -0.43349148085998
30.0 75 225 -0.298092835054097
1.0 90 225 7093178.64454724
2.0 90 225 1714.54027590214
3.0 90 225 9.68969714945855
4.0 90 225 -1.69668697656223
5.0 90 225 -1.58810112960405
6.0 90 225 -1.33901518630527
7.0 90 225 -1.15597771328152
8.0 90 225 -1.01853067075734
9.0 90 225 -0.911099319401658
10.0 90 225 -0.824605597259282
12.0 90 225 -0.69388647491379
15.0 90 225 -0.562674534117847
20.0 90 225 -0.433949526423322
30.0 90 225 -0.3057082888539
1.0 105 225 7093178.59275931
2.0 105 225 1714.54535766417
3.0 105 225 9.70026966605177
4.0 105 225 -1.69185380085803
5.0 105 225 -1.5856673617436
6.0 105 225 -1.33773134972279
7.0 105 225 -1.15535964530894
8.0 105 225 -1.01831186071341
9.0 105 225 -0.911109335473973
10.0 105 225 -0.824730889374936
12.0 105 225 -0.69403407009224
15.0 105 225 -0.562572810500692
20.0 105 225 -0.433070209036624
30.0 105 225 -0.291696519316955
1.0 120 225 7093180.83472514
2.0 120 225 1715.19229139736
3.0 120 225 9.74858566413141
4.0 120 225 -1.71586349284804
5.0 120 225 -1.60814009730818
6.0 120 225 -1.35424514472545
7.0 120 225 -1.16762202117578
8.0 120 225 -1.02770924833449
9.0 120 225 -0.918494595469316
10.0 120 225 -0.830633326088067
12.0 120 225 -0.697884785896472
15.0 120 225 -0.564467613039177
20.0 120 225 -0.432797101583219
30.0 120 225 -0.288916298585489
1.0 135 225 7093187.97478501
2.0 135 225 1719.0386217819
3.0 135 225 10.3094716376484
4.0 135 225 -1.72490644901156
5.0 135 225 -1.65560088676812
6.0 135 225 -1.3904457956791
7.0 135 225 -1.1937445375413
8.0 135 225 -1.04716723810334
9.0 135 225 -0.93349273879695
10.0 135 225 -0.842520555501257
12.0 135 225 -0.705847101920738
15.0 135 225 -0.569392092244987
20.0 135 225 -0.435595113309376
30.0 135 225 -0.309077186638807
1.0 150 225 7093208.91659225
2.0 150 225 1747.24336826939
3.0 150 225 16.7838665217421
4.0 150 225 -1.18769956525393
5.0 150 225 -1.69582611004864
6.0 150 225 -1.44766704116138
7.0 150 225 -1.23493635165854
8.0 150 225 -1.0767987202916
9.0 150 225 -0.955732140414298
10.0 150 225 -0.85987123932857
12.0 150 225 -0.717450531252277
15.0 150 225 -0.577114066408182
20.0 150 225 -0.441407660067655
30.0 150 225 -0.301882576912146
1.0 165 225 7093265.92734264
2.0 165 225 2016.64085818646
3.0 165 225 122.133333574313
4.0 165 225 7.71644879887971
5.0 165 225 -1.30496344654488
6.0 165 225 -1.50554083401401
7.0 165 225 -1.2899033926859
8.0 165 225 -1.11513710204361
9.0 165 225 -0.983395223422695
10.0 165 225 -0.880838363585383
12.0 165 225 -0.73099937851786
15.0 165 225 -0.585957353339074
20.0 165 225 -0.44810990866582
30.0 165 225 -0.319748655158845
1.0 175 225 7093340.5977176
2.0 175 225 3196.41778245603
3.0 175 225 945.158258849915
4.0 175 225 62.6937810141463
5.0 175 225 0.743920427496256
6.0 175 225 -1.48131798559479
7.0 175 225 -1.32883371879542
8.0 175 225 -1.14304391765976
9.0 175 225 -1.0028276008627
10.0 175 225 -0.895120655892592
12.0 175 225 -0.7398042513172
15.0 175 225 -0.591313585893607
20.0 175 225 -0.451663702405234
30.0 175 225 -0.312101993981455
1.0 5 240 7094216.5374226
2.0 5 240 31132132.2484187
3.0 5 240 38560901286.7476
4.0 5 240 17465.1866304294
5.0 5 240 19.781109056469
6.0 5 240 -1.41405132032539
7.0 5 240 -1.34283956231174
8.0 5 240 -1.14547474460424
9.0 5 240 -1.00126960183435
10.0 5 240 -0.892011150778268
12.0 5 240 -0.735921945194888
15.0 5 240 -0.587890209349726
20.0 5 240 -0.449394180917906
30.0 5 240 -0.310285086990453
1.0 15 240 7093922.8424827
2.0 15 240 1659601.91079997
3.0 15 240 8138144.04190241
4.0 15 240 2725.7099457151
5.0 15 240 7.22700563732825
6.0 15 240 -1.48627339552901
7.0 15 240 -1.32702619850329
8.0 15 240 -1.13459310004848
9.0 15 240 -0.993796072952182
10.0 15 240 -0.886461365152079
12.0 15 240 -0.732305210392927
15.0 15 240 -0.5853486293899
20.0 15 240 -0.44714895760522
30.0 15 240 -0.318520531230553
1.0 30 240 7093455.81615739
2.0 30 240 13619.810998727
3.0 30 240 4459.46836426433
4.0 30 240 58.7062665940174
5.0 30 240 -0.940133073167654
6.0 30 240 -1.51774061807494
7.0 30 240 -1.28584134587925
8.0 30 240 -1.10787956132578
9.0 30 240 -0.975714239517296
10.0 30 240 -0.87328513762288
12.0 30 240 -0.724044056056681
15.0 30 240 -0.579736215122735
20.0 30 240 -0.442211150787377
30.0 30 240 -0.301860630662856
1.0 45 240 7093252.64663937
2.0 45 240 1970.69464559881
3.0 45 240 54.9253650759318
4.0 45 240 -0.0327114956196913
5.0 45 240 -1.71169610526282
6.0 45 240 -1.46160891564295
7.0 45 240 -1.23994363345328
8.0 45 240 -1.07800537169982
9.0 45 240 -0.955015192816107
10.0 45 240 -0.858086432202727
12.0 45 240 -0.714690914297253
15.0 45 240 -0.573868384400407
20.0 45 240 -0.437773502342281
30.0 45 240 -0.30998383163606
1.0 60 240 7093195.87201069
2.0 60 240 1728.00974789304
3.0 60 240 11.2223185938994
4.0 60 240 -1.73782072556317
5.0 60 240 -1.68147909812598
6.0 60 240 -1.40523710949267
7.0 60 240 -1.2026699356888
8.0 60 240 -1.05274496571143
9.0 60 240 -0.937006684097071
10.0 60 240 -0.844724514088571
12.0 60 240 -0.706672374470586
15.0 60 240 -0.569546894563796
20.0 60 240 -0.435738251613289
30.0 60 240 -0.297068297682408
1.0 75 240 7093182.04770453
2.0 75 240 1715.61629843136
3.0 75 240 9.72555440362711
4.0 75 240 -1.74922127295958
5.0 75 240 -1.62974191543126
6.0 75 240 -1.36904601484086
7.0 75 240 -1.17826890803752
8.0 75 240 -1.03562920821552
9.0 75 240 -0.924577429005068
10.0 75 240 -0.835470963825777
12.0 75 240 -0.701334065972275
15.0 75 240 -0.567313810017083
20.0 75 240 -0.436161784476222
30.0 75 240 -0.298645205664874
1.0 90 240 7093179.05206901
2.0 90 240 1714.57084170421
3.0 90 240 9.66661837032849
4.0 90 240 -1.71880598724133
5.0 90 240 -1.60545642938165
6.0 90 240 -1.35270633654604
7.0 90 240 -1.16704134235486
8.0 90 240 -1.02767198909823
9.0 90 240 -0.918799692899397
10.0 90 240 -0.831206056232976
12.0 90 240 -0.698975356954011
15.0 90 240 -0.566514618459789
20.0 90 240 -0.436837521735704
30.0 90 240 -0.306066442021706
1.0 105 240 7093179.53690438
2.0 105 240 1714.72749053003
3.0 105 240 9.68837253240816
4.0 105 240 -1.71903798783712
5.0 105 240 -1.60761607569807
6.0 105 240 -1.3546178460325
7.0 105 240 -1.16865200217292
8.0 105 240 -1.02905538220917
9.0 105 240 -0.919992213336256
10.0 105 240 -0.832222073903528
12.0 105 240 -0.699648035495269
15.0 105 240 -0.566663356593149
20.0 105 240 -0.436067789346787
30.0 105 240 -0.292274711612653
1.0 120 240 7093183.13113051
2.0 120 240 1716.0956195488
3.0 120 240 9.84115830661261
4.0 120 240 -1.74055382383381
5.0 120 240 -1.63516502801385
6.0 120 240 -1.37478237425905
7.0 120 240 -1.18321478902953
8.0 120 240 -1.03991785718487
9.0 120 240 -0.928327704985475
10.0 120 240 -0.838742046531329
12.0 120 240 -0.703732834949271
15.0 120 240 -0.56852771405808
20.0 120 240 -0.435679652205641
30.0 120 240 -0.297773738323689
1.0 135 240 7093193.57910747
2.0 135 240 1723.96561522759
3.0 135 240 11.233773354039
4.0 135 240 -1.6732902020509
5.0 135 240 -1.68267681643434
6.0 135 240 -1.41435261837653
7.0 135 240 -1.21126087690145
8.0 135 240 -1.06030325371142
9.0 135 240 -0.943706052629725
10.0 135 240 -0.850703205554276
12.0 135 240 -0.71147402976106
15.0 135 240 -0.573060381096985
20.0 135 240 -0.438002462494924
30.0 135 240 -0.310928417866462
1.0 150 240 7093221.29580447
2.0 150 240 1778.14854585803
3.0 150 240 25.6909798459581
4.0 150 240 -0.381847376049391
5.0 150 240 -1.67619904123507
6.0 150 240 -1.47044096130631
7.0 150 240 -1.25257676598281
8.0 150 240 -1.08940299427377
9.0 150 240 -0.96510323270034
10.0 150 240 -0.867119894767326
12.0 150 240 -0.722176326530636
15.0 150 240 -0.579990129641669
20.0 150 240 -0.443063827866587
30.0 150 240 -0.303115193536897
1.0 165 240 7093284.96519884
2.0 165 240 2201.89426448841
3.0 165 240 218.648131192474
4.0 165 240 15.0908953993953
5.0 165 240 -0.983351964871905
6.0 165 240 -1.50930500858878
7.0 165 240 -1.30247712240158
8.0 165 240 -1.12401017144942
9.0 165 240 -0.989676267904333
10.0 165 240 -0.885510467109211
12.0 165 240 -0.733886319534921
15.0 165 240 -0.587614819701573
20.0 165 240 -0.448956089995911
30.0 165 240 -0.320158397115349
1.0 175 240 7093352.6282638
2.0 175 240 3531.64392179926
3.0 175 240 1254.36878333462
4.0 175 240 80.8580065302053
5.0 175 240 1.31016164177783
6.0 175 240 -1.4685144367348
7.0 175 240 -1.33354143261992
8.0 175 240 -1.14662323308008
9.0 175 240 -1.00529281044375
10.0 175 240 -0.896908632947
12.0 175 240 -0.740873819779851
15.0 175 240 -0.591910544668674
20.0 175 240 -0.451956620881061
30.0 175 240 -0.312216435875248
1.0 5 270 7094216.55258661
2.0 5 270 31132132.2452823
3.0 5 270 38560901286.7435
4.0 5 270 17465.1837390769
5.0 5 270 19.7787856075598
6.0 5 270 -1.41595611494692
7.0 5 270 -1.34442955781502
8.0 5 270 -1.14682084421416
9.0 5 270 -1.00242273602413
10.0 5 270 -0.893009318168434
12.0 5 270 -0.736688793461446
15.0 5 270 -0.58843337185081
20.0 5 270 -0.449732868182591
30.0 5 270 -0.310408108953485
1.0 15 270 7093922.88754184
2.0 15 270 1659601.90149723
3.0 15 270 8138144.03125075
4.0 15 270 2725.70136131671
5.0 15 270 7.22010711115837
6.0 15 270 -1.49192974569739
7.0 15 270 -1.33174757080573
8.0 15 270 -1.13859140552854
9.0 15 270 -0.997222858546661
10.0 15 270 -0.889429101778966
12.0 15 270 -0.734590435282312
15.0 15 270 -0.586981757663924
20.0 15 270 -0.448213907041706
30.0 15 270 -0.319139760029188
1.0 30 270 7093455.92013788
2.0 30 270 13619.7938588979
3.0 30 270 4459.44696607098
4.0 30 270 58.6889657963334
5.0 30 270 -0.953996009064707
6.0 30 270 -1.52907556834899
7.0 30 270 -1.29528321210691
8.0 30 270 -1.11586674197753
9.0 30 270 -0.982560299354811
10.0 30 270 -0.879222512441436
12.0 30 270 -0.728657676085256
15.0 30 270 -0.583158682133885
20.0 30 270 -0.444827672062284
30.0 30 270 -0.304650953142094
1.0 45 270 7093252.86012812
2.0 45 270 1970.67515739769
3.0 45 270 54.8924962847742
4.0 45 270 -0.0596023487957135
5.0 45 270 -1.73310883561759
6.0 45 270 -1.47899851699041
7.0 45 270 -1.25435460458152
8.0 45 270 -1.09015575321189
9.0 45 270 -0.965416228698817
10.0 45 270 -0.867116388294124
12.0 45 270 -0.721782530977949
15.0 45 270 -0.579356058043344
20.0 45 270 -0.442507171200931
30.0 45 270 -0.315153786762098
1.0 60 270 7093196.32156661
2.0 60 270 1728.00709603679
3.0 60 270 11.1774799080023
4.0 60 270 -1.77600015326906
5.0 60 270 -1.71162166194027
6.0 60 270 -1.42942870911407
7.0 60 270 -1.22252547473435
8.0 60 270 -1.06936711600466
9.0 60 270 -0.95116874515671
10.0 60 270 -0.856990610824788
12.0 60 270 -0.716328259675151
15.0 60 270 -0.577156016853064
20.0 60 270 -0.442458385178238
30.0 60 270 -0.303151603356969
1.0 75 270 7093183.04615232
2.0 75 270 1715.70236379834
3.0 75 270 9.67305047678962
4.0 75 270 -1.80112021050465
5.0 75 270 -1.67054167609849
6.0 75 270 -1.40120912566251
7.0 75 270 -1.20424906534234
8.0 75 270 -1.05710260938366
9.0 75 270 -0.942689546801657
10.0 75 270 -0.851035240796685
12.0 75 270 -0.713455596214664
15.0 75 270 -0.576770225490869
20.0 75 270 -0.444226648203052
30.0 75 270 -0.316397790633262
1.0 90 270 7093181.39495698
2.0 90 270 1715.0443705303
3.0 90 270 9.64164569163939
4.0 90 270 -1.78547958417703
5.0 90 270 -1.65967262554703
6.0 90 270 -1.39449131487491
7.0 90 270 -1.19998585797332
8.0 90 270 -1.05435983935487
9.0 90 270 -0.940939931021464
10.0 90 270 -0.849966160695702
12.0 90 270 -0.713247470085043
15.0 90 270 -0.577325911566731
20.0 90 270 -0.445636450376915
30.0 90 270 -0.301469465821147
1.0 105 270 7093185.26509221
2.0 105 270 1717.00766253771
3.0 105 270 9.92466118571094
4.0 105 270 -1.78296437222527
5.0 105 270 -1.67762531472007
6.0 105 270 -1.4080378776731
7.0 105 270 -1.20939991995921
8.0 105 270 -1.06111636840431
9.0 105 270 -0.945959076779201
10.0 105 270 -0.853779960656053
12.0 105 270 -0.715490323756595
15.0 105 270 -0.57816120826155
20.0 105 270 -0.445050047935838
30.0 105 270 -0.318003045116031
1.0 120 270 7093197.20129859
2.0 120 270 1727.96522570877
3.0 120 270 12.0513927063041
4.0 120 270 -1.63226434403455
5.0 120 270 -1.71194082983419
6.0 120 270 -1.44092018751768
7.0 120 270 -1.23201463176453
8.0 120 270 -1.07684433196788
9.0 120 270 -0.957288223448487
10.0 120 270 -0.862151795968694
12.0 120 270 -0.720184831936113
15.0 120 270 -0.579808510167921
20.0 120 270 -0.444026755016263
30.0 120 270 -0.305000818600113
1.0 135 270 7093225.82953261
2.0 135 270 1792.51212998283
3.0 135 270 30.2328130562193
4.0 135 270 0.0133570801542811
5.0 135 270 -1.67263131285192
6.0 135 270 -1.48672478611979
7.0 135 270 -1.26598737637736
8.0 135 270 -1.09991771872254
9.0 135 270 -0.973558045501066
10.0 135 270 -0.874070135530122
12.0 135 270 -0.727068197132129
15.0 135 270 -0.583033946028444
20.0 135 270 -0.444683036385572
30.0 135 270 -0.317162786551692
1.0 150 270 7093281.45690079
2.0 150 270 2162.94818652247
3.0 150 270 197.092489721384
4.0 150 270 13.4774490411479
5.0 150 270 -1.05818376021996
6.0 150 270 -1.51459579932994
7.0 150 270 -1.3048065210694
8.0 150 270 -1.1261844318993
9.0 150 270 -0.991643495033014
10.0 150 270 -0.887183567744023
12.0 150 270 -0.734881552036439
15.0 150 270 -0.587563062849092
20.0 150 270 -0.447438504784344
30.0 150 270 -0.306732374351798
1.0 165 270 7093353.76473998
2.0 165 270 3566.02892715164
3.0 165 270 1287.72212680157
4.0 165 270 82.7675865894849
5.0 165 270 1.36586544671292
6.0 165 270 -1.4687509891377
7.0 165 270 -1.3352568697822
8.0 165 270 -1.14800201635747
9.0 165 270 -1.00636360392636
10.0 165 270 -0.897731859861293
12.0 165 270 -0.741291645396646
15.0 165 270 -0.591803654109658
20.0 165 270 -0.451079183730143
30.0 165 270 -0.321231528662335
1.0 175 270 7093386.1288909
2.0 175 270 4778.46898972893
3.0 175 270 2644.88315964681
4.0 175 270 155.162530092828
5.0 175 270 3.3524717772124
6.0 175 270 -1.41937200679361
7.0 175 270 -1.34489469266139
8.0 175 270 -1.15561844152592
9.0 175 270 -1.01145401895878
10.0 175 270 -0.901351171521119
12.0 175 270 -0.743511484927476
15.0 175 270 -0.593374291595551
20.0 175 270 -0.45267191750716
30.0 175 270 -0.312495932501305
1.0 5 300 7094216.56925552
2.0 5 300 31132132.2422077
3.0 5 300 38560901286.7404
4.0 5 300 17465.1807806424
5.0 5 300 19.7764122037907
6.0 5 300 -1.41789889367683
7.0 5 300 -1.34604851930564
8.0 5 300 -1.14818991555039
9.0 5 300 -1.00359447599471
10.0 5 300 -0.894022399015361
12.0 5 300 -0.737465669874491
15.0 5 300 -0.588982407873953
20.0 5 300 -0.450072814610222
30.0 5 300 -0.31052228620463
1.0 15 300 7093922.94713737
2.0 15 300 1659601.8929095
3.0 15 300 8138144.01989573
4.0 15 300 2725.69216329447
5.0 15 300 7.21275213022262
6.0 15 300 -1.49792883341894
7.0 15 300 -1.3367318131311
8.0 15 300 -1.14279460213589
9.0 15 300 -1.00081081214665
10.0 15 300 -0.89252376322798
12.0 15 300 -0.736950525244869
15.0 15 300 -0.588628382267273
20.0 15 300 -0.449180601073488
30.0 15 300 -0.319213586087929
1.0 30 300 7093456.09771189
2.0 30 300 13619.7823247936
3.0 30 300 4459.42281745677
4.0 30 300 58.6690707666559
5.0 30 300 -0.969781251882133
6.0 30 300 -1.54183160567017
7.0 30 300 -1.30579388496384
8.0 30 300 -1.12466348733316
9.0 30 300 -0.990013955298231
10.0 30 300 -0.885600755562847
12.0 30 300 -0.733427125029972
15.0 30 300 -0.58631522452463
20.0 30 300 -0.446246608738901
30.0 30 300 -0.303151588871743
1.0 45 300 7093253.31643359
2.0 45 300 1970.68547143061
3.0 45 300 54.8544875771756
4.0 45 300 -0.0928434227639051
5.0 45 300 -1.75924488897318
6.0 45 300 -1.49980842681196
7.0 45 300 -1.27127254837646
8.0 45 300 -1.10414475246364
9.0 45 300 -0.977132856861813
10.0 45 300 -0.877021948150725
12.0 45 300 -0.728975790502279
15.0 45 300 -0.583769398255016
20.0 45 300 -0.44375373833085
30.0 45 300 -0.311759123563864
1.0 60 300 7093197.4947002
2.0 60 300 1728.14827162369
3.0 60 300 11.1326203810343
4.0 60 300 -1.82635599730441
5.0 60 300 -1.7512743136619
6.0 60 300 -1.46035609629068
7.0 60 300 -1.24717835778302
8.0 60 300 -1.08941055928065
9.0 60 300 -0.967705146133947
10.0 60 300 -0.870772263271816
12.0 60 300 -0.726040426275348
15.0 60 300 -0.582753147713576
20.0 60 300 -0.443554641165637
30.0 60 300 -0.299216691638555
1.0 75 300 7093186.16884843
2.0 75 300 1716.50579833643
3.0 75 300 9.68923504634377
4.0 75 300 -1.86928714213331
5.0 75 300 -1.72846667729001
6.0 75 300 -1.44540936391372
7.0 75 300 -1.23852928624336
8.0 75 300 -1.08434200523565
9.0 75 300 -0.964744676092722
10.0 75 300 -0.869126539853865
12.0 75 300 -0.725868785244662
15.0 75 300 -0.583689988012333
20.0 75 300 -0.44562072263612
30.0 75 300 -0.319751259295246
1.0 90 300 7093189.98133158
2.0 90 300 1719.55040380608
3.0 90 300 10.2672068205608
4.0 90 300 -1.82652094799116
5.0 90 300 -1.73965524834913
6.0 90 300 -1.4563685666812
7.0 90 300 -1.24635987836238
8.0 90 300 -1.09007949612834
9.0 90 300 -0.969171020047458
10.0 90 300 -0.872695918078598
12.0 90 300 -0.728449757555626
15.0 90 300 -0.585674083419429
20.0 90 300 -0.447601891925032
30.0 90 300 -0.305530541802234
1.0 105 300 7093208.84307195
2.0 105 300 1746.19205907283
3.0 105 300 16.4356308789723
4.0 105 300 -1.28192431276803
5.0 105 300 -1.75152572093649
6.0 105 300 -1.49105208996348
7.0 105 300 -1.27035931396703
8.0 105 300 -1.10623171080745
9.0 105 300 -0.980509470738587
10.0 105 300 -0.880965030148876
12.0 105 300 -0.733172524940656
15.0 105 300 -0.587782999767407
20.0 105 300 -0.447579287638361
30.0 105 300 -0.315219477063538
1.0 120 300 7093257.18269973
2.0 120 300 1949.77534630988
3.0 120 300 91.3580363762356
4.0 120 300 5.20033341436601
5.0 120 300 -1.45422747847368
6.0 120 300 -1.5308402349
7.0 120 300 -1.30746459980276
8.0 120 300 -1.13056591502753
9.0 120 300 -0.996869065189343
10.0 120 300 -0.892440824078768
12.0 120 300 -0.739281708295682
15.0 120 300 -0.590152517116751
20.0 120 300 -0.447097045383529
30.0 120 300 -0.302369739561079
1.0 135 300 7093350.25047178
2.0 135 300 3460.11477316507
3.0 135 300 1185.95006199963
4.0 135 300 76.8856325771218
5.0 135 300 1.16961970603019
6.0 135 300 -1.48791406069578
7.0 135 300 -1.34629176455784
8.0 135 300 -1.15721514995313
9.0 135 300 -1.01413905036532
10.0 135 300 -0.904204836292614
12.0 135 300 -0.745469271236983
15.0 135 300 -0.593014926220376
20.0 135 300 -0.448215244833609
30.0 135 300 -0.303646645083034
1.0 150 300 7093456.23451113
2.0 150 300 9563.96770944612
3.0 150 300 11037.4453840543
4.0 150 300 509.726559709099
5.0 150 300 10.5622016115127
6.0 150 300 -1.25562592322927
7.0 150 300 -1.36781605339263
8.0 150 300 -1.17583395506717
9.0 150 300 -1.02581960193347
10.0 150 300 -0.911918236227528
12.0 150 300 -0.749584348540487
15.0 150 300 -0.595577690714391
20.0 150 300 -0.450830390370563
30.0 150 300 -0.30612622542479
1.0 165 300 7093478.37460184
2.0 165 300 11965.6933777627
3.0 165 300 16950.3222764007
4.0 165 300 719.090001614496
5.0 165 300 13.950212028029
6.0 165 300 -1.17558341082556
7.0 165 300 -1.36724396125536
8.0 165 300 -1.17635407790786
9.0 165 300 -1.02564892632648
10.0 165 300 -0.911505969575518
12.0 165 300 -0.74936765669104
15.0 165 300 -0.596228049561078
20.0 165 300 -0.453170040361433
30.0 165 300 -0.321777722171505
1.0 175 300 7093427.23471397
2.0 175 300 7141.46781168836
3.0 175 300 6211.48113959502
4.0 175 300 318.480415866423
5.0 175 300 7.01483733645146
6.0 175 300 -1.33085851098014
7.0 175 300 -1.35589697233744
8.0 175 300 -1.1651431877498
9.0 175 300 -1.01793269842819
10.0 175 300 -0.905982280669011
12.0 175 300 -0.746230885401601
15.0 175 300 -0.594870303950131
20.0 175 300 -0.453396342256821
30.0 175 300 -0.31276875498924
1.0 5 315 7094216.57663327
2.0 5 315 31132132.2409566
3.0 5 315 38560901286.7388
4.0 5 315 17465.1795350457
5.0 5 315 19.7754140153588
6.0 5 315 -1.41871501556796
7.0 5 315 -1.34672793308646
8.0 5 315 -1.14876385647142
9.0 5 315 -1.00408519279108
10.0 5 315 -0.894446514265757
12.0 5 315 -0.737790505054876
15.0 5 315 -0.589211633832794
20.0 5 315 -0.450214540039026
30.0 5 315 -0.310569891526228
1.0 15 315 7093922.97708522
2.0 15 315 1659601.88970297
3.0 15 315 8138144.01497652
4.0 15 315 2725.68815640033
5.0 15 315 7.20955919833289
6.0 15 315 -1.50052300259237
7.0 15 315 -1.33887986641683
8.0 15 315 -1.14460114213279
9.0 15 315 -1.00234928189889
10.0 15 315 -0.893847892672535
12.0 15 315 -0.737957127274406
15.0 15 315 -0.589328632036001
20.0 15 315 -0.44959306730195
30.0 15 315 -0.319264017158596
1.0 30 315 7093456.20401777
2.0 30 315 13619.7811893179
3.0 30 315 4459.41201128455
4.0 30 315 58.6599195651095
5.0 30 315 -0.976996892533558
6.0 30 315 -1.54761241430239
7.0 30 315 -1.31052208403997
8.0 30 315 -1.12859684422961
9.0 30 315 -0.993330468265834
10.0 30 315 -0.888427595674737
12.0 30 315 -0.735530420384411
15.0 30 315 -0.587710094104511
20.0 30 315 -0.446914915643103
30.0 30 315 -0.302718095451462
1.0 45 315 7093253.63741301
2.0 45 315 1970.71373546643
3.0 45 315 54.8382200680219
4.0 45 315 -0.108996892093919
5.0 45 315 -1.77190903709506
6.0 45 315 -1.5097473749468
7.0 45 315 -1.27924871805911
8.0 45 315 -1.11067271623536
9.0 45 315 -0.982557144673763
10.0 45 315 -0.881580999247841
12.0 45 315 -0.732269017539143
15.0 45 315 -0.585818954408021
20.0 45 315 -0.4444974381163
30.0 45 315 -0.310897182928401
1.0 60 315 7093198.45746281
2.0 60 315 1728.35298624243
3.0 60 315 11.1262127402227
4.0 60 315 -1.85143472279985
5.0 60 315 -1.77176264167511
6.0 60 315 -1.47603662471401
7.0 60 315 -1.25942156871576
8.0 60 315 -1.09920213164402
9.0 60 315 -0.975684480171801
10.0 60 315 -0.87736457174839
12.0 60 315 -0.730653444738323
15.0 60 315 -0.585479605716805
20.0 60 315 -0.444421734390287
30.0 60 315 -0.298701743425101
1.0 75 315 7093189.14214098
2.0 75 315 1717.80746292899
3.0 75 315 9.84139975388805
4.0 75 315 -1.89407614418498
5.0 75 315 -1.75991557817805
6.0 75 315 -1.46936469960366
7.0 75 315 -1.25656179694844
8.0 75 315 -1.09830681639024
9.0 75 315 -0.97583708354629
10.0 75 315 -0.878102376543598
12.0 75 315 -0.731951179458178
15.0 75 315 -0.587167414390501
20.0 75 315 -0.446773820603898
30.0 75 315 -0.308935439225036
1.0 90 315 7093199.34377539
2.0 90 315 1729.12784366761
3.0 90 315 12.1971295527449
4.0 90 315 -1.69463662251938
5.0 90 315 -1.77643179976328
6.0 90 315 -1.49187676368113
7.0 90 315 -1.27228268548395
8.0 90 315 -1.10930856510757
9.0 90 315 -0.983932017322619
10.0 90 315 -0.884335171145992
12.0 90 315 -0.736064127659064
15.0 90 315 -0.589917835512484
20.0 90 315 -0.449081065716556
30.0 90 315 -0.317606332081263
1.0 105 315 7093237.33272297
2.0 105 315 1836.08224348367
3.0 105 315 45.24209131805
4.0 105 315 1.28886097768032
5.0 105 315 -1.65911663420497
6.0 105 315 -1.53506910476081
7.0 105 315 -1.30614713660147
8.0 105 315 -1.13160214906218
9.0 105 315 -0.999153019361643
10.0 105 315 -0.895200403227708
12.0 105 315 -0.742118987850902
15.0 105 315 -0.592646124447634
20.0 105 315 -0.449280913790129
30.0 105 315 -0.304546262780523
1.0 120 315 7093332.25290926
2.0 120 315 2990.06903721105
3.0 120 315 769.746782258986
4.0 120 315 51.9274151737902
5.0 120 315 0.352993637384753
6.0 120 315 -1.51987844108488
7.0 120 315 -1.3507567950587
8.0 120 315 -1.16147951763882
9.0 120 315 -1.01854807901742
10.0 120 315 -0.908399951436685
12.0 120 315 -0.748892635134713
15.0 120 315 -0.595268068053448
20.0 120 315 -0.448904551550807
30.0 120 315 -0.302437766901094
1.0 135 315 7093494.30178929
2.0 135 315 14045.3370661924
3.0 135 315 22971.2532485946
4.0 135 315 914.384061930291
5.0 135 315 16.7679989084096
6.0 135 315 -1.13055141938377
7.0 135 315 -1.38201918165255
8.0 135 315 -1.18942338977717
9.0 135 315 -1.03601335676189
10.0 135 315 -0.91978144418282
12.0 135 315 -0.754507745255129
15.0 135 315 -0.597777546818875
20.0 135 315 -0.450021646450861
30.0 135 315 -0.314616663502761
1.0 150 315 7093617.56567964
2.0 150 315 46597.5639542644
3.0 150 315 236673.413196876
4.0 150 315 5231.4325939641
5.0 150 315 55.3744274412569
6.0 150 315 -0.446052415189215
7.0 150 315 -1.38336863215681
8.0 150 315 -1.20162094686491
9.0 150 315 -1.04320059821693
10.0 150 315 -0.924063779622001
12.0 150 315 -0.756492862463058
15.0 150 315 -0.599233428515443
20.0 150 315 -0.452386433412098
30.0 150 315 -0.306080269246449
1.0 165 315 7093558.13610201
2.0 165 315 26441.4428791585
3.0 165 315 76695.5633995906
4.0 165 315 2303.79020527434
5.0 165 315 32.4899670255248
6.0 165 315 -0.814718395444289
7.0 165 315 -1.37642531930324
8.0 165 315 -1.18958257734272
9.0 165 315 -1.03456439665602
10.0 165 315 -0.917752249455018
12.0 165 315 -0.752941043806031
15.0 165 315 -0.59815046853556
20.0 165 315 -0.454068470681246
30.0 165 315 -0.322028915467156
1.0 175 315 7093446.94818902
2.0 175 315 8707.75188882473
3.0 175 315 9199.99690577476
4.0 175 315 439.692256897489
5.0 175 315 9.3328180261911
6.0 175 315 -1.27677375442168
7.0 175 315 -1.36020958083388
8.0 175 315 -1.16925189422119
9.0 175 315 -1.02071595924215
10.0 175 315 -0.907958939722882
12.0 175 315 -0.747382279379239
15.0 175 315 -0.595499787818791
20.0 175 315 -0.453699723220396
30.0 175 315 -0.312882662214178
