# Fix print output for fix 333
3.0 5 0 51250.8032027636
3.5 5 0 -0.561318362408783
4.0 5 0 -0.523239697302295
4.5 5 0 -0.172130801837772
5.0 5 0 -0.0658599220034654
5.5 5 0 -0.0236929217324831
6.0 5 0 -0.00500908131524845
7.0 5 0 0.00837451681453336
8.0 5 0 0.0120600588863561
9.0 5 0 0.0132548515136875
10.0 5 0 0.0136944056176197
12.0 5 0 0.0139523789498136
15.0 5 0 0.0140184974055248
20.0 5 0 0.014030717909062
30.0 5 0 0.0140321112208688
3.0 15 0 0.43659452929434
3.5 15 0 -1.41448937675047
4.0 15 0 -0.445945759697068
4.5 15 0 -0.166293793504858
5.0 15 0 -0.0651494178365277
5.5 15 0 -0.0235689329471195
6.0 15 0 -0.00498128586646338
7.0 15 0 0.00837669085324217
8.0 15 0 0.0120602462776121
9.0 15 0 0.0132548365996323
10.0 15 0 0.0136943795358891
12.0 15 0 0.0139523681884711
15.0 15 0 0.0140184950696735
20.0 15 0 0.014030717644474
30.0 15 0 0.0140320552789884
3.0 30 0 -2.88361233896758
3.5 30 0 -1.09563174511603
4.0 30 0 -0.412365823940751
4.5 30 0 -0.162038625525898
5.0 30 0 -0.0644208064308518
5.5 30 0 -0.0234105614837428
6.0 30 0 -0.00494038051424906
7.0 30 0 0.00838033231871092
8.0 30 0 0.0120605223788366
9.0 30 0 0.0132547706480389
10.0 30 0 0.013694310019383
12.0 30 0 0.0139523421559111
15.0 30 0 0.0140184896895552
20.0 30 0 0.0140307170653354
30.0 30 0 0.0140321112214767
3.0 45 0 -2.83666498777645
3.5 45 0 -1.08313628891979
4.0 45 0 -0.40955608333018
4.5 45 0 -0.161389038662552
5.0 45 0 -0.0642589503841524
5.5 45 0 -0.0233680355212775
6.0 45 0 -0.00492940858391285
7.0 45 0 0.00838024344040317
8.0 45 0 0.0120599203756928
9.0 45 0 0.0132544087126699
10.0 45 0 0.0136941207038744
12.0 45 0 0.0139522901343441
15.0 45 0 0.0140184803923012
20.0 45 0 0.0140307161669935
30.0 45 0 0.014032055280086
3.0 60 0 -2.83531831711097
3.5 60 0 -1.08278510237091
4.0 60 0 -0.409526072317504
4.5 60 0 -0.161425934141675
5.0 60 0 -0.0642959344173443
5.5 60 0 -0.0233940156501607
6.0 60 0 -0.0049459728665231
7.0 60 0 0.00837392370991206
8.0 60 0 0.0120574531734294
9.0 60 0 0.0132533884387107
10.0 60 0 0.0136936717425301
12.0 60 0 0.0139521870351204
15.0 60 0 0.0140184643734991
20.0 60 0 0.0140307148030524
30.0 60 0 0.0140321110067779
3.0 75 0 -2.83941304456253
3.5 75 0 -1.08489649911684
4.0 75 0 -0.410573622751669
4.5 75 0 -0.161941534472767
5.0 75 0 -0.064552434504091
5.5 75 0 -0.0235243484412135
6.0 75 0 -0.00501397281604542
7.0 75 0 0.00835374985425614
8.0 75 0 0.0120507589056948
9.0 75 0 0.0132509306922227
10.0 75 0 0.0136926860652801
12.0 75 0 0.0139519897311931
15.0 75 0 0.0140184376331726
20.0 75 0 0.0140307128168368
30.0 75 0 0.0140320550144463
3.0 90 0 -2.86705301493885
3.5 90 0 -1.0986193365992
4.0 90 0 -0.416777491000495
4.5 90 0 -0.164657949506422
5.0 90 0 -0.0657482165593005
5.5 90 0 -0.0240643303451968
6.0 90 0 -0.00526651349733112
7.0 90 0 0.00829171916198428
8.0 90 0 0.0120330772298667
9.0 90 0 0.0132451861600256
10.0 90 0 0.0136906001434768
12.0 90 0 0.0139516303540918
15.0 90 0 0.0140183956783708
20.0 90 0 0.0140307101249215
30.0 90 0 0.0140321109000112
3.0 105 0 -3.18565797392038
3.5 105 0 -1.24932517709804
4.0 105 0 -0.474080931822314
4.5 105 0 -0.184846758644677
5.0 105 0 -0.0729070732716744
5.5 105 0 -0.026720250932381
6.0 105 0 -0.00631239685408435
7.0 105 0 0.00809672493896717
8.0 105 0 0.0119877766706663
9.0 105 0 0.0132325775947577
10.0 105 0 0.0136865386013909
12.0 105 0 0.0139510409877171
15.0 105 0 0.0140183370972828
20.0 105 0 0.0140307068873049
30.0 105 0 0.0140320548955228
3.0 120 0 -7.88715070883716
3.5 120 0 -4.53215835771677
4.0 120 0 -1.4387042703123
4.5 120 0 -0.404263569288193
5.0 120 0 -0.124825442482174
5.5 120 0 -0.0405598937206417
6.0 120 0 -0.0105021075832302
7.0 120 0 0.00756171998114245
8.0 120 0 0.0118911779786637
9.0 120 0 0.0132100482886214
10.0 120 0 0.0136801636761949
12.0 120 0 0.013950264963961
15.0 120 0 0.0140182710145008
20.0 120 0 0.0140307036980109
30.0 120 0 0.01403211078296
3.0 135 0 1078976.25780129
3.5 135 0 12989.7614614875
4.0 135 0 7.89370321303616
4.5 135 0 -2.23165311813506
5.0 135 0 -0.379700384608369
5.5 135 0 -0.0851340036562768
6.0 135 0 -0.0204469919366111
7.0 135 0 0.0067064276152843
8.0 135 0 0.0117694517469521
9.0 135 0 0.0131857631354099
10.0 135 0 0.0136740030449202
12.0 135 0 0.0139496138562416
15.0 135 0 0.0140182217545277
20.0 135 0 0.0140307015452827
30.0 135 0 0.0140320548070177
3.0 150 0 250060700.635196
3.5 150 0 167213.001825724
4.0 150 0 57.2534379461186
4.5 150 0 -2.87245484853625
5.0 150 0 -0.454309632305524
5.5 150 0 -0.0956353504089514
6.0 150 0 -0.0224472541808966
7.0 150 0 0.00656540404980529
8.0 150 0 0.0117515542260901
9.0 150 0 0.013182443187126
10.0 150 0 0.0136732017946245
12.0 150 0 0.0139495343944287
15.0 150 0 0.0140182160594573
20.0 150 0 0.0140307013085919
30.0 150 0 0.0140321107453897
3.0 165 0 10.8827597926129
3.5 165 0 -6.1289022690032
4.0 165 0 -2.40868525527881
4.5 165 0 -0.581546414699064
5.0 165 0 -0.157445984960232
5.5 165 0 -0.0476175202464969
6.0 165 0 -0.012314575263583
7.0 165 0 0.00737819533628774
8.0 165 0 0.0118626662367156
9.0 165 0 0.0132040502696336
10.0 165 0 0.0136785882176451
12.0 165 0 0.0139500913925211
15.0 165 0 0.0140182574849653
20.0 165 0 0.0140307030967118
30.0 165 0 0.0140320548310639
3.0 175 0 -4.66414026179237
3.5 175 0 -1.9417384644286
4.0 175 0 -0.691672316423994
4.5 175 0 -0.244657822094289
5.0 175 0 -0.0896391197398233
5.5 175 0 -0.0317787125565895
6.0 175 0 -0.00799149669910747
7.0 175 0 0.00785512027678405
8.0 175 0 0.0119409550880421
9.0 175 0 0.0132211504756094
10.0 175 0 0.0136832033621682
12.0 175 0 0.0139506189819259
15.0 175 0 0.014018300063064
20.0 175 0 0.01403070506098
30.0 175 0 0.0140321108052825
3.0 5 30 51250.8032044977
3.5 5 30 -0.561317446339516
4.0 5 30 -0.52323919774064
4.5 5 30 -0.172130520895008
5.0 5 30 -0.0658597593231377
5.5 5 30 -0.0236928249244352
6.0 5 30 -0.00500902222906354
7.0 5 30 0.00837454038317385
8.0 5 30 0.0120600690687978
9.0 5 30 0.0132548562232347
10.0 5 30 0.0136944079273134
12.0 5 30 0.0139523795924961
15.0 5 30 0.0140184975306592
20.0 5 30 0.0140307179228546
30.0 5 30 0.0140321112208688
3.0 15 30 0.43660179767147
3.5 15 30 -1.41448554298732
4.0 15 30 -0.445943680381917
4.5 15 30 -0.166292632940141
5.0 15 30 -0.0651487516485004
5.5 15 30 -0.0235685401832628
6.0 15 30 -0.00498104841382854
7.0 15 30 0.00837678381075831
8.0 15 30 0.0120602857353643
9.0 15 30 0.0132548545555683
10.0 15 30 0.0136943882128804
12.0 15 30 0.0139523705421162
15.0 15 30 0.0140184955143898
20.0 15 30 0.0140307176917953
30.0 15 30 0.0140320552789884
3.0 30 30 -2.88358439299715
3.5 30 30 -1.09561706572902
4.0 30 30 -0.4123579574386
4.5 30 30 -0.162034307182614
5.0 30 30 -0.0644183745036108
5.5 30 30 -0.0234091564407184
6.0 30 30 -0.00493954836184983
7.0 30 30 0.00838064525496792
8.0 30 30 0.0120606503311856
9.0 30 30 0.0132548269258123
10.0 30 30 0.0136943363934599
12.0 30 30 0.0139523489455034
15.0 30 30 0.0140184908970798
20.0 30 30 0.0140307171851857
30.0 30 30 0.0140321112214767
3.0 45 30 -2.83656577552156
3.5 45 30 -1.08308450971703
4.0 45 30 -0.409528851983096
4.5 45 30 -0.161374470704044
5.0 45 30 -0.0642509840450007
5.5 45 30 -0.0233635729575695
6.0 45 30 -0.0049268463721557
7.0 45 30 0.00838115109393008
8.0 45 30 0.0120602717830162
9.0 45 30 0.0132545559156894
10.0 45 30 0.0136941867694509
12.0 45 30 0.013952305956464
15.0 45 30 0.0140184829862037
20.0 45 30 0.014030716402096
30.0 45 30 0.014032055280086
3.0 60 30 -2.83491541802236
3.5 60 30 -1.08257696243185
4.0 60 30 -0.409419843139368
4.5 60 30 -0.161371376889809
5.0 60 30 -0.064267438439958
5.5 60 30 -0.0233787927972172
6.0 60 30 -0.00493763359060249
7.0 60 30 0.00837662804174136
8.0 60 30 0.0120584211863132
9.0 60 30 0.0132537671426711
10.0 60 30 0.0136938319250693
12.0 60 30 0.0139522218739181
15.0 60 30 0.0140184695169972
20.0 60 30 0.0140307152197146
30.0 60 30 0.014032111222808
3.0 75 30 -2.83729546612269
3.5 75 30 -1.0838208137334
4.0 75 30 -0.410051560273958
4.5 75 30 -0.161690898924938
5.0 75 30 -0.0644308888583522
5.5 75 30 -0.0234641065639555
6.0 75 30 -0.0049832764556899
7.0 75 30 0.00836247670760847
8.0 75 30 0.0120535514210738
9.0 75 30 0.0132519249188328
10.0 75 30 0.0136930745525065
12.0 75 30 0.0139520643544371
15.0 75 30 0.0140184473169978
20.0 75 30 0.0140307135044401
30.0 75 30 0.0140320550310766
3.0 90 30 -2.85049638245347
3.5 90 30 -1.09045184815598
4.0 90 30 -0.413159070617073
4.5 90 30 -0.163116146749685
5.0 90 30 -0.0650894512784056
5.5 90 30 -0.0237756039582553
6.0 90 30 -0.00513528083552331
7.0 90 30 0.00832235092962774
8.0 90 30 0.0120414461959127
9.0 90 30 0.0132478119600869
10.0 90 30 0.0136915265978061
12.0 90 30 0.0139517831108931
15.0 90 30 0.0140184127419915
20.0 90 30 0.0140307111732066
30.0 90 30 0.0140321109221014
3.0 105 30 -2.95059627414038
3.5 105 30 -1.13889193130229
4.0 105 30 -0.433283557730261
4.5 105 30 -0.17103011497405
5.0 105 30 -0.0682120446894352
5.5 105 30 -0.0250490541945006
6.0 105 30 -0.005678972222266
7.0 105 30 0.00820740573876088
8.0 105 30 0.0120122214652424
9.0 105 30 0.0132391185872601
10.0 105 30 0.0136885812545853
12.0 105 30 0.0139513243541426
15.0 105 30 0.0140183640958405
20.0 105 30 0.0140307083225488
30.0 105 30 0.014032054922076
3.0 120 30 -4.15547525549073
3.5 120 30 -1.69998607146452
4.0 120 30 -0.619530560542176
4.5 120 30 -0.226291790278377
5.0 120 30 -0.0848760823274124
5.5 120 30 -0.0304305167572021
6.0 120 30 -0.00756780975879583
7.0 120 30 0.00791129690307965
8.0 120 30 0.0119512482014101
9.0 120 30 0.0132235639187091
10.0 120 30 0.0136838869949732
12.0 120 30 0.0139507019067341
15.0 120 30 0.0140183070464225
20.0 120 30 0.0140307053899853
30.0 120 30 0.0140321108111106
3.0 135 30 3.78597720204512
3.5 135 30 -6.14985596614756
4.0 135 30 -2.23239748553935
4.5 135 30 -0.550327860374247
5.0 135 30 -0.152007527366052
5.5 135 30 -0.0464906724795667
6.0 135 30 -0.0120342796100677
7.0 135 30 0.00740541824478689
8.0 135 30 0.0118667899387918
9.0 135 30 0.0132049031051524
10.0 135 30 0.0136788093897204
12.0 135 30 0.013950115284104
15.0 135 30 0.0140182592999876
20.0 135 30 0.0140307031737931
30.0 135 30 0.0140321107744248
3.0 150 30 425.950336104537
3.5 150 30 19.6006296173891
4.0 150 30 -4.21469714518071
4.5 150 30 -0.910054233361942
5.0 150 30 -0.209646337520786
5.5 150 30 -0.0576999204701681
6.0 150 30 -0.0147021819567326
7.0 150 30 0.00715989635429448
8.0 150 30 0.0118306932018635
9.0 150 30 0.0131975694186927
10.0 150 30 0.0136769278222588
12.0 150 30 0.0139499138421458
15.0 150 30 0.0140182439214816
20.0 150 30 0.0140307024980352
30.0 150 30 0.0140321107636862
3.0 165 30 -7.76042689578883
3.5 165 30 -4.7392880124656
4.0 165 30 -1.50542413884008
4.5 165 30 -0.417092503979059
5.0 165 30 -0.127351957421001
5.5 165 30 -0.0411352414149672
6.0 165 30 -0.0106553673170226
7.0 165 30 0.00754547815668513
8.0 165 30 0.0118885917646131
9.0 165 30 0.0132094972306939
10.0 165 30 0.0136800182290776
12.0 165 30 0.0139502490540754
15.0 165 30 0.0140182698245495
20.0 165 30 0.0140307036513893
30.0 165 30 0.0140320548399617
3.0 175 30 -4.40108775923115
3.5 175 30 -1.81593044352892
4.0 175 30 -0.654445598811195
4.5 175 30 -0.235306174660205
5.0 175 30 -0.0872440813758901
5.5 175 30 -0.0311077168933462
6.0 175 30 -0.00778232515079328
7.0 175 30 0.00788254549458502
8.0 175 30 0.0119459461505989
9.0 175 30 0.0132223160758291
10.0 175 30 0.0136835328490498
12.0 175 30 0.0139506589417951
15.0 175 30 0.0140183034487871
20.0 175 30 0.0140307052235544
30.0 175 30 0.0140321108080377
3.0 5 45 51250.8032065112
3.5 5 45 -0.561316382158588
4.0 5 45 -0.523238617223551
4.5 5 45 -0.172130194279839
5.0 5 45 -0.0658595700990375
5.5 5 45 -0.0236927122589059
6.0 5 45 -0.00500895342574705
7.0 5 45 0.00837456785833009
8.0 5 45 0.0120600809514575
9.0 5 45 0.0132548617244897
10.0 5 45 0.0136944106276702
12.0 5 45 0.0139523803450353
15.0 5 45 0.01401849767745
20.0 5 45 0.0140307179390688
30.0 5 45 0.0140321112208688
3.0 15 45 0.436609865102151
3.5 15 45 -1.41448128617597
4.0 15 45 -0.445941369132783
4.5 15 45 -0.166291340997751
5.0 15 45 -0.0651480087700804
5.5 15 45 -0.0235681014018873
6.0 15 45 -0.00498078264414079
7.0 15 45 0.00837688823711173
8.0 15 45 0.0120603302147134
9.0 15 45 0.0132548748609019
10.0 15 45 0.0136943980534423
12.0 15 45 0.0139523732246187
15.0 15 45 0.0140184960241922
20.0 15 45 0.0140307177464109
30.0 15 45 0.0140320552789884
3.0 30 45 -2.88355574880829
3.5 30 45 -1.09560200571089
4.0 30 45 -0.412349865316348
4.5 30 45 -0.162029848544365
5.0 30 45 -0.0644158529064258
5.5 30 45 -0.0234076930489791
6.0 30 45 -0.00493867771096628
7.0 30 45 0.00838097557119592
8.0 30 45 0.0120607864980548
9.0 30 45 0.01325488726113
10.0 30 45 0.0136943648571459
12.0 30 45 0.0139523563557892
15.0 30 45 0.0140184922320983
20.0 30 45 0.0140307173196501
30.0 30 45 0.0140321112214767
3.0 45 45 -2.8364737333922
3.5 45 45 -1.08303638508881
4.0 45 45 -0.409503407616364
4.5 45 45 -0.161360759150146
5.0 45 45 -0.0642434236839842
5.5 45 45 -0.0233593009764693
6.0 45 45 -0.00492437222790479
7.0 45 45 0.00838204220605873
8.0 45 45 0.0120606220114411
9.0 45 45 0.0132547045952102
10.0 45 45 0.0136942542867138
12.0 45 45 0.0139523224443945
15.0 45 45 0.0140184857486408
20.0 45 45 0.0140307166585428
30.0 45 45 0.014032055280086
3.0 60 45 -2.83458772289534
3.5 60 45 -1.08240709169691
4.0 60 45 -0.409332263769141
4.5 60 45 -0.161325776390587
5.0 60 45 -0.0642432521493155
5.5 60 45 -0.0233656665375358
6.0 60 45 -0.00493033023923766
7.0 60 45 0.00837906610383273
8.0 60 45 0.0120593164059193
9.0 60 45 0.0132541251573645
10.0 60 45 0.0136939862491064
12.0 60 45 0.0139522564764072
15.0 60 45 0.0140184747953817
20.0 60 45 0.0140307156623446
30.0 60 45 0.014032111222808
3.0 75 45 -2.83586465118001
3.5 75 45 -1.08308919311788
4.0 75 45 -0.409689384181094
4.5 75 45 -0.161512370856706
5.0 75 45 -0.0643417778519346
5.5 75 45 -0.023418645414681
6.0 75 45 -0.00495946137184643
7.0 75 45 0.00836959260141322
8.0 75 45 0.0120559256084416
9.0 75 45 0.0132528000667709
10.0 75 45 0.0136934265393122
12.0 75 45 0.0139521350620508
15.0 75 45 0.0140184569227277
20.0 75 45 0.0140307142186606
30.0 75 45 0.0140321109911862
3.0 90 45 -2.84207145487236
3.5 90 45 -1.08624057614541
4.0 90 45 -0.411213743009801
4.5 90 45 -0.16224100448297
5.0 90 45 -0.0646936020854973
5.5 90 45 -0.0235923602731876
6.0 90 45 -0.00504770370716721
7.0 90 45 0.00834461230894503
8.0 90 45 0.0120479503042111
9.0 90 45 0.0132499634314655
10.0 90 45 0.0136923183913992
12.0 90 45 0.0139519220478931
15.0 90 45 0.0140184292233286
20.0 90 45 0.0140307122452549
30.0 90 45 0.0140320550039054
3.0 105 45 -2.87600929682193
3.5 105 45 -1.10299844364282
4.0 105 45 -0.418661383076779
4.5 105 45 -0.165430599103683
5.0 105 45 -0.0660654268945823
5.5 105 45 -0.0241981579176537
6.0 105 45 -0.00532525524436327
7.0 105 45 0.00827879551496572
8.0 105 45 0.0120297075404556
9.0 105 45 0.0132441675357001
10.0 105 45 0.0136902514289139
12.0 105 45 0.0139515754369702
15.0 105 45 0.0140183898256787
20.0 105 45 0.0140307097825905
30.0 105 45 0.0140321108927287
3.0 120 45 -3.12659836153294
3.5 120 45 -1.22178251452385
4.0 120 45 -0.464276084047844
4.5 120 45 -0.181681773088405
5.0 120 45 -0.0718817168459733
5.5 120 45 -0.0263705896665163
6.0 120 45 -0.00618465958379972
7.0 120 45 0.00811780492450411
8.0 120 45 0.0119922486259826
9.0 120 45 0.0132337404026541
10.0 120 45 0.0136868942980891
12.0 120 45 0.0139510890610199
15.0 120 45 0.014018341595656
20.0 120 45 0.0140307071249211
30.0 120 45 0.0140321108416653
3.0 135 45 -4.99304820241577
3.5 135 45 -2.10206173228727
4.0 135 45 -0.738339994661047
4.5 135 45 -0.256058786820026
5.0 135 45 -0.0924844079721705
5.5 135 45 -0.0325593982126814
6.0 135 45 -0.00823095236366976
7.0 135 45 0.00782441692933093
8.0 135 45 0.0119354438885785
9.0 135 45 0.0132198745487915
10.0 135 45 0.0136828446368741
12.0 135 45 0.0139505756742974
15.0 135 45 0.0140182963846811
20.0 135 45 0.014030704881486
30.0 135 45 0.0140320548603483
3.0 150 45 -7.90607987447195
3.5 150 45 -4.26320137110412
4.0 150 45 -1.35549656213444
4.5 150 45 -0.388052315494391
5.0 150 45 -0.121584932601111
5.5 150 45 -0.0398132870597414
6.0 150 45 -0.0103014499919861
7.0 150 45 0.00758326673802924
8.0 150 45 0.0118946480018291
9.0 150 45 0.0132107970413245
10.0 150 45 0.0136803644023958
12.0 150 45 0.0139502878821473
15.0 150 45 0.0140182728983362
20.0 150 45 0.0140307037899642
30.0 150 45 0.0140321107842745
3.0 165 45 -6.62483606827167
3.5 165 45 -2.9906482934407
4.0 165 45 -0.989261823580978
4.5 165 45 -0.312986983374097
5.0 165 45 -0.105749284206116
5.5 165 45 -0.0360071019672737
6.0 165 45 -0.00924562350060203
7.0 165 45 0.00770144629769217
8.0 165 45 0.0119141428450352
9.0 165 45 0.0132150621716793
10.0 165 45 0.0136815160300408
12.0 165 45 0.0139504195217788
15.0 165 45 0.0140182835203034
20.0 165 45 0.0140307042804658
30.0 165 45 0.0140320548502347
3.0 175 45 -4.1434722261533
3.5 175 45 -1.69435139855562
4.0 175 45 -0.617815993510746
4.5 175 45 -0.225842109414538
5.0 175 45 -0.0847561535507608
5.5 175 45 -0.0303957541491426
6.0 175 45 -0.00755665971721629
7.0 175 45 0.00791283094125412
8.0 175 45 0.0119515407408238
9.0 175 45 0.0132236359463162
10.0 175 45 0.0136839086557755
12.0 175 45 0.0139507049554331
15.0 175 45 0.0140183073790975
20.0 175 45 0.0140307054135747
30.0 175 45 0.0140321108112767
3.0 5 60 51250.8032090678
3.5 5 60 -0.561315030822722
4.0 5 60 -0.523237879770238
4.5 5 60 -0.172129779140199
5.0 5 60 -0.0658593294355439
5.5 5 60 -0.0236925688686207
6.0 5 60 -0.00500886579833288
7.0 5 60 0.00837460289866241
8.0 5 60 0.012060096125701
9.0 5 60 0.0132548687580809
10.0 5 60 0.0136944140839836
12.0 5 60 0.0139523813100808
15.0 5 60 0.0140184978661177
20.0 5 60 0.0140307179599645
30.0 5 60 0.0140321112208688
3.0 15 60 0.436619553789758
3.5 15 60 -1.41447617160053
4.0 15 60 -0.445938588535908
4.5 15 60 -0.166289783888949
5.0 15 60 -0.0651471115485419
5.5 15 60 -0.0235675702777704
6.0 15 60 -0.00498046021114032
7.0 15 60 0.00837701549566807
8.0 15 60 0.0120603846478843
9.0 15 60 0.01325489980654
10.0 15 60 0.0136944101853876
12.0 15 60 0.0139523765518372
15.0 15 60 0.0140184966610407
20.0 15 60 0.0140307178152081
30.0 15 60 0.0140320552789884
3.0 30 60 -2.88352445399721
3.5 30 60 -1.09558553435716
4.0 30 60 -0.412340987110521
4.5 30 60 -0.162024935602913
5.0 30 60 -0.064413060548372
5.5 30 60 -0.023406063976362
6.0 30 60 -0.00493770330108315
7.0 30 60 0.00838134912266272
8.0 30 60 0.0120609419859522
9.0 30 60 0.013254956765979
10.0 30 60 0.0136943979069641
12.0 30 60 0.0139523650765677
15.0 30 60 0.0140184938278073
20.0 30 60 0.0140307174832588
30.0 30 60 0.0140321112214767
3.0 45 60 -2.83638398301575
3.5 45 60 -1.08298936288379
4.0 45 60 -0.409478397735627
4.5 45 60 -0.161347171155595
5.0 45 60 -0.0642358613564321
5.5 45 60 -0.023354985903607
6.0 45 60 -0.00492184845409931
7.0 45 60 0.00838296853549424
8.0 45 60 0.0120609924168472
9.0 45 60 0.0132548642823098
10.0 45 60 0.0136943277997872
12.0 45 60 0.0139523408105164
15.0 45 60 0.0140184889057695
20.0 45 60 0.0140307169601322
30.0 45 60 0.014032055280086
3.0 60 60 -2.83431066542095
3.5 60 60 -1.08226294597318
4.0 60 60 -0.409257146600005
4.5 60 60 -0.161286089846141
5.0 60 60 -0.064221854056548
5.5 60 60 -0.0233538543393707
6.0 60 60 -0.00492364640282246
7.0 60 60 0.00838136927130131
8.0 60 60 0.0120601862903755
9.0 60 60 0.01325448170903
10.0 60 60 0.0136941432619159
12.0 60 60 0.0139522929275939
15.0 60 60 0.0140184805703954
20.0 60 60 0.0140307161667237
30.0 60 60 0.014032111222808
3.0 75 60 -2.83486231744384
3.5 75 60 -1.08257330535414
4.0 75 60 -0.409428972931729
4.5 75 60 -0.161380597895836
5.0 75 60 -0.0642740736558537
5.5 75 60 -0.0233830775935257
6.0 75 60 -0.0049402919209228
7.0 75 60 0.00837562550452133
8.0 75 60 0.0120580299438592
9.0 75 60 0.0132536054173369
10.0 75 60 0.0136937608842959
12.0 75 60 0.0139522056618026
15.0 75 60 0.014018467026655
20.0 75 60 0.0140307150112186
30.0 75 60 0.0140320550703354
3.0 90 60 -2.83753126069283
3.5 90 60 -1.08394348169645
4.0 90 60 -0.410112344510636
4.5 90 60 -0.161720619041859
5.0 90 60 -0.0644455332373447
5.5 90 60 -0.0234714652904043
6.0 90 60 -0.00498707049155679
7.0 90 60 0.00836137790430964
8.0 90 60 0.0120531950810297
9.0 90 60 0.0132517968147127
10.0 90 60 0.0136930241407883
12.0 90 60 0.0139520545822473
15.0 90 60 0.0140184460402172
20.0 90 60 0.0140307134134311
30.0 90 60 0.0140321109735985
3.0 105 60 -2.84867380498321
3.5 105 60 -1.08954523869408
4.0 105 60 -0.412746052525049
4.5 105 60 -0.162933651583084
5.0 105 60 -0.0650084522685629
5.5 105 60 -0.0237387848325465
6.0 105 60 -0.00511797504163578
7.0 105 60 0.00832662875484512
8.0 105 60 0.0120426698650359
9.0 105 60 0.0132482104102514
10.0 105 60 0.0136916715410681
12.0 105 60 0.013951808168601
15.0 105 60 0.0140184156837948
20.0 105 60 0.0140307113637938
30.0 105 60 0.0140320549838876
3.0 120 60 -2.90535835393311
3.5 120 60 -1.11722125921913
4.0 120 60 -0.424600157318235
4.5 120 60 -0.167775759657777
5.0 120 60 -0.0669920177819903
5.5 120 60 -0.0245755052798525
6.0 120 60 -0.0054858012025162
7.0 120 60 0.00824520118954578
8.0 120 60 0.0120212650623456
9.0 120 60 0.0132416841688266
10.0 120 60 0.0136894185792442
12.0 120 60 0.0139514479105004
15.0 120 60 0.0140183765577994
20.0 120 60 0.0140307090212936
30.0 120 60 0.0140321108773856
3.0 135 60 -3.21774826940178
3.5 135 60 -1.26425691327377
4.0 135 60 -0.479321191745948
4.5 135 60 -0.18650781881914
5.0 135 60 -0.0734358012921157
5.5 135 60 -0.0268977657404665
6.0 135 60 -0.00637637865417323
7.0 135 60 0.00808639777081677
8.0 135 60 0.011985626219537
9.0 135 60 0.0132320280452552
10.0 135 60 0.0136863733888847
12.0 135 60 0.0139510194645367
15.0 135 60 0.0140183352028479
20.0 135 60 0.0140307067977713
30.0 135 60 0.0140321108356393
3.0 150 60 -4.28521928156148
3.5 150 60 -1.76107165344908
4.0 150 60 -0.6380069277035
4.5 150 60 -0.231093717468735
5.0 150 60 -0.0861452021494881
5.5 150 60 -0.0307952401703696
6.0 150 60 -0.00768377992575319
7.0 150 60 0.00789567468390896
8.0 150 60 0.011948359233189
9.0 150 60 0.0132228831113431
10.0 150 60 0.0136836937362494
12.0 150 60 0.0139506785065056
15.0 150 60 0.0140183051007748
20.0 150 60 0.0140307053015895
30.0 150 60 0.0140321108094157
3.0 165 60 -4.6716557468175
3.5 165 60 -1.94536166985456
4.0 165 60 -0.692735774164037
4.5 165 60 -0.244921429696509
5.0 165 60 -0.0897057997193078
5.5 165 60 -0.0317972079442088
6.0 165 60 -0.00799721816410546
7.0 165 60 0.00785437765005279
8.0 165 60 0.0119408206234837
9.0 165 60 0.0132211191168442
10.0 165 60 0.013683194483193
12.0 165 60 0.0139506178931712
15.0 165 60 0.0140182999678542
20.0 165 60 0.0140307050560501
30.0 165 60 0.0140320548631808
3.0 175 60 -3.87849086540693
3.5 175 60 -1.5705646829184
4.0 175 60 -0.57967176600166
4.5 175 60 -0.215656563150879
5.0 175 60 -0.0819953375889379
5.5 175 60 -0.0295856438479294
6.0 175 60 -0.00729474712408788
7.0 175 60 0.00794897909598436
8.0 175 60 0.0119583404197595
9.0 175 60 0.0132252600876217
10.0 175 60 0.0136843752151603
12.0 175 60 0.0139507627534277
15.0 175 60 0.0140183123655206
20.0 175 60 0.014030705656708
30.0 175 60 0.0140321108154508
3.0 5 90 51250.8032149391
3.5 5 90 -0.56131192624301
4.0 5 90 -0.523236184267202
4.5 5 90 -0.172128823688144
5.0 5 90 -0.065858774877665
5.5 5 90 -0.0236922380312365
6.0 5 90 -0.0050086633534898
7.0 5 90 0.00837468406339689
8.0 5 90 0.012060131361088
9.0 5 90 0.0132548851277792
10.0 5 90 0.0136944221448724
12.0 5 90 0.0139523835689525
15.0 5 90 0.0140184983096358
20.0 5 90 0.0140307180093369
30.0 5 90 0.0140321112208688
3.0 15 90 0.436639634526459
3.5 15 90 -1.41446556252194
4.0 15 90 -0.445932807188072
4.5 15 90 -0.166286535789298
5.0 15 90 -0.0651452328727731
5.5 15 90 -0.0235664536686364
6.0 15 90 -0.00497977953936515
7.0 15 90 0.00837728634473087
8.0 15 90 0.0120605013957806
9.0 15 90 0.0132549536908807
10.0 15 90 0.0136944365613397
12.0 15 90 0.0139523838669597
15.0 15 90 0.014018498079853
20.0 15 90 0.014030717970888
30.0 15 90 0.0140320552789884
3.0 30 90 -2.8834694359212
3.5 30 90 -1.09555652420684
4.0 30 90 -0.412325267893012
4.5 30 90 -0.162016173461488
5.0 30 90 -0.0644080384412711
5.5 30 90 -0.0234031077794553
6.0 30 90 -0.00493591893085828
7.0 30 90 0.0083820455066399
8.0 30 90 0.012061236740168
9.0 30 90 0.0132550905559732
10.0 30 90 0.013694462411999
12.0 30 90 0.0139523825066751
15.0 30 90 0.0140184971068957
20.0 30 90 0.0140307178304823
30.0 30 90 0.0140321112214767
3.0 45 90 -2.8362525817816
3.5 45 90 -1.08292030014037
4.0 45 90 -0.409441324237459
4.5 45 90 -0.161326770773786
5.0 45 90 -0.0642243406602318
5.5 45 90 -0.0233483099731752
6.0 45 90 -0.0049178824440688
7.0 45 90 0.00838446906800502
8.0 45 90 0.0120616095010673
9.0 45 90 0.0132551371511603
10.0 45 90 0.0136944563041077
12.0 45 90 0.0139523741741776
15.0 45 90 0.0140184948996239
20.0 45 90 0.0140307175621725
30.0 45 90 0.014032055280086
3.0 60 90 -2.83398190538623
3.5 60 90 -1.08209101196813
4.0 60 90 -0.409166178118467
4.5 60 90 -0.161237018243424
5.0 60 90 -0.064194762796772
5.5 60 90 -0.0233385248227878
6.0 60 90 -0.00491475473472304
7.0 60 90 0.00838458205289126
8.0 60 90 0.0120614530968662
9.0 60 90 0.0132550211978822
10.0 60 90 0.0136943889879205
12.0 60 90 0.0139523532621253
15.0 60 90 0.0140184907476043
20.0 60 90 0.0140307171194007
30.0 60 90 0.014032111222808
3.0 75 90 -2.83393576641277
3.5 75 90 -1.08209240723949
4.0 75 90 -0.409180128686692
4.5 75 90 -0.161250365072517
5.0 75 90 -0.0642045860810712
5.5 75 90 -0.0233451242648763
6.0 75 90 -0.00491903653476272
7.0 75 90 0.00838281320812492
8.0 75 90 0.0120607012999713
9.0 75 90 0.0132546856180249
10.0 75 90 0.0136942311766851
12.0 75 90 0.0139523129158741
15.0 75 90 0.0140184837103964
20.0 75 90 0.0140307164416912
30.0 75 90 0.0140320552814283
3.0 90 90 -2.8344442909505
3.5 90 90 -1.08235995526765
4.0 90 90 -0.409320844465689
4.5 90 90 -0.161325247772219
5.0 90 90 -0.0642451859829627
5.5 90 90 -0.0233676322850779
6.0 90 90 -0.00493181494167265
7.0 90 90 0.00837838900027597
8.0 90 90 0.0120590250025555
9.0 90 90 0.0132539969611372
10.0 90 90 0.0136939273887894
12.0 90 90 0.0139522422113073
15.0 90 90 0.0140184724798979
20.0 90 90 0.0140307154581694
30.0 90 90 0.0140321112267054
3.0 105 90 -2.83605347672865
3.5 105 90 -1.08318917117766
4.0 105 90 -0.409740293934516
4.5 105 90 -0.16153805881854
5.0 105 90 -0.0643548516528827
5.5 105 90 -0.0234254243217593
6.0 105 90 -0.00496306098203674
7.0 105 90 0.00836849447442174
8.0 105 90 0.0120555538605669
9.0 105 90 0.0132526616309956
10.0 105 90 0.0136933704581298
12.0 105 90 0.0139521236988625
15.0 105 90 0.0140184553709819
20.0 105 90 0.0140307141032025
30.0 105 90 0.014032055048503
3.0 120 90 -2.84158664645227
3.5 120 90 -1.08599688811331
4.0 120 90 -0.411098475108314
4.5 120 90 -0.162187440727597
5.0 120 90 -0.0646684994847316
5.5 120 90 -0.0235803204717713
6.0 120 90 -0.00504175039459558
7.0 120 90 0.00834622212164812
8.0 120 90 0.0120484464735878
9.0 120 90 0.013250135329898
10.0 120 90 0.0136923842614546
12.0 120 90 0.0139519344099803
15.0 120 90 0.0140184308072137
20.0 120 90 0.0140307123579273
30.0 120 90 0.0140321109479453
3.0 135 90 -2.86356226443557
3.5 135 90 -1.09690629287268
4.0 135 90 -0.416030566470204
4.5 135 90 -0.164346112178765
5.0 135 90 -0.065617740202555
5.5 135 90 -0.0240082474733313
6.0 135 90 -0.00524145555753114
7.0 135 90 0.00829741453369828
8.0 135 90 0.0120346063251847
9.0 135 90 0.0132456609843625
10.0 135 90 0.0136907668296754
12.0 135 90 0.0139516578463734
15.0 135 90 0.0140183987928845
20.0 135 90 0.0140307103229016
30.0 135 90 0.0140320549614118
3.0 150 90 -2.9550635957213
3.5 150 90 -1.14101976076395
4.0 150 90 -0.434117747236624
4.5 150 90 -0.17133406690389
5.0 150 90 -0.0683227514953135
5.5 150 90 -0.0250908712240464
6.0 150 90 -0.00569560947732236
7.0 150 90 0.0082042915751559
8.0 150 90 0.0120115053946817
9.0 150 90 0.0132389230962056
10.0 150 90 0.0136885198882792
12.0 150 90 0.013951316022435
15.0 150 90 0.0140183633676153
20.0 150 90 0.0140307082920171
30.0 150 90 0.0140321108631246
3.0 165 90 -3.23791844586145
3.5 165 90 -1.27363242608751
4.0 165 90 -0.482587486037757
4.5 165 90 -0.187533633083374
5.0 165 90 -0.0737594905786069
5.5 165 90 -0.0270056459497641
6.0 165 90 -0.00641503467197316
7.0 165 90 0.00808020768807133
8.0 165 90 0.0119843425364462
9.0 165 90 0.0132317004713649
10.0 165 90 0.0136862748652672
12.0 165 90 0.0139510065710946
15.0 165 90 0.0140183340550746
20.0 165 90 0.0140307067423476
30.0 165 90 0.0140320548925002
3.0 175 90 -3.46243818682982
3.5 175 90 -1.37769161106472
4.0 175 90 -0.517816121205761
4.5 175 90 -0.198202825101826
5.0 175 90 -0.0770134196315349
5.5 175 90 -0.0280594580120964
6.0 175 90 -0.00678396308328401
7.0 175 90 0.00802307222920356
8.0 175 90 0.0119727422373731
9.0 175 90 0.0132287788824268
10.0 175 90 0.0136854027362843
12.0 175 90 0.0139508928513617
15.0 175 90 0.0140183238022128
20.0 175 90 0.0140307062233822
30.0 175 90 0.0140321108253137
3.0 5 120 51250.8032204149
3.5 5 120 -0.56130903033977
4.0 5 120 -0.523234601081884
4.5 5 120 -0.172127930239066
5.0 5 120 -0.0658582554380386
5.5 5 120 -0.0236919275889877
6.0 5 120 -0.00500847303963872
7.0 5 120 0.00837476064264639
8.0 5 120 0.0120601647206899
9.0 5 120 0.013254900675549
10.0 5 120 0.0136944298233947
12.0 5 120 0.0139523857316172
15.0 5 120 0.0140184987368338
20.0 5 120 0.0140307180572343
30.0 5 120 0.0140321112208688
3.0 15 120 0.436655899496783
3.5 15 120 -1.41445695993165
4.0 15 120 -0.445928104318261
4.5 15 120 -0.166283881904008
5.0 15 120 -0.0651436900131399
5.5 15 120 -0.0235655316266351
6.0 15 120 -0.00497921431694177
7.0 15 120 0.00837751376122143
8.0 15 120 0.0120606004560657
9.0 15 120 0.0132549998567046
10.0 15 120 0.013694459359988
12.0 15 120 0.0139523902877841
15.0 15 120 0.0140184993481078
20.0 15 120 0.0140307181130803
30.0 15 120 0.0140320552789884
3.0 30 120 -2.88343356909352
3.5 30 120 -1.09553756773992
4.0 30 120 -0.412314926220397
4.5 30 120 -0.162010354281706
5.0 30 120 -0.0644046666297422
5.5 30 120 -0.0234010998509274
6.0 30 120 -0.00493469249840272
7.0 30 120 0.00838253544560246
8.0 30 120 0.012061448718977
9.0 30 120 0.013255188735261
10.0 30 120 0.0136945106241323
12.0 30 120 0.0139523959529426
15.0 30 120 0.0140184997324508
20.0 30 120 0.0140307181208989
30.0 30 120 0.0140321112214767
3.0 45 120 -2.83618455052097
3.5 45 120 -1.08288440297655
4.0 45 120 -0.409421833357986
4.5 45 120 -0.161315875283576
5.0 45 120 -0.0642180752004884
5.5 45 120 -0.0233446088927147
6.0 45 120 -0.00491564040013087
7.0 45 120 0.00838535031955944
8.0 45 120 0.0120619850220804
9.0 45 120 0.0132553086630489
10.0 45 120 0.0136945394659895
12.0 45 120 0.0139523968672671
15.0 45 120 0.0140184992187452
20.0 45 120 0.0140307180258463
30.0 45 120 0.014032055280086
3.0 60 120 -2.83384961755694
3.5 60 120 -1.08202140272374
4.0 60 120 -0.409128685359021
4.5 60 120 -0.161216291008162
5.0 60 120 -0.0641829947376347
5.5 60 120 -0.0233316667353884
6.0 60 120 -0.00491065694062268
7.0 60 120 0.0083861500399145
8.0 60 120 0.0120621047444101
9.0 60 120 0.0132553121270781
10.0 60 120 0.0136945271882365
12.0 60 120 0.0139523896774953
15.0 60 120 0.0140184974030195
20.0 60 120 0.0140307178012797
30.0 60 120 0.014032111222808
3.0 75 120 -2.83365508520211
3.5 75 120 -1.08194534607623
4.0 75 120 -0.409101900030064
4.5 75 120 -0.161207852574271
5.0 75 120 -0.0641809172950923
5.5 75 120 -0.0233316122811125
6.0 75 120 -0.00491112905518418
7.0 75 120 0.00838571974437824
8.0 75 120 0.0120618654424474
9.0 75 120 0.0132551883812272
10.0 75 120 0.0136944630412295
12.0 75 120 0.0139523710447426
15.0 75 120 0.0140184937491376
20.0 75 120 0.0140307174065215
30.0 75 120 0.0140320552814283
3.0 90 120 -2.83377058741325
3.5 90 120 -1.08200924382972
4.0 90 120 -0.409137768593342
4.5 90 120 -0.161228286551405
5.0 90 120 -0.0641927536911002
5.5 90 120 -0.0233385953183674
6.0 90 120 -0.0049153289643699
7.0 90 120 0.00838410925377537
8.0 90 120 0.0120612001296457
9.0 90 120 0.013254894213388
10.0 90 120 0.0136943248487831
12.0 90 120 0.0139523354461199
15.0 90 120 0.0140184874357475
20.0 90 120 0.014030716783691
30.0 90 120 0.0140321112267054
3.0 105 120 -2.83417477074051
3.5 105 120 -1.08222061494723
4.0 105 120 -0.409248936633338
4.5 105 120 -0.161287690870615
5.0 105 120 -0.0642251806612597
5.5 105 120 -0.0233567223709006
6.0 105 120 -0.00492571403638578
7.0 105 120 0.00838044594187692
8.0 105 120 0.0120597871817822
9.0 105 120 0.0132543042427709
10.0 105 120 0.0136940607867132
12.0 105 120 0.0139522724725448
15.0 105 120 0.0140184771556492
20.0 105 120 0.0140307158557511
30.0 105 120 0.014032055284676
3.0 120 120 -2.83539729801673
3.5 120 120 -1.08285245561489
4.0 120 120 -0.409571668748144
4.5 120 120 -0.161453623747577
5.0 120 120 -0.0643119690206169
5.5 120 120 -0.0234031593989789
6.0 120 120 -0.0049511972331209
7.0 120 120 0.00837215110951998
8.0 120 120 0.0120568067526105
9.0 120 120 0.0132531339640681
10.0 120 120 0.0136935640847619
12.0 120 120 0.0139521637860741
15.0 120 120 0.0140184609933353
20.0 120 120 0.0140307145354569
30.0 120 120 0.0140321110015314
3.0 135 120 -2.83976985514313
3.5 135 120 -1.08507990461851
4.0 135 120 -0.410661988767455
4.5 135 120 -0.161983208520817
5.0 135 120 -0.0645721750307707
5.5 135 120 -0.0235338775493025
6.0 135 120 -0.00501869557321805
7.0 135 120 0.00835248071024466
8.0 135 120 0.0120503745777956
9.0 135 120 0.0132508009241637
10.0 135 120 0.0136926378670862
12.0 135 120 0.0139519813118004
15.0 135 120 0.014018436672468
20.0 135 120 0.0140307127601938
30.0 135 120 0.0140321109571446
3.0 150 120 -2.85919221402756
3.5 150 120 -1.09475557307782
4.0 150 120 -0.415084949447268
4.5 150 120 -0.163947214263311
5.0 150 120 -0.0654491227435261
5.5 150 120 -0.0239351133230019
6.0 150 120 -0.00520853541702474
7.0 150 120 0.00830497197110468
8.0 150 120 0.0120366443157281
9.0 150 120 0.0132462939668181
10.0 150 120 0.0136909884172983
12.0 150 120 0.0139516939893403
15.0 150 120 0.0140184027952515
20.0 150 120 0.014030710567597
30.0 150 120 0.0140321109084507
3.0 165 120 -2.96372383611626
3.5 165 120 -1.14513983787997
4.0 165 120 -0.435725969629382
4.5 165 120 -0.171917037363055
5.0 165 120 -0.0685341241203717
5.5 165 120 -0.0251704554002832
6.0 165 120 -0.00572722026346917
7.0 165 120 0.0081983650764232
8.0 165 120 0.0120101316481913
9.0 165 120 0.0132385427443646
10.0 165 120 0.0136883981295456
12.0 165 120 0.0139512985764279
15.0 165 120 0.0140183616630995
20.0 165 120 0.0140307082000637
30.0 165 120 0.0140320549193097
3.0 175 120 -3.23137958223014
3.5 175 120 -1.27059377023181
4.0 175 120 -0.481530788867183
4.5 175 120 -0.187202522518259
5.0 175 120 -0.0736552293871267
5.5 175 120 -0.0269709552692905
6.0 175 120 -0.00640261877454861
7.0 175 120 0.00808219413827249
8.0 175 120 0.0119847549137009
9.0 175 120 0.013231806014341
10.0 175 120 0.0136863067631092
12.0 175 120 0.0139510108086656
15.0 175 120 0.0140183344453163
20.0 175 120 0.0140307067626887
30.0 175 120 0.0140321108348822
3.0 5 135 51250.8032225742
3.5 5 135 -0.561307887964261
4.0 5 135 -0.523233976094563
4.5 5 135 -0.172127577180844
5.0 5 135 -0.0658580499350366
5.5 5 135 -0.0236918046170435
6.0 5 135 -0.00500839755623411
7.0 5 135 0.00837479109313553
8.0 5 135 0.0120601780175709
9.0 5 135 0.0132549068865986
10.0 5 135 0.0136944328970876
12.0 5 135 0.0139523866004045
15.0 5 135 0.0140184989091751
20.0 5 135 0.0140307180766546
30.0 5 135 0.0140321112208688
3.0 15 135 0.436661724610881
3.5 15 135 -1.41445387672368
4.0 15 135 -0.445926415168376
4.5 15 135 -0.166282925851758
5.0 15 135 -0.0651431322806193
5.5 15 135 -0.0235651970807538
6.0 15 135 -0.00497900845760952
7.0 15 135 0.00837759721331038
8.0 15 135 0.0120606370671352
9.0 15 135 0.0132550170318706
10.0 15 135 0.013694467893233
12.0 15 135 0.0139523927164252
15.0 15 135 0.0140184998338657
20.0 15 135 0.014030718168359
30.0 15 135 0.0140320552789884
3.0 30 135 -2.88342242855761
3.5 30 135 -1.09553167083407
4.0 30 135 -0.412311695148354
4.5 30 135 -0.162008525172174
5.0 30 135 -0.064403599353458
5.5 30 135 -0.0234004595169943
6.0 30 135 -0.00493429838198316
7.0 30 135 0.00838269529009932
8.0 30 135 0.0120615188760312
9.0 30 135 0.0132552216617752
10.0 30 135 0.0136945269896977
12.0 30 135 0.0139524006139913
15.0 30 135 0.0140185006655093
20.0 30 135 0.0140307182271895
30.0 30 135 0.0140321112214767
3.0 45 135 -2.83616623230484
3.5 45 135 -1.08287471420974
4.0 45 135 -0.40941653636602
4.5 45 135 -0.161312885867784
5.0 45 135 -0.0642163371007663
5.5 45 135 -0.0233435700579231
6.0 45 135 -0.0049150035104447
7.0 45 135 0.00838560662926866
8.0 45 135 0.0120620966922516
9.0 45 135 0.0132553607161686
10.0 45 135 0.0136945651768879
12.0 45 135 0.0139524041106873
15.0 45 135 0.0140185006500602
20.0 45 135 0.0140307181863995
30.0 45 135 0.014032055280086
3.0 60 135 -2.83381885307741
3.5 60 135 -1.08200515814571
4.0 60 135 -0.40911984707494
4.5 60 135 -0.161211336399856
5.0 60 135 -0.0641801363294337
5.5 60 135 -0.0233299724254838
6.0 60 135 -0.00490962697276753
7.0 60 135 0.0083865576429089
8.0 60 135 0.0120622795367986
9.0 60 135 0.0132553924207174
10.0 60 135 0.0136945663226449
12.0 60 135 0.0139524004508502
15.0 60 135 0.0140184994744227
20.0 60 135 0.014030718026254
30.0 60 135 0.014032111222808
3.0 75 135 -2.83359908006095
3.5 75 135 -1.08191585632983
4.0 75 135 -0.409085984988069
4.5 75 135 -0.161199030441641
5.0 75 135 -0.0641758930821108
5.5 75 135 -0.023328674912226
6.0 75 135 -0.004909368298995
7.0 75 135 0.00838639762899341
8.0 75 135 0.0120621487361963
9.0 75 135 0.0132553154812952
10.0 75 135 0.0136945236788427
12.0 75 135 0.013952387136673
15.0 75 135 0.0140184967133663
20.0 75 135 0.0140307177128235
30.0 75 135 0.0140321112234577
3.0 90 135 -2.83365624465892
3.5 90 135 -1.08194929631519
4.0 90 135 -0.40910582070088
4.5 90 135 -0.161210881549008
5.0 90 135 -0.0641830366439285
5.5 90 135 -0.0233330324088178
6.0 90 135 -0.00491206448585189
7.0 90 135 0.00838531522977559
8.0 90 135 0.0120616852399196
9.0 90 135 0.013255104478272
10.0 90 135 0.0136944221113878
12.0 90 135 0.0139523599431257
15.0 90 135 0.0140184916858261
20.0 90 135 0.0140307171939454
30.0 90 135 0.014032055284676
3.0 105 135 -2.83390570264556
3.5 105 135 -1.08208047165754
4.0 105 135 -0.409175668998726
4.5 105 135 -0.16124881044267
5.0 105 135 -0.0642041124808009
5.5 105 135 -0.023345031853896
6.0 105 135 -0.00491906484031729
7.0 105 135 0.00838275970175754
8.0 105 135 0.0120606687701483
9.0 105 135 0.0132546683908261
10.0 105 135 0.0136942222298058
12.0 105 135 0.01395231036931
15.0 105 135 0.0140184832332753
20.0 105 135 0.0140307163936326
30.0 105 135 0.0140321112267054
3.0 120 135 -2.83464844205276
3.5 120 135 -1.0824663115972
4.0 120 135 -0.409375671952443
4.5 120 135 -0.161353706694846
5.0 120 135 -0.0642602082539975
5.5 120 135 -0.0233757388634492
6.0 120 135 -0.00493629800403456
7.0 120 135 0.00837691073747795
8.0 120 135 0.0120584884906476
9.0 120 135 0.0132537846651723
10.0 120 135 0.0136938367458027
12.0 120 135 0.0139522222129349
15.0 120 135 0.0140184694852685
20.0 120 135 0.0140307152122947
30.0 120 135 0.0140321112267054
3.0 135 135 -2.83725129501904
3.5 135 135 -1.08380138101579
4.0 135 135 -0.410042729728106
4.5 135 135 -0.161686698146845
5.0 135 135 -0.0644287928197929
5.5 135 135 -0.0234630128522282
6.0 135 135 -0.00498268225384963
7.0 135 135 0.0083626713523657
8.0 135 135 0.0120536230185309
9.0 135 135 0.0132519538753669
10.0 135 135 0.013693087227469
12.0 135 135 0.0139520672946275
15.0 135 135 0.0140184477874363
20.0 135 135 0.0140307135464347
30.0 135 135 0.0140320550340619
3.0 150 135 -2.84901668790787
3.5 150 135 -1.08971603650287
4.0 150 135 -0.412823854192739
4.5 150 135 -0.162967968380775
5.0 150 135 -0.0650236262728088
5.5 150 135 -0.0237456411863251
6.0 150 135 -0.00512117104597628
7.0 150 135 0.00832585703198964
8.0 150 135 0.0120424560594045
9.0 150 135 0.0132481434935713
10.0 150 135 0.0136916483008491
12.0 150 135 0.0139518045691804
15.0 150 135 0.014018415338388
20.0 150 135 0.0140307113492717
30.0 150 135 0.0140321109251409
3.0 165 135 -2.92146159942267
3.5 165 135 -1.12496381070304
4.0 165 135 -0.427744607173967
4.5 165 135 -0.168974205139005
5.0 165 135 -0.0674487790979101
5.5 165 135 -0.0247554200035383
6.0 165 135 -0.0055601162928237
7.0 165 135 0.00823038203834812
8.0 165 135 0.012017673947366
9.0 165 135 0.0132406570539229
10.0 165 135 0.0136890817065005
12.0 165 135 0.0139513980354204
15.0 165 135 0.0140183715501865
20.0 165 135 0.0140307087457008
30.0 165 135 0.0140320549297403
3.0 175 135 -3.1669582540038
3.5 175 135 -1.24061375470852
4.0 175 135 -0.470999510274391
4.5 175 135 -0.183859985587141
5.0 175 135 -0.0725897473220513
5.5 175 135 -0.0266126840799528
6.0 175 135 -0.00627327187018918
7.0 175 135 0.00810315585039224
8.0 175 135 0.0119891433016351
9.0 175 135 0.0132329353574159
10.0 175 135 0.0136866492584646
12.0 175 135 0.0139510564332651
15.0 175 135 0.0140183386369972
20.0 175 135 0.0140307069784352
30.0 175 135 0.0140321108387618
3.0 5 150 51250.8032241901
3.5 5 150 -0.561307033027995
4.0 5 150 -0.523233508191946
4.5 5 150 -0.172127312725636
5.0 5 150 -0.0658578959137197
5.5 5 150 -0.0236917123930882
6.0 5 150 -0.00500834090995929
7.0 5 150 0.00837481397408611
8.0 5 150 0.0120601880212891
9.0 5 150 0.0132549115646985
10.0 5 150 0.0136944352145701
12.0 5 150 0.0139523872566342
15.0 5 150 0.0140184990396329
20.0 5 150 0.014030718091393
30.0 5 150 0.0140321112208688
3.0 15 150 0.436665880043113
3.5 15 150 -1.41445167647752
4.0 15 150 -0.445925208496235
4.5 15 150 -0.166282241889464
5.0 15 150 -0.0651427326055806
5.5 15 150 -0.0235649569101814
6.0 15 150 -0.00497886039721184
7.0 15 150 0.00837765745597804
8.0 15 150 0.0120606635888372
9.0 15 150 0.0132550295144158
10.0 15 150 0.0136944741135659
12.0 15 150 0.0139523944960496
15.0 15 150 0.0140185001920426
20.0 15 150 0.0140307182094247
30.0 15 150 0.0140320552789884
3.0 30 150 -2.88341499617663
3.5 30 150 -1.09552773402049
4.0 30 150 -0.412309533772764
4.5 30 150 -0.162007298231692
5.0 30 150 -0.0644028811393541
5.5 30 150 -0.0234000271251621
6.0 30 150 -0.00493403130878489
7.0 30 150 0.00838280437276227
8.0 30 150 0.0120615670749335
9.0 30 150 0.0132552444239173
10.0 30 150 0.0136945383680546
12.0 30 150 0.0139524038871629
15.0 30 150 0.0140185013286286
20.0 30 150 0.0140307183038201
30.0 30 150 0.0140321112214767
3.0 45 150 -2.83615475892565
3.5 45 150 -1.08286863956041
4.0 45 150 -0.409413205428232
4.5 45 150 -0.161310998273608
5.0 45 150 -0.0642152343762156
5.5 45 150 -0.0233429076041405
6.0 45 150 -0.00491459524017382
7.0 45 150 0.00838577265012528
8.0 45 150 0.0120621697428653
9.0 45 150 0.0132553950805572
10.0 45 150 0.0136945822936536
12.0 45 150 0.0139524090039192
15.0 45 150 0.01401850163399
20.0 45 150 0.0140307182990872
30.0 45 150 0.014032055280086
3.0 60 150 -2.8338007208645
3.5 60 150 -1.08199557030131
4.0 60 150 -0.409114609275934
4.5 60 150 -0.161208383536948
5.0 60 150 -0.0641784216001233
5.5 60 150 -0.023328948911713
6.0 60 150 -0.00490900032537252
7.0 60 150 0.00838680915450984
8.0 60 150 0.0120623888377136
9.0 60 150 0.0132554432494639
10.0 60 150 0.013694591374665
12.0 60 150 0.0139524074822013
15.0 60 150 0.0140185008576345
20.0 60 150 0.0140307181805891
30.0 60 150 0.014032111222808
3.0 75 150 -2.83356798030711
3.5 75 150 -1.081899449694
4.0 75 150 -0.409077082088557
4.5 75 150 -0.161194057857133
5.0 75 150 -0.064173036415443
5.5 75 150 -0.0233269892557777
6.0 75 150 -0.00490834830141941
7.0 75 150 0.00838679763815331
8.0 75 150 0.0120623188121164
9.0 75 150 0.013255392997097
10.0 75 150 0.0136945611905239
12.0 75 150 0.0139523973368884
15.0 75 150 0.0140184986463478
20.0 75 150 0.0140307179192277
30.0 75 150 0.0140320552814283
3.0 90 150 -2.83359637959825
3.5 90 150 -1.08191783095828
4.0 90 150 -0.409088928230653
4.5 90 150 -0.161201585137085
5.0 90 150 -0.0641777861827658
5.5 90 150 -0.0233299897053996
6.0 90 150 -0.00491025683166374
7.0 90 150 0.00838599912271256
8.0 90 150 0.0120619664402786
9.0 90 150 0.013255228791144
10.0 90 150 0.0136944806369486
12.0 90 150 0.0139523751274493
15.0 90 150 0.0140184944107475
20.0 90 150 0.0140307174672036
30.0 90 150 0.0140321112267054
3.0 105 150 -2.83377272000253
3.5 105 150 -1.08201097110263
4.0 105 150 -0.409138969022368
4.5 105 150 -0.161229067439745
5.0 105 150 -0.0641932476787205
5.5 105 150 -0.0233389051818968
6.0 105 150 -0.0049155237442184
7.0 105 150 0.00838403016796407
8.0 105 150 0.0120611663524324
9.0 105 150 0.0132548789741494
10.0 105 150 0.0136943175996111
12.0 105 150 0.0139523335550643
15.0 105 150 0.0140184870986965
20.0 105 150 0.0140307167505344
30.0 105 150 0.014032055284676
3.0 120 150 -2.83429761037611
3.5 120 150 -1.08228455773051
4.0 120 150 -0.409282133519289
4.5 120 150 -0.161305121563733
5.0 120 150 -0.0642345089714223
5.5 120 150 -0.0233618305475163
6.0 120 150 -0.0049285808920351
7.0 120 150 0.00837947363065282
8.0 120 150 0.0120594252631148
9.0 120 150 0.0132541578204222
10.0 120 150 0.0136939970490751
12.0 120 150 0.0139522579588737
15.0 120 150 0.0140184749058366
20.0 120 150 0.0140307156639938
30.0 120 150 0.0140321112267054
3.0 135 150 -2.83611788301979
3.5 135 150 -1.0832222996277
4.0 135 150 -0.409756759990329
4.5 135 150 -0.161546194716191
5.0 135 150 -0.0643589150300193
5.5 135 150 -0.0234274947420937
6.0 135 150 -0.00496414231833961
7.0 135 150 0.00836817485162746
8.0 135 150 0.0120554489214286
9.0 135 150 0.0132526237167928
10.0 135 150 0.0136933555541487
12.0 135 150 0.0139521208543467
15.0 135 150 0.0140184550152859
20.0 135 150 0.0140307140801797
30.0 135 150 0.0140321109895093
3.0 150 150 -2.84443982147851
3.5 150 150 -1.08743022406621
4.0 150 150 -0.411770828443114
4.5 150 150 -0.162495999033734
5.0 150 150 -0.0648110228137484
5.5 150 150 -0.0236476372590272
6.0 150 150 -0.00507452287975929
7.0 150 150 0.00833762702572616
8.0 150 150 0.0120458733609671
9.0 150 150 0.0132492679837065
10.0 150 150 0.0136920603372369
12.0 150 150 0.0139518763829238
15.0 150 150 0.0140184237988157
20.0 150 150 0.0140307118958174
30.0 150 150 0.0140321109372098
3.0 165 150 -2.90013596300677
3.5 165 150 -1.11470200654441
4.0 165 150 -0.423564794375234
4.5 165 150 -0.167375116969083
5.0 165 150 -0.0668369459644793
5.5 165 150 -0.0245135368909693
6.0 165 150 -0.0054598685087765
7.0 165 150 0.00825048977731845
8.0 165 150 0.0120225713318428
9.0 165 150 0.0132420642992164
10.0 165 150 0.0136895453289941
12.0 165 150 0.0139514672972348
15.0 165 150 0.0140183786031551
20.0 165 150 0.0140307091434562
30.0 165 150 0.0140320549374921
3.0 175 150 -3.12606879753725
3.5 175 150 -1.22153502767535
4.0 175 150 -0.464186856577182
4.5 175 150 -0.181652440212941
5.0 175 150 -0.071872002256684
5.5 175 150 -0.0263671880902755
6.0 175 150 -0.00618337593776198
7.0 175 150 0.00811803644322782
8.0 175 150 0.0119923042392242
9.0 175 150 0.0132337572737005
10.0 175 150 0.0136869004287186
12.0 175 150 0.0139510902406518
15.0 175 150 0.01401834177141
20.0 175 150 0.01403070714105
30.0 175 150 0.0140321108417062
3.0 5 180 51250.8032255246
3.5 5 180 -0.561306326488062
4.0 5 180 -0.52323312139344
4.5 5 180 -0.172127094021477
5.0 5 180 -0.0658577684785192
5.5 5 180 -0.0236916360498746
6.0 5 180 -0.00500829399386245
7.0 5 180 0.0083748329441542
8.0 5 180 0.012060196323209
9.0 5 180 0.0132549154504769
10.0 5 180 0.0136944371411355
12.0 5 180 0.013952387802956
15.0 5 180 0.014018499148428
20.0 5 180 0.0140307181037094
30.0 5 180 0.0140321112208688
3.0 15 180 0.436669187369233
3.5 15 180 -1.41444992480024
4.0 15 180 -0.445924247051316
4.5 15 180 -0.166281696310807
5.0 15 180 -0.0651424133772933
5.5 15 180 -0.0235647648114115
6.0 15 180 -0.0049787418009194
7.0 15 180 0.00837770584923458
8.0 15 180 0.0120606849523315
9.0 15 180 0.0132550395948833
10.0 15 180 0.0136944791486667
12.0 15 180 0.0139523959424946
15.0 15 180 0.0140185004845966
20.0 15 180 0.014030718243165
30.0 15 180 0.0140320552789884
3.0 30 180 -2.88340937731172
3.5 30 180 -1.09552475624271
4.0 30 180 -0.412307896456867
4.5 30 180 -0.16200636682979
5.0 30 180 -0.0644023345933313
5.5 30 180 -0.0233996972213173
6.0 30 180 -0.00493382698920742
7.0 30 180 0.00838288827362669
8.0 30 180 0.0120616043376384
9.0 30 180 0.0132552621056228
10.0 30 180 0.0136945472457363
12.0 30 180 0.0139524064607297
15.0 30 180 0.014018501854872
20.0 30 180 0.0140307183653159
30.0 30 180 0.0140321112214767
3.0 45 180 -2.83614648561133
3.5 45 180 -1.08286425587908
4.0 45 180 -0.409410796432558
4.5 45 180 -0.161309628962032
5.0 45 180 -0.0642144315922345
5.5 45 180 -0.0233424235016877
6.0 45 180 -0.00491429572021292
7.0 45 180 0.00838589539895623
8.0 45 180 0.0120622241554658
9.0 45 180 0.0132554208544675
10.0 45 180 0.0136945952132244
12.0 45 180 0.0139524127385172
15.0 45 180 0.0140185023950225
20.0 45 180 0.0140307183876533
30.0 45 180 0.014032055280086
3.0 60 180 -2.83378821467331
3.5 60 180 -1.08198895060059
4.0 60 180 -0.409110982281362
4.5 60 180 -0.161206330386619
5.0 60 180 -0.064177223658314
5.5 60 180 -0.0233282302214082
6.0 60 180 -0.00490855800621292
7.0 60 180 0.00838698852941143
8.0 60 180 0.0120624675587955
9.0 60 180 0.013255480191851
10.0 60 180 0.0136946097347016
12.0 60 180 0.0139524127105351
15.0 60 180 0.0140185019040766
20.0 60 180 0.0140307182997727
30.0 60 180 0.014032111222808
3.0 75 180 -2.83354742430751
3.5 75 180 -1.08188859088035
4.0 75 180 -0.409071166787304
4.5 75 180 -0.161190736164936
5.0 75 180 -0.0641711162880481
5.5 75 180 -0.0233258487158174
6.0 75 180 -0.00490765348182377
7.0 75 180 0.00838707377122968
8.0 75 180 0.0120624376971522
9.0 75 180 0.013255447808136
10.0 75 180 0.0136945879934859
12.0 75 180 0.0139524047576883
15.0 75 180 0.0140185000827391
20.0 75 180 0.0140307180764601
30.0 75 180 0.0140320552814283
3.0 90 180 -2.83355840534068
3.5 90 180 -1.08189783647651
4.0 90 180 -0.409078139215011
4.5 90 180 -0.161195605757919
5.0 90 180 -0.0641743817641931
5.5 90 180 -0.0233279998730015
6.0 90 180 -0.00490906439435387
7.0 90 180 0.00838645794626432
8.0 90 180 0.0120621580806943
9.0 90 180 0.0132553147259395
10.0 90 180 0.0136945216152436
12.0 90 180 0.0139523859928019
15.0 90 180 0.0140184964100897
20.0 90 180 0.0140307176735338
30.0 90 180 0.0140321112267054
3.0 105 180 -2.83369162453989
3.5 105 180 -1.08196848961636
4.0 105 180 -0.409116383874687
4.5 105 180 -0.161216804028173
5.0 105 180 -0.0641864271320944
5.5 105 180 -0.0233350161311535
6.0 105 180 -0.00491325076897314
7.0 105 180 0.00838486328669741
8.0 105 180 0.0120614990606811
9.0 105 180 0.0132550222444716
10.0 105 180 0.013694383487394
12.0 105 180 0.0139523499876708
15.0 105 180 0.0140184899178931
20.0 105 180 0.014030717019244
30.0 105 180 0.014032055284676
3.0 120 180 -2.83409119731209
3.5 120 180 -1.0821772863831
4.0 120 180 -0.409226415543723
4.5 120 180 -0.161275815908437
5.0 120 180 -0.0642187879630312
5.5 120 180 -0.023353197903847
6.0 120 180 -0.00492372178357851
7.0 120 180 0.00838113140306928
8.0 120 180 0.0120600458087104
9.0 120 180 0.0132544101773672
10.0 120 180 0.0136941074159011
12.0 120 180 0.0139522832931377
15.0 120 180 0.0140184788699554
20.0 120 180 0.0140307160055632
30.0 120 180 0.0140321112267054
3.0 135 180 -2.83546850130986
3.5 135 180 -1.0828890980054
4.0 135 180 -0.409590099528848
4.5 135 180 -0.161462898346446
5.0 135 180 -0.0643167023556954
5.5 135 180 -0.0234056277967928
6.0 135 180 -0.00495251742340365
7.0 135 180 0.00837174204361948
8.0 135 180 0.0120566662266646
9.0 135 180 0.0132530809641708
10.0 135 180 0.0136935423850934
12.0 135 180 0.0139521593195638
15.0 135 180 0.0140184603749993
20.0 135 180 0.0140307144890663
30.0 135 180 0.0140320550580994
3.0 150 180 -2.84181910318652
3.5 150 180 -1.08611396839757
4.0 150 180 -0.411153761028768
4.5 150 180 -0.162213021822785
5.0 150 180 -0.0646804125126122
5.5 150 180 -0.0235859883961426
6.0 150 180 -0.00504452632646776
7.0 150 180 0.00834548849336345
8.0 150 180 0.0120482263488809
9.0 150 180 0.0132500612977821
10.0 150 180 0.0136923567757963
12.0 150 180 0.0139519295830582
15.0 150 180 0.0140184302484226
20.0 150 180 0.0140307123241064
30.0 150 180 0.0140321109469176
3.0 165 180 -2.88695805009827
3.5 165 180 -1.10832418967213
4.0 165 180 -0.420913615817032
4.5 165 180 -0.166334313821802
5.0 165 180 -0.0664282302721403
5.5 165 180 -0.0243480563293524
6.0 165 180 -0.00538983282048161
7.0 165 180 0.00826501826929888
8.0 165 180 0.0120261988956192
9.0 165 180 0.0132431262823449
10.0 165 180 0.0136899002464417
12.0 165 180 0.0139515214043213
15.0 165 180 0.0140183842165644
20.0 165 180 0.0140307094654301
30.0 165 180 0.0140320549438631
3.0 175 180 -3.09630907311846
3.5 175 180 -1.20761840624094
4.0 175 180 -0.459155417008116
4.5 175 180 -0.179996338253798
5.0 175 180 -0.0713253978442511
5.5 175 180 -0.0261777755996006
6.0 175 180 -0.00611325767830098
7.0 175 180 0.00812983515140004
8.0 175 180 0.0119948390733749
9.0 175 180 0.0132344217429656
10.0 175 180 0.01368710470396
12.0 175 180 0.013951117961322
15.0 175 180 0.0140183443600783
20.0 175 180 0.0140307072762
30.0 175 180 0.0140321108441667
3.0 5 210 51250.8032241901
3.5 5 210 -0.561307033027995
4.0 5 210 -0.523233508191946
4.5 5 210 -0.172127312725636
5.0 5 210 -0.0658578959137197
5.5 5 210 -0.0236917123930882
6.0 5 210 -0.00500834090995929
7.0 5 210 0.00837481397408611
8.0 5 210 0.0120601880212891
9.0 5 210 0.0132549115646985
10.0 5 210 0.0136944352145701
12.0 5 210 0.0139523872566342
15.0 5 210 0.0140184990396329
20.0 5 210 0.014030718091393
30.0 5 210 0.0140321112208688
3.0 15 210 0.436665880043109
3.5 15 210 -1.41445167647752
4.0 15 210 -0.445925208496235
4.5 15 210 -0.166282241889464
5.0 15 210 -0.0651427326055806
5.5 15 210 -0.0235649569101814
6.0 15 210 -0.00497886039721184
7.0 15 210 0.00837765745597804
8.0 15 210 0.0120606635888372
9.0 15 210 0.0132550295144158
10.0 15 210 0.0136944741135659
12.0 15 210 0.0139523944960496
15.0 15 210 0.0140185001920426
20.0 15 210 0.0140307182094247
30.0 15 210 0.0140320552789884
3.0 30 210 -2.88341499617663
3.5 30 210 -1.09552773402049
4.0 30 210 -0.412309533772764
4.5 30 210 -0.162007298231692
5.0 30 210 -0.0644028811393541
5.5 30 210 -0.0234000271251621
6.0 30 210 -0.00493403130878489
7.0 30 210 0.00838280437276227
8.0 30 210 0.0120615670749335
9.0 30 210 0.0132552444239173
10.0 30 210 0.0136945383680546
12.0 30 210 0.0139524038871629
15.0 30 210 0.0140185013286286
20.0 30 210 0.0140307183038201
30.0 30 210 0.0140321112214767
3.0 45 210 -2.83615475892565
3.5 45 210 -1.08286863956041
4.0 45 210 -0.409413205428232
4.5 45 210 -0.161310998273608
5.0 45 210 -0.0642152343762156
5.5 45 210 -0.0233429076041405
6.0 45 210 -0.00491459524017382
7.0 45 210 0.00838577265012528
8.0 45 210 0.0120621697428653
9.0 45 210 0.0132553950805572
10.0 45 210 0.0136945822936536
12.0 45 210 0.0139524090039192
15.0 45 210 0.01401850163399
20.0 45 210 0.0140307182990872
30.0 45 210 0.014032055280086
3.0 60 210 -2.8338007208645
3.5 60 210 -1.08199557030131
4.0 60 210 -0.409114609275934
4.5 60 210 -0.161208383536948
5.0 60 210 -0.0641784216001233
5.5 60 210 -0.023328948911713
6.0 60 210 -0.00490900032537252
7.0 60 210 0.00838680915450984
8.0 60 210 0.0120623888377136
9.0 60 210 0.0132554432494639
10.0 60 210 0.013694591374665
12.0 60 210 0.0139524074822013
15.0 60 210 0.0140185008576345
20.0 60 210 0.0140307181805891
30.0 60 210 0.014032111222808
3.0 75 210 -2.83356798030711
3.5 75 210 -1.081899449694
4.0 75 210 -0.409077082088557
4.5 75 210 -0.161194057857133
5.0 75 210 -0.064173036415443
5.5 75 210 -0.0233269892557777
6.0 75 210 -0.00490834830141941
7.0 75 210 0.00838679763815331
8.0 75 210 0.0120623188121164
9.0 75 210 0.013255392997097
10.0 75 210 0.0136945611905239
12.0 75 210 0.0139523973368884
15.0 75 210 0.0140184986463478
20.0 75 210 0.0140307179192277
30.0 75 210 0.0140320552814283
3.0 90 210 -2.83359637959825
3.5 90 210 -1.08191783095828
4.0 90 210 -0.409088928230653
4.5 90 210 -0.161201585137085
5.0 90 210 -0.0641777861827658
5.5 90 210 -0.0233299897053996
6.0 90 210 -0.00491025683166374
7.0 90 210 0.00838599912271256
8.0 90 210 0.0120619664402786
9.0 90 210 0.013255228791144
10.0 90 210 0.0136944806369486
12.0 90 210 0.0139523751274493
15.0 90 210 0.0140184944107475
20.0 90 210 0.0140307174672036
30.0 90 210 0.0140321112267054
3.0 105 210 -2.83377272000253
3.5 105 210 -1.08201097110263
4.0 105 210 -0.409138969022368
4.5 105 210 -0.161229067439745
5.0 105 210 -0.0641932476787205
5.5 105 210 -0.0233389051818968
6.0 105 210 -0.0049155237442184
7.0 105 210 0.00838403016796407
8.0 105 210 0.0120611663524324
9.0 105 210 0.0132548789741494
10.0 105 210 0.0136943175996111
12.0 105 210 0.0139523335550643
15.0 105 210 0.0140184870986965
20.0 105 210 0.0140307167505344
30.0 105 210 0.014032055284676
3.0 120 210 -2.83429761037611
3.5 120 210 -1.08228455773051
4.0 120 210 -0.409282133519289
4.5 120 210 -0.161305121563733
5.0 120 210 -0.0642345089714223
5.5 120 210 -0.0233618305475163
6.0 120 210 -0.0049285808920351
7.0 120 210 0.00837947363065282
8.0 120 210 0.0120594252631148
9.0 120 210 0.0132541578204222
10.0 120 210 0.0136939970490751
12.0 120 210 0.0139522579588737
15.0 120 210 0.0140184749058366
20.0 120 210 0.0140307156639938
30.0 120 210 0.0140321112267054
3.0 135 210 -2.83611788301979
3.5 135 210 -1.0832222996277
4.0 135 210 -0.409756759990329
4.5 135 210 -0.161546194716191
5.0 135 210 -0.0643589150300193
5.5 135 210 -0.0234274947420937
6.0 135 210 -0.00496414231833961
7.0 135 210 0.00836817485162746
8.0 135 210 0.0120554489214286
9.0 135 210 0.0132526237167928
10.0 135 210 0.0136933555541487
12.0 135 210 0.0139521208543467
15.0 135 210 0.0140184550152859
20.0 135 210 0.0140307140801797
30.0 135 210 0.0140321109895093
3.0 150 210 -2.84443982147851
3.5 150 210 -1.08743022406621
4.0 150 210 -0.411770828443114
4.5 150 210 -0.162495999033734
5.0 150 210 -0.0648110228137484
5.5 150 210 -0.0236476372590272
6.0 150 210 -0.00507452287975929
7.0 150 210 0.00833762702572616
8.0 150 210 0.0120458733609671
9.0 150 210 0.0132492679837065
10.0 150 210 0.0136920603372369
12.0 150 210 0.0139518763829238
15.0 150 210 0.0140184237988157
20.0 150 210 0.0140307118958174
30.0 150 210 0.0140321109372098
3.0 165 210 -2.90013596300677
3.5 165 210 -1.11470200654441
4.0 165 210 -0.423564794375233
4.5 165 210 -0.167375116969083
5.0 165 210 -0.0668369459644793
5.5 165 210 -0.0245135368909692
6.0 165 210 -0.00545986850877648
7.0 165 210 0.00825048977731846
8.0 165 210 0.0120225713318428
9.0 165 210 0.0132420642992164
10.0 165 210 0.0136895453289941
12.0 165 210 0.0139514672972348
15.0 165 210 0.0140183786031551
20.0 165 210 0.0140307091434562
30.0 165 210 0.0140320549374921
3.0 175 210 -3.12606879753725
3.5 175 210 -1.22153502767535
4.0 175 210 -0.464186856577182
4.5 175 210 -0.181652440212941
5.0 175 210 -0.071872002256684
5.5 175 210 -0.0263671880902755
6.0 175 210 -0.00618337593776198
7.0 175 210 0.00811803644322782
8.0 175 210 0.0119923042392242
9.0 175 210 0.0132337572737005
10.0 175 210 0.0136869004287186
12.0 175 210 0.0139510902406518
15.0 175 210 0.01401834177141
20.0 175 210 0.01403070714105
30.0 175 210 0.0140321108417062
3.0 5 225 51250.8032225742
3.5 5 225 -0.561307887964263
4.0 5 225 -0.523233976094563
4.5 5 225 -0.172127577180844
5.0 5 225 -0.0658580499350366
5.5 5 225 -0.0236918046170435
6.0 5 225 -0.00500839755623411
7.0 5 225 0.00837479109313553
8.0 5 225 0.0120601780175709
9.0 5 225 0.0132549068865986
10.0 5 225 0.0136944328970876
12.0 5 225 0.0139523866004045
15.0 5 225 0.0140184989091751
20.0 5 225 0.0140307180766546
30.0 5 225 0.0140321112208688
3.0 15 225 0.436661724610881
3.5 15 225 -1.41445387672368
4.0 15 225 -0.445926415168376
4.5 15 225 -0.166282925851758
5.0 15 225 -0.0651431322806193
5.5 15 225 -0.0235651970807538
6.0 15 225 -0.00497900845760952
7.0 15 225 0.00837759721331038
8.0 15 225 0.0120606370671352
9.0 15 225 0.0132550170318706
10.0 15 225 0.013694467893233
12.0 15 225 0.0139523927164252
15.0 15 225 0.0140184998338657
20.0 15 225 0.014030718168359
30.0 15 225 0.0140320552789884
3.0 30 225 -2.88342242855761
3.5 30 225 -1.09553167083407
4.0 30 225 -0.412311695148354
4.5 30 225 -0.162008525172174
5.0 30 225 -0.064403599353458
5.5 30 225 -0.0234004595169943
6.0 30 225 -0.00493429838198316
7.0 30 225 0.00838269529009932
8.0 30 225 0.0120615188760312
9.0 30 225 0.0132552216617752
10.0 30 225 0.0136945269896977
12.0 30 225 0.0139524006139913
15.0 30 225 0.0140185006655093
20.0 30 225 0.0140307182271895
30.0 30 225 0.0140321112214767
3.0 45 225 -2.83616623230484
3.5 45 225 -1.08287471420974
4.0 45 225 -0.40941653636602
4.5 45 225 -0.161312885867784
5.0 45 225 -0.0642163371007663
5.5 45 225 -0.0233435700579231
6.0 45 225 -0.0049150035104447
7.0 45 225 0.00838560662926866
8.0 45 225 0.0120620966922516
9.0 45 225 0.0132553607161686
10.0 45 225 0.0136945651768879
12.0 45 225 0.0139524041106873
15.0 45 225 0.0140185006500602
20.0 45 225 0.0140307181863995
30.0 45 225 0.014032055280086
3.0 60 225 -2.83381885307741
3.5 60 225 -1.08200515814571
4.0 60 225 -0.40911984707494
4.5 60 225 -0.161211336399856
5.0 60 225 -0.0641801363294337
5.5 60 225 -0.0233299724254838
6.0 60 225 -0.00490962697276753
7.0 60 225 0.0083865576429089
8.0 60 225 0.0120622795367986
9.0 60 225 0.0132553924207174
10.0 60 225 0.0136945663226449
12.0 60 225 0.0139524004508502
15.0 60 225 0.0140184994744227
20.0 60 225 0.014030718026254
30.0 60 225 0.014032111222808
3.0 75 225 -2.83359908006095
3.5 75 225 -1.08191585632983
4.0 75 225 -0.409085984988069
4.5 75 225 -0.161199030441641
5.0 75 225 -0.06417589308211
5.5 75 225 -0.0233286749122256
6.0 75 225 -0.00490936829899482
7.0 75 225 0.00838639762899345
8.0 75 225 0.0120621487361963
9.0 75 225 0.0132553154812952
10.0 75 225 0.0136945236788427
12.0 75 225 0.013952387136673
15.0 75 225 0.0140184967133663
20.0 75 225 0.0140307177128235
30.0 75 225 0.0140321112234577
3.0 90 225 -2.83365624465892
3.5 90 225 -1.08194929631519
4.0 90 225 -0.40910582070088
4.5 90 225 -0.161210881549008
5.0 90 225 -0.0641830366439285
5.5 90 225 -0.0233330324088178
6.0 90 225 -0.00491206448585189
7.0 90 225 0.00838531522977559
8.0 90 225 0.0120616852399196
9.0 90 225 0.013255104478272
10.0 90 225 0.0136944221113878
12.0 90 225 0.0139523599431257
15.0 90 225 0.0140184916858261
20.0 90 225 0.0140307171939454
30.0 90 225 0.014032055284676
3.0 105 225 -2.83390570264556
3.5 105 225 -1.08208047165754
4.0 105 225 -0.409175668998726
4.5 105 225 -0.16124881044267
5.0 105 225 -0.0642041124808001
5.5 105 225 -0.0233450318538956
6.0 105 225 -0.00491906484031711
7.0 105 225 0.00838275970175758
8.0 105 225 0.0120606687701483
9.0 105 225 0.0132546683908261
10.0 105 225 0.0136942222298058
12.0 105 225 0.01395231036931
15.0 105 225 0.0140184832332753
20.0 105 225 0.0140307163936326
30.0 105 225 0.0140321112267054
3.0 120 225 -2.83464844205276
3.5 120 225 -1.0824663115972
4.0 120 225 -0.409375671952443
4.5 120 225 -0.161353706694846
5.0 120 225 -0.0642602082539975
5.5 120 225 -0.0233757388634492
6.0 120 225 -0.00493629800403456
7.0 120 225 0.00837691073747795
8.0 120 225 0.0120584884906476
9.0 120 225 0.0132537846651723
10.0 120 225 0.0136938367458027
12.0 120 225 0.0139522222129349
15.0 120 225 0.0140184694852685
20.0 120 225 0.0140307152122947
30.0 120 225 0.0140321112267054
3.0 135 225 -2.83725129501904
3.5 135 225 -1.08380138101579
4.0 135 225 -0.410042729728106
4.5 135 225 -0.161686698146845
5.0 135 225 -0.0644287928197929
5.5 135 225 -0.0234630128522282
6.0 135 225 -0.00498268225384963
7.0 135 225 0.0083626713523657
8.0 135 225 0.0120536230185309
9.0 135 225 0.0132519538753669
10.0 135 225 0.013693087227469
12.0 135 225 0.0139520672946275
15.0 135 225 0.0140184477874363
20.0 135 225 0.0140307135464347
30.0 135 225 0.0140320550340619
3.0 150 225 -2.84901668790787
3.5 150 225 -1.08971603650287
4.0 150 225 -0.412823854192739
4.5 150 225 -0.162967968380775
5.0 150 225 -0.0650236262728088
5.5 150 225 -0.0237456411863251
6.0 150 225 -0.00512117104597628
7.0 150 225 0.00832585703198964
8.0 150 225 0.0120424560594045
9.0 150 225 0.0132481434935713
10.0 150 225 0.0136916483008491
12.0 150 225 0.0139518045691804
15.0 150 225 0.014018415338388
20.0 150 225 0.0140307113492717
30.0 150 225 0.0140321109251409
3.0 165 225 -2.92146159942267
3.5 165 225 -1.12496381070304
4.0 165 225 -0.427744607173967
4.5 165 225 -0.168974205139005
5.0 165 225 -0.0674487790979101
5.5 165 225 -0.0247554200035382
6.0 165 225 -0.00556011629282369
7.0 165 225 0.00823038203834811
8.0 165 225 0.012017673947366
9.0 165 225 0.0132406570539229
10.0 165 225 0.0136890817065005
12.0 165 225 0.0139513980354204
15.0 165 225 0.0140183715501865
20.0 165 225 0.0140307087457008
30.0 165 225 0.0140320549297403
3.0 175 225 -3.1669582540038
3.5 175 225 -1.24061375470852
4.0 175 225 -0.470999510274391
4.5 175 225 -0.183859985587141
5.0 175 225 -0.0725897473220513
5.5 175 225 -0.0266126840799528
6.0 175 225 -0.00627327187018918
7.0 175 225 0.00810315585039224
8.0 175 225 0.0119891433016351
9.0 175 225 0.0132329353574159
10.0 175 225 0.0136866492584646
12.0 175 225 0.0139510564332651
15.0 175 225 0.0140183386369972
20.0 175 225 0.0140307069784352
30.0 175 225 0.0140321108387618
3.0 5 240 51250.8032204149
3.5 5 240 -0.561309030339772
4.0 5 240 -0.523234601081884
4.5 5 240 -0.172127930239066
5.0 5 240 -0.0658582554380386
5.5 5 240 -0.0236919275889877
6.0 5 240 -0.00500847303963872
7.0 5 240 0.00837476064264639
8.0 5 240 0.0120601647206899
9.0 5 240 0.013254900675549
10.0 5 240 0.0136944298233947
12.0 5 240 0.0139523857316172
15.0 5 240 0.0140184987368338
20.0 5 240 0.0140307180572343
30.0 5 240 0.0140321112208688
3.0 15 240 0.436655899496783
3.5 15 240 -1.41445695993165
4.0 15 240 -0.445928104318261
4.5 15 240 -0.166283881904008
5.0 15 240 -0.0651436900131399
5.5 15 240 -0.0235655316266351
6.0 15 240 -0.00497921431694177
7.0 15 240 0.00837751376122143
8.0 15 240 0.0120606004560657
9.0 15 240 0.0132549998567046
10.0 15 240 0.013694459359988
12.0 15 240 0.0139523902877841
15.0 15 240 0.0140184993481078
20.0 15 240 0.0140307181130803
30.0 15 240 0.0140320552789884
3.0 30 240 -2.88343356909352
3.5 30 240 -1.09553756773992
4.0 30 240 -0.412314926220397
4.5 30 240 -0.162010354281706
5.0 30 240 -0.0644046666297422
5.5 30 240 -0.0234010998509274
6.0 30 240 -0.00493469249840272
7.0 30 240 0.00838253544560246
8.0 30 240 0.012061448718977
9.0 30 240 0.013255188735261
10.0 30 240 0.0136945106241323
12.0 30 240 0.0139523959529426
15.0 30 240 0.0140184997324508
20.0 30 240 0.0140307181208989
30.0 30 240 0.0140321112214767
3.0 45 240 -2.83618455052097
3.5 45 240 -1.08288440297655
4.0 45 240 -0.409421833357986
4.5 45 240 -0.161315875283576
5.0 45 240 -0.0642180752004884
5.5 45 240 -0.0233446088927147
6.0 45 240 -0.00491564040013087
7.0 45 240 0.00838535031955944
8.0 45 240 0.0120619850220804
9.0 45 240 0.0132553086630489
10.0 45 240 0.0136945394659895
12.0 45 240 0.0139523968672671
15.0 45 240 0.0140184992187452
20.0 45 240 0.0140307180258463
30.0 45 240 0.014032055280086
3.0 60 240 -2.83384961755694
3.5 60 240 -1.08202140272374
4.0 60 240 -0.409128685359021
4.5 60 240 -0.161216291008162
5.0 60 240 -0.0641829947376347
5.5 60 240 -0.0233316667353882
6.0 60 240 -0.00491065694062258
7.0 60 240 0.00838615003991452
8.0 60 240 0.0120621047444102
9.0 60 240 0.0132553121270781
10.0 60 240 0.0136945271882365
12.0 60 240 0.0139523896774953
15.0 60 240 0.0140184974030195
20.0 60 240 0.0140307178012797
30.0 60 240 0.014032111222808
3.0 75 240 -2.83365508520211
3.5 75 240 -1.08194534607623
4.0 75 240 -0.409101900030064
4.5 75 240 -0.16120785257427
5.0 75 240 -0.0641809172950923
5.5 75 240 -0.0233316122811125
6.0 75 240 -0.00491112905518407
7.0 75 240 0.00838571974437827
8.0 75 240 0.0120618654424475
9.0 75 240 0.0132551883812272
10.0 75 240 0.0136944630412295
12.0 75 240 0.0139523710447426
15.0 75 240 0.0140184937491376
20.0 75 240 0.0140307174065215
30.0 75 240 0.0140321112234577
3.0 90 240 -2.83377058741329
3.5 90 240 -1.08200924382974
4.0 90 240 -0.409137768593349
4.5 90 240 -0.161228286551407
5.0 90 240 -0.0641927536911012
5.5 90 240 -0.0233385953183679
6.0 90 240 -0.0049153289643699
7.0 90 240 0.00838410925377537
8.0 90 240 0.0120612001296457
9.0 90 240 0.013254894213388
10.0 90 240 0.0136943248487831
12.0 90 240 0.0139523354461199
15.0 90 240 0.0140184874357475
20.0 90 240 0.014030716783691
30.0 90 240 0.014032055284676
3.0 105 240 -2.83417477074051
3.5 105 240 -1.08222061494723
4.0 105 240 -0.409248936633338
4.5 105 240 -0.161287690870613
5.0 105 240 -0.0642251806612597
5.5 105 240 -0.0233567223709006
6.0 105 240 -0.00492571403638567
7.0 105 240 0.00838044594187695
8.0 105 240 0.0120597871817822
9.0 105 240 0.0132543042427709
10.0 105 240 0.0136940607867132
12.0 105 240 0.0139522724725448
15.0 105 240 0.0140184771556492
20.0 105 240 0.0140307158557511
30.0 105 240 0.0140321112267054
3.0 120 240 -2.83539729801673
3.5 120 240 -1.08285245561489
4.0 120 240 -0.409571668748144
4.5 120 240 -0.161453623747577
5.0 120 240 -0.0643119690206169
5.5 120 240 -0.0234031593989787
6.0 120 240 -0.0049511972331208
7.0 120 240 0.00837215110952001
8.0 120 240 0.0120568067526105
9.0 120 240 0.0132531339640681
10.0 120 240 0.0136935640847619
12.0 120 240 0.0139521637860741
15.0 120 240 0.0140184609933353
20.0 120 240 0.0140307145354569
30.0 120 240 0.0140321110015314
3.0 135 240 -2.83976985514313
3.5 135 240 -1.08507990461851
4.0 135 240 -0.410661988767455
4.5 135 240 -0.161983208520818
5.0 135 240 -0.0645721750307714
5.5 135 240 -0.0235338775493025
6.0 135 240 -0.00501869557321821
7.0 135 240 0.00835248071024462
8.0 135 240 0.0120503745777956
9.0 135 240 0.0132508009241637
10.0 135 240 0.0136926378670862
12.0 135 240 0.0139519813118004
15.0 135 240 0.014018436672468
20.0 135 240 0.0140307127601938
30.0 135 240 0.0140320550151152
3.0 150 240 -2.85919221402756
3.5 150 240 -1.09475557307782
4.0 150 240 -0.415084949447268
4.5 150 240 -0.163947214263311
5.0 150 240 -0.0654491227435261
5.5 150 240 -0.0239351133230019
6.0 150 240 -0.00520853541702474
7.0 150 240 0.00830497197110468
8.0 150 240 0.0120366443157281
9.0 150 240 0.0132462939668181
10.0 150 240 0.0136909884172983
12.0 150 240 0.0139516939893403
15.0 150 240 0.0140184027952515
20.0 150 240 0.014030710567597
30.0 150 240 0.0140321109084507
3.0 165 240 -2.96372383611626
3.5 165 240 -1.14513983787997
4.0 165 240 -0.435725969629381
4.5 165 240 -0.171917037363055
5.0 165 240 -0.0685341241203716
5.5 165 240 -0.0251704554002831
6.0 165 240 -0.00572722026346914
7.0 165 240 0.00819836507642321
8.0 165 240 0.0120101316481913
9.0 165 240 0.0132385427443646
10.0 165 240 0.0136883981295456
12.0 165 240 0.0139512985764279
15.0 165 240 0.0140183616630995
20.0 165 240 0.0140307082000637
30.0 165 240 0.0140320549193097
3.0 175 240 -3.23137958223014
3.5 175 240 -1.27059377023181
4.0 175 240 -0.481530788867183
4.5 175 240 -0.187202522518259
5.0 175 240 -0.0736552293871267
5.5 175 240 -0.0269709552692905
6.0 175 240 -0.00640261877454861
7.0 175 240 0.00808219413827249
8.0 175 240 0.0119847549137009
9.0 175 240 0.013231806014341
10.0 175 240 0.0136863067631092
12.0 175 240 0.0139510108086656
15.0 175 240 0.0140183344453163
20.0 175 240 0.0140307067626887
30.0 175 240 0.0140321108348822
3.0 5 270 51250.803214939
3.5 5 270 -0.56131192624301
4.0 5 270 -0.523236184267202
4.5 5 270 -0.172128823688144
5.0 5 270 -0.065858774877665
5.5 5 270 -0.0236922380312365
6.0 5 270 -0.0050086633534898
7.0 5 270 0.00837468406339689
8.0 5 270 0.012060131361088
9.0 5 270 0.0132548851277792
10.0 5 270 0.0136944221448724
12.0 5 270 0.0139523835689525
15.0 5 270 0.0140184983096358
20.0 5 270 0.0140307180093369
30.0 5 270 0.0140321112208688
3.0 15 270 0.436639634526459
3.5 15 270 -1.41446556252194
4.0 15 270 -0.445932807188072
4.5 15 270 -0.166286535789298
5.0 15 270 -0.0651452328727731
5.5 15 270 -0.0235664536686364
6.0 15 270 -0.00497977953936515
7.0 15 270 0.00837728634473087
8.0 15 270 0.0120605013957806
9.0 15 270 0.0132549536908807
10.0 15 270 0.0136944365613397
12.0 15 270 0.0139523838669597
15.0 15 270 0.014018498079853
20.0 15 270 0.014030717970888
30.0 15 270 0.0140320552789884
3.0 30 270 -2.8834694359212
3.5 30 270 -1.09555652420684
4.0 30 270 -0.412325267893012
4.5 30 270 -0.162016173461488
5.0 30 270 -0.0644080384412711
5.5 30 270 -0.0234031077794553
6.0 30 270 -0.00493591893085828
7.0 30 270 0.0083820455066399
8.0 30 270 0.012061236740168
9.0 30 270 0.0132550905559732
10.0 30 270 0.013694462411999
12.0 30 270 0.0139523825066751
15.0 30 270 0.0140184971068957
20.0 30 270 0.0140307178304823
30.0 30 270 0.0140321112214767
3.0 45 270 -2.8362525817816
3.5 45 270 -1.08292030014037
4.0 45 270 -0.409441324237459
4.5 45 270 -0.161326770773786
5.0 45 270 -0.0642243406602318
5.5 45 270 -0.0233483099731752
6.0 45 270 -0.0049178824440688
7.0 45 270 0.00838446906800502
8.0 45 270 0.0120616095010673
9.0 45 270 0.0132551371511603
10.0 45 270 0.0136944563041077
12.0 45 270 0.0139523741741776
15.0 45 270 0.0140184948996239
20.0 45 270 0.0140307175621725
30.0 45 270 0.014032055280086
3.0 60 270 -2.83398190538623
3.5 60 270 -1.08209101196813
4.0 60 270 -0.409166178118467
4.5 60 270 -0.161237018243424
5.0 60 270 -0.064194762796772
5.5 60 270 -0.0233385248227878
6.0 60 270 -0.00491475473472304
7.0 60 270 0.00838458205289126
8.0 60 270 0.0120614530968662
9.0 60 270 0.0132550211978822
10.0 60 270 0.0136943889879205
12.0 60 270 0.0139523532621253
15.0 60 270 0.0140184907476043
20.0 60 270 0.0140307171194007
30.0 60 270 0.014032111222808
3.0 75 270 -2.83393576641277
3.5 75 270 -1.08209240723949
4.0 75 270 -0.409180128686692
4.5 75 270 -0.161250365072517
5.0 75 270 -0.0642045860810712
5.5 75 270 -0.0233451242648763
6.0 75 270 -0.00491903653476272
7.0 75 270 0.00838281320812492
8.0 75 270 0.0120607012999713
9.0 75 270 0.0132546856180249
10.0 75 270 0.0136942311766851
12.0 75 270 0.0139523129158741
15.0 75 270 0.0140184837103964
20.0 75 270 0.0140307164416912
30.0 75 270 0.0140320552814283
3.0 90 270 -2.8344442909505
3.5 90 270 -1.08235995526765
4.0 90 270 -0.409320844465689
4.5 90 270 -0.161325247772219
5.0 90 270 -0.0642451859829627
5.5 90 270 -0.0233676322850779
6.0 90 270 -0.00493181494167265
7.0 90 270 0.00837838900027597
8.0 90 270 0.0120590250025555
9.0 90 270 0.0132539969611372
10.0 90 270 0.0136939273887894
12.0 90 270 0.0139522422113073
15.0 90 270 0.0140184724798979
20.0 90 270 0.0140307154581694
30.0 90 270 0.0140321112267054
3.0 105 270 -2.83605347672865
3.5 105 270 -1.08318917117766
4.0 105 270 -0.409740293934516
4.5 105 270 -0.16153805881854
5.0 105 270 -0.0643548516528827
5.5 105 270 -0.0234254243217593
6.0 105 270 -0.00496306098203674
7.0 105 270 0.00836849447442174
8.0 105 270 0.0120555538605669
9.0 105 270 0.0132526616309956
10.0 105 270 0.0136933704581298
12.0 105 270 0.0139521236988625
15.0 105 270 0.0140184553709819
20.0 105 270 0.0140307141032025
30.0 105 270 0.014032055048503
3.0 120 270 -2.84158664645227
3.5 120 270 -1.08599688811331
4.0 120 270 -0.411098475108314
4.5 120 270 -0.162187440727597
5.0 120 270 -0.0646684994847316
5.5 120 270 -0.0235803204717713
6.0 120 270 -0.00504175039459558
7.0 120 270 0.00834622212164812
8.0 120 270 0.0120484464735878
9.0 120 270 0.013250135329898
10.0 120 270 0.0136923842614546
12.0 120 270 0.0139519344099803
15.0 120 270 0.0140184308072137
20.0 120 270 0.0140307123579273
30.0 120 270 0.0140321109479453
3.0 135 270 -2.86356226443556
3.5 135 270 -1.09690629287268
4.0 135 270 -0.416030566470204
4.5 135 270 -0.164346112178765
5.0 135 270 -0.065617740202555
5.5 135 270 -0.0240082474733313
6.0 135 270 -0.00524145555753114
7.0 135 270 0.00829741453369828
8.0 135 270 0.0120346063251847
9.0 135 270 0.0132456609843625
10.0 135 270 0.0136907668296754
12.0 135 270 0.0139516578463734
15.0 135 270 0.0140183987928845
20.0 135 270 0.0140307103229016
30.0 135 270 0.0140320549614118
3.0 150 270 -2.9550635957213
3.5 150 270 -1.14101976076395
4.0 150 270 -0.434117747236624
4.5 150 270 -0.17133406690389
5.0 150 270 -0.0683227514953135
5.5 150 270 -0.0250908712240464
6.0 150 270 -0.00569560947732236
7.0 150 270 0.0082042915751559
8.0 150 270 0.0120115053946817
9.0 150 270 0.0132389230962056
10.0 150 270 0.0136885198882792
12.0 150 270 0.013951316022435
15.0 150 270 0.0140183633676153
20.0 150 270 0.0140307082920171
30.0 150 270 0.0140321108631246
3.0 165 270 -3.23791844586145
3.5 165 270 -1.27363242608751
4.0 165 270 -0.482587486037757
4.5 165 270 -0.187533633083374
5.0 165 270 -0.0737594905786069
5.5 165 270 -0.0270056459497641
6.0 165 270 -0.00641503467197315
7.0 165 270 0.00808020768807133
8.0 165 270 0.0119843425364462
9.0 165 270 0.0132317004713649
10.0 165 270 0.0136862748652672
12.0 165 270 0.0139510065710946
15.0 165 270 0.0140183340550746
20.0 165 270 0.0140307067423476
30.0 165 270 0.0140320548925002
3.0 175 270 -3.46243818682982
3.5 175 270 -1.37769161106472
4.0 175 270 -0.517816121205761
4.5 175 270 -0.198202825101826
5.0 175 270 -0.0770134196315349
5.5 175 270 -0.0280594580120964
6.0 175 270 -0.00678396308328401
7.0 175 270 0.00802307222920356
8.0 175 270 0.0119727422373731
9.0 175 270 0.0132287788824268
10.0 175 270 0.0136854027362843
12.0 175 270 0.0139508928513617
15.0 175 270 0.0140183238022128
20.0 175 270 0.0140307062233822
30.0 175 270 0.0140321108253137
3.0 5 300 51250.8032090678
3.5 5 300 -0.561315030822725
4.0 5 300 -0.523237879770238
4.5 5 300 -0.172129779140199
5.0 5 300 -0.0658593294355439
5.5 5 300 -0.0236925688686207
6.0 5 300 -0.00500886579833288
7.0 5 300 0.00837460289866241
8.0 5 300 0.012060096125701
9.0 5 300 0.0132548687580809
10.0 5 300 0.0136944140839836
12.0 5 300 0.0139523813100808
15.0 5 300 0.0140184978661177
20.0 5 300 0.0140307179599645
30.0 5 300 0.0140321112208688
3.0 15 300 0.436619553789758
3.5 15 300 -1.41447617160053
4.0 15 300 -0.445938588535908
4.5 15 300 -0.166289783888949
5.0 15 300 -0.0651471115485419
5.5 15 300 -0.0235675702777704
6.0 15 300 -0.00498046021114032
7.0 15 300 0.00837701549566807
8.0 15 300 0.0120603846478843
9.0 15 300 0.01325489980654
10.0 15 300 0.0136944101853876
12.0 15 300 0.0139523765518372
15.0 15 300 0.0140184966610407
20.0 15 300 0.0140307178152081
30.0 15 300 0.0140320552789884
3.0 30 300 -2.88352445399721
3.5 30 300 -1.09558553435716
4.0 30 300 -0.412340987110521
4.5 30 300 -0.162024935602913
5.0 30 300 -0.064413060548372
5.5 30 300 -0.023406063976362
6.0 30 300 -0.00493770330108315
7.0 30 300 0.00838134912266272
8.0 30 300 0.0120609419859522
9.0 30 300 0.013254956765979
10.0 30 300 0.0136943979069641
12.0 30 300 0.0139523650765677
15.0 30 300 0.0140184938278073
20.0 30 300 0.0140307174832588
30.0 30 300 0.0140321112214767
3.0 45 300 -2.83638398301575
3.5 45 300 -1.08298936288379
4.0 45 300 -0.409478397735627
4.5 45 300 -0.161347171155595
5.0 45 300 -0.0642358613564321
5.5 45 300 -0.023354985903607
6.0 45 300 -0.00492184845409931
7.0 45 300 0.00838296853549424
8.0 45 300 0.0120609924168472
9.0 45 300 0.0132548642823098
10.0 45 300 0.0136943277997872
12.0 45 300 0.0139523408105164
15.0 45 300 0.0140184889057695
20.0 45 300 0.0140307169601322
30.0 45 300 0.014032055280086
3.0 60 300 -2.83431066542095
3.5 60 300 -1.08226294597318
4.0 60 300 -0.409257146600005
4.5 60 300 -0.161286089846141
5.0 60 300 -0.064221854056548
5.5 60 300 -0.0233538543393707
6.0 60 300 -0.00492364640282246
7.0 60 300 0.00838136927130131
8.0 60 300 0.0120601862903755
9.0 60 300 0.01325448170903
10.0 60 300 0.0136941432619159
12.0 60 300 0.0139522929275939
15.0 60 300 0.0140184805703954
20.0 60 300 0.0140307161667237
30.0 60 300 0.014032111222808
3.0 75 300 -2.83486231744384
3.5 75 300 -1.08257330535414
4.0 75 300 -0.409428972931729
4.5 75 300 -0.161380597895836
5.0 75 300 -0.0642740736558537
5.5 75 300 -0.0233830775935257
6.0 75 300 -0.0049402919209228
7.0 75 300 0.00837562550452133
8.0 75 300 0.0120580299438592
9.0 75 300 0.0132536054173369
10.0 75 300 0.0136937608842959
12.0 75 300 0.0139522056618026
15.0 75 300 0.014018467026655
20.0 75 300 0.0140307150112186
30.0 75 300 0.0140320550703354
3.0 90 300 -2.83753126069283
3.5 90 300 -1.08394348169645
4.0 90 300 -0.410112344510636
4.5 90 300 -0.161720619041859
5.0 90 300 -0.0644455332373447
5.5 90 300 -0.0234714652904043
6.0 90 300 -0.00498707049155679
7.0 90 300 0.00836137790430964
8.0 90 300 0.0120531950810297
9.0 90 300 0.0132517968147127
10.0 90 300 0.0136930241407883
12.0 90 300 0.0139520545822473
15.0 90 300 0.0140184460402172
20.0 90 300 0.0140307134134311
30.0 90 300 0.0140321109735985
3.0 105 300 -2.84867380498321
3.5 105 300 -1.08954523869408
4.0 105 300 -0.412746052525049
4.5 105 300 -0.162933651583084
5.0 105 300 -0.0650084522685629
5.5 105 300 -0.0237387848325465
6.0 105 300 -0.00511797504163578
7.0 105 300 0.00832662875484512
8.0 105 300 0.0120426698650359
9.0 105 300 0.0132482104102514
10.0 105 300 0.0136916715410681
12.0 105 300 0.013951808168601
15.0 105 300 0.0140184156837948
20.0 105 300 0.0140307113637938
30.0 105 300 0.0140320549838876
3.0 120 300 -2.90535835393311
3.5 120 300 -1.11722125921913
4.0 120 300 -0.424600157318235
4.5 120 300 -0.167775759657777
5.0 120 300 -0.0669920177819903
5.5 120 300 -0.0245755052798525
6.0 120 300 -0.0054858012025162
7.0 120 300 0.00824520118954578
8.0 120 300 0.0120212650623456
9.0 120 300 0.0132416841688266
10.0 120 300 0.0136894185792442
12.0 120 300 0.0139514479105004
15.0 120 300 0.0140183765577994
20.0 120 300 0.0140307090212936
30.0 120 300 0.0140321108773856
3.0 135 300 -3.21774826940178
3.5 135 300 -1.26425691327377
4.0 135 300 -0.479321191745948
4.5 135 300 -0.18650781881914
5.0 135 300 -0.0734358012921157
5.5 135 300 -0.0268977657404665
6.0 135 300 -0.00637637865417323
7.0 135 300 0.00808639777081677
8.0 135 300 0.011985626219537
9.0 135 300 0.0132320280452552
10.0 135 300 0.0136863733888847
12.0 135 300 0.0139510194645367
15.0 135 300 0.0140183352028479
20.0 135 300 0.0140307067977713
30.0 135 300 0.0140321108356393
3.0 150 300 -4.28521928156148
3.5 150 300 -1.76107165344908
4.0 150 300 -0.6380069277035
4.5 150 300 -0.231093717468735
5.0 150 300 -0.0861452021494881
5.5 150 300 -0.0307952401703696
6.0 150 300 -0.00768377992575319
7.0 150 300 0.00789567468390896
8.0 150 300 0.011948359233189
9.0 150 300 0.0132228831113431
10.0 150 300 0.0136836937362494
12.0 150 300 0.0139506785065056
15.0 150 300 0.0140183051007748
20.0 150 300 0.0140307053015895
30.0 150 300 0.0140321108094157
3.0 165 300 -4.6716557468175
3.5 165 300 -1.94536166985456
4.0 165 300 -0.692735774164037
4.5 165 300 -0.244921429696509
5.0 165 300 -0.0897057997193078
5.5 165 300 -0.0317972079442088
6.0 165 300 -0.00799721816410546
7.0 165 300 0.00785437765005279
8.0 165 300 0.0119408206234837
9.0 165 300 0.0132211191168442
10.0 165 300 0.013683194483193
12.0 165 300 0.0139506178931712
15.0 165 300 0.0140182999678542
20.0 165 300 0.0140307050560501
30.0 165 300 0.0140320548631808
3.0 175 300 -3.87849086540693
3.5 175 300 -1.5705646829184
4.0 175 300 -0.57967176600166
4.5 175 300 -0.215656563150879
5.0 175 300 -0.0819953375889379
5.5 175 300 -0.0295856438479294
6.0 175 300 -0.00729474712408788
7.0 175 300 0.00794897909598436
8.0 175 300 0.0119583404197595
9.0 175 300 0.0132252600876217
10.0 175 300 0.0136843752151603
12.0 175 300 0.0139507627534277
15.0 175 300 0.0140183123655206
20.0 175 300 0.014030705656708
30.0 175 300 0.0140321108154508
3.0 5 315 51250.8032065112
3.5 5 315 -0.561316382158591
4.0 5 315 -0.523238617223551
4.5 5 315 -0.172130194279839
5.0 5 315 -0.0658595700990375
5.5 5 315 -0.0236927122589059
6.0 5 315 -0.00500895342574705
7.0 5 315 0.00837456785833009
8.0 5 315 0.0120600809514575
9.0 5 315 0.0132548617244897
10.0 5 315 0.0136944106276702
12.0 5 315 0.0139523803450353
15.0 5 315 0.01401849767745
20.0 5 315 0.0140307179390688
30.0 5 315 0.0140321112208688
3.0 15 315 0.436609865102151
3.5 15 315 -1.41448128617597
4.0 15 315 -0.445941369132783
4.5 15 315 -0.166291340997751
5.0 15 315 -0.0651480087700804
5.5 15 315 -0.0235681014018873
6.0 15 315 -0.00498078264414079
7.0 15 315 0.00837688823711173
8.0 15 315 0.0120603302147134
9.0 15 315 0.0132548748609019
10.0 15 315 0.0136943980534423
12.0 15 315 0.0139523732246187
15.0 15 315 0.0140184960241922
20.0 15 315 0.0140307177464109
30.0 15 315 0.0140320552789884
3.0 30 315 -2.88355574880829
3.5 30 315 -1.09560200571089
4.0 30 315 -0.412349865316348
4.5 30 315 -0.162029848544365
5.0 30 315 -0.0644158529064258
5.5 30 315 -0.0234076930489791
6.0 30 315 -0.00493867771096628
7.0 30 315 0.00838097557119592
8.0 30 315 0.0120607864980548
9.0 30 315 0.01325488726113
10.0 30 315 0.0136943648571459
12.0 30 315 0.0139523563557892
15.0 30 315 0.0140184922320983
20.0 30 315 0.0140307173196501
30.0 30 315 0.0140321112214767
3.0 45 315 -2.8364737333922
3.5 45 315 -1.08303638508881
4.0 45 315 -0.409503407616364
4.5 45 315 -0.161360759150146
5.0 45 315 -0.0642434236839842
5.5 45 315 -0.0233593009764693
6.0 45 315 -0.00492437222790479
7.0 45 315 0.00838204220605873
8.0 45 315 0.0120606220114411
9.0 45 315 0.0132547045952102
10.0 45 315 0.0136942542867138
12.0 45 315 0.0139523224443945
15.0 45 315 0.0140184857486408
20.0 45 315 0.0140307166585428
30.0 45 315 0.014032055280086
3.0 60 315 -2.83458772289534
3.5 60 315 -1.08240709169691
4.0 60 315 -0.409332263769141
4.5 60 315 -0.161325776390587
5.0 60 315 -0.0642432521493155
5.5 60 315 -0.0233656665375358
6.0 60 315 -0.00493033023923766
7.0 60 315 0.00837906610383273
8.0 60 315 0.0120593164059193
9.0 60 315 0.0132541251573645
10.0 60 315 0.0136939862491064
12.0 60 315 0.0139522564764072
15.0 60 315 0.0140184747953817
20.0 60 315 0.0140307156623446
30.0 60 315 0.014032111222808
3.0 75 315 -2.83586465118001
3.5 75 315 -1.08308919311788
4.0 75 315 -0.409689384181094
4.5 75 315 -0.161512370856706
5.0 75 315 -0.0643417778519338
5.5 75 315 -0.0234186454146806
6.0 75 315 -0.00495946137184625
7.0 75 315 0.00836959260141326
8.0 75 315 0.0120559256084416
9.0 75 315 0.0132528000667709
10.0 75 315 0.0136934265393122
12.0 75 315 0.0139521350620508
15.0 75 315 0.0140184569227277
20.0 75 315 0.0140307142186606
30.0 75 315 0.0140321109911862
3.0 90 315 -2.84207145487236
3.5 90 315 -1.08624057614541
4.0 90 315 -0.411213743009801
4.5 90 315 -0.16224100448297
5.0 90 315 -0.0646936020854973
5.5 90 315 -0.0235923602731876
6.0 90 315 -0.00504770370716721
7.0 90 315 0.00834461230894503
8.0 90 315 0.0120479503042111
9.0 90 315 0.0132499634314655
10.0 90 315 0.0136923183913992
12.0 90 315 0.0139519220478931
15.0 90 315 0.0140184292233286
20.0 90 315 0.0140307122452549
30.0 90 315 0.0140320550039054
3.0 105 315 -2.87600929682193
3.5 105 315 -1.10299844364282
4.0 105 315 -0.418661383076779
4.5 105 315 -0.165430599103683
5.0 105 315 -0.0660654268945815
5.5 105 315 -0.0241981579176534
6.0 105 315 -0.00532525524436309
7.0 105 315 0.00827879551496576
8.0 105 315 0.0120297075404556
9.0 105 315 0.0132441675357001
10.0 105 315 0.0136902514289139
12.0 105 315 0.0139515754369702
15.0 105 315 0.0140183898256787
20.0 105 315 0.0140307097825905
30.0 105 315 0.0140321108927287
3.0 120 315 -3.12659836153294
3.5 120 315 -1.22178251452385
4.0 120 315 -0.464276084047844
4.5 120 315 -0.181681773088405
5.0 120 315 -0.0718817168459732
5.5 120 315 -0.0263705896665163
6.0 120 315 -0.00618465958379971
7.0 120 315 0.00811780492450411
8.0 120 315 0.0119922486259826
9.0 120 315 0.0132337404026541
10.0 120 315 0.0136868942980891
12.0 120 315 0.0139510890610199
15.0 120 315 0.014018341595656
20.0 120 315 0.0140307071249211
30.0 120 315 0.0140321108416653
3.0 135 315 -4.99304820241577
3.5 135 315 -2.10206173228727
4.0 135 315 -0.738339994661047
4.5 135 315 -0.256058786820026
5.0 135 315 -0.0924844079721705
5.5 135 315 -0.0325593982126814
6.0 135 315 -0.00823095236366976
7.0 135 315 0.00782441692933093
8.0 135 315 0.0119354438885785
9.0 135 315 0.0132198745487915
10.0 135 315 0.0136828446368741
12.0 135 315 0.0139505756742974
15.0 135 315 0.0140182963846811
20.0 135 315 0.014030704881486
30.0 135 315 0.0140320548603483
3.0 150 315 -7.90607987447195
3.5 150 315 -4.26320137110412
4.0 150 315 -1.35549656213444
4.5 150 315 -0.388052315494391
5.0 150 315 -0.121584932601111
5.5 150 315 -0.0398132870597414
6.0 150 315 -0.0103014499919861
7.0 150 315 0.00758326673802924
8.0 150 315 0.0118946480018291
9.0 150 315 0.0132107970413245
10.0 150 315 0.0136803644023958
12.0 150 315 0.0139502878821473
15.0 150 315 0.0140182728983362
20.0 150 315 0.0140307037899642
30.0 150 315 0.0140321107842745
3.0 165 315 -6.62483606827163
3.5 165 315 -2.99064829344066
4.0 165 315 -0.98926182358097
4.5 165 315 -0.312986983374095
5.0 165 315 -0.105749284206115
5.5 165 315 -0.0360071019672735
6.0 165 315 -0.00924562350060199
7.0 165 315 0.00770144629769217
8.0 165 315 0.0119141428450352
9.0 165 315 0.0132150621716793
10.0 165 315 0.0136815160300408
12.0 165 315 0.0139504195217788
15.0 165 315 0.0140182835203034
20.0 165 315 0.0140307042804658
30.0 165 315 0.0140320548502347
3.0 175 315 -4.1434722261533
3.5 175 315 -1.69435139855562
4.0 175 315 -0.617815993510746
4.5 175 315 -0.225842109414538
5.0 175 315 -0.0847561535507608
5.5 175 315 -0.0303957541491426
6.0 175 315 -0.00755665971721629
7.0 175 315 0.00791283094125412
8.0 175 315 0.0119515407408238
9.0 175 315 0.0132236359463162
10.0 175 315 0.0136839086557755
12.0 175 315 0.0139507049554331
15.0 175 315 0.0140183073790975
20.0 175 315 0.0140307054135747
30.0 175 315 0.0140321108112767
