# Fix print output for fix 333
2000 1e-14 0.0256605155140756 271.437025224259 -59.4797297086994 -2.58996838088378 5.29436586281979e-09
4000 1.2e-14 0.0256605155140756 267.171178823137 -55.0874426299689 -2.50229485795158 4.65005580892975e-06
6000 1.4e-14 0.0256605155140756 263.854556952816 -8.96608863981749 -2.43413011050592 2.94249030572279e-06
8000 1.6e-14 0.0256605155140756 269.482140069188 48.7176034196371 -2.54979000097304 1.78586623965048e-06
10000 1.8e-14 0.0256605155140756 238.483519506693 76.6967093128137 -1.91269464165227 1.57167513051452e-06
12000 2e-14 0.0256605155140756 263.846937215077 61.0062539495975 -2.43397236226443 1.32962121954262e-06
14000 2.2e-14 0.0256605155140756 294.662657298433 6.70846154277348 -3.06730765599961 1.14750087862943e-06
16000 2.4e-14 0.0256605155140756 262.271570723383 -53.6455172855367 -2.40159351032402 9.83389812578625e-07
18000 2.6e-14 0.0256605155140756 262.646361784515 -68.7226372968303 -2.40929576049938 9.01646849014267e-07
20000 2.8e-14 0.0256605155140756 262.622997377689 -26.6217855344949 -2.40881488365524 8.10285707598331e-07
22000 3e-14 0.0256605155140756 257.572357901468 43.2710877599881 -2.30501157611873 8.62249297559669e-07
24000 3.2e-14 0.0256605155140756 274.004890861124 89.8218988136478 -2.64273830242312 1.0544504159159e-06
26000 3.4e-14 0.0256605155140756 264.003345053154 72.5811590523127 -2.43718190356045 9.97795108690821e-07
28000 3.6e-14 0.0256605155140756 276.506406936268 6.21773592013576 -2.69414849533146 1.15418096653504e-06
30000 3.8e-14 0.0256605155140756 270.495575414346 -63.3350357830326 -2.57061074251107 1.53240488690654e-06
32000 4e-14 0.0256605155140756 231.137246406174 -88.2986770333859 -1.76170311801397 1.49267486801914e-06
34000 4.2e-14 0.0256605155140756 262.389090092217 -48.2536219203837 -2.4040014289688 1.5858338116585e-06
36000 4.4e-14 0.0256605155140756 279.654209488617 18.4052157167825 -2.75883927049529 1.93297345291786e-06
38000 4.6e-14 0.0256605155140756 259.280430398541 63.6805144235326 -2.34010865181136 1.92156464122778e-06
40000 4.8e-14 0.0256605155140756 265.839465587584 66.708442137277 -2.47491115849411 1.89495556084848e-06
42000 5e-14 0.0256605155140756 253.264339306539 28.3936735606209 -2.21646133654213 2.01248425059252e-06
44000 5.2e-14 0.0256605155140756 256.769072919021 -22.8236128893646 -2.28849064143655 1.96703634507879e-06
46000 5.4e-14 0.0256605155140756 265.082875398498 -57.5267804886414 -2.45935767847824 1.91157847223422e-06
48000 5.6e-14 0.0256605155140756 257.389092214404 -55.7110117644022 -2.30123057957668 1.91254000734743e-06
50000 5.8e-14 0.0256605155140756 287.447193902819 -11.2922347587998 -2.91899410759759 1.85774673410227e-06
52000 6e-14 0.0256605155140756 271.027140308555 44.0632088587461 -2.58152166929316 1.78560709128171e-06
54000 6.2e-14 0.0256605155140756 236.745646404821 73.0831108521396 -1.87695445228552 1.72251251197183e-06
56000 6.4e-14 0.0256605155140756 268.764149018149 55.5475689675066 -2.53500871399387 1.66111047209603e-06
58000 6.6e-14 0.0256605155140756 275.154510761737 -5.91616569951117 -2.66634396687722 1.60635031872738e-06
60000 6.8e-14 0.0256605155140756 272.258828950184 -63.1570731594434 -2.60682908061781 1.59261567032214e-06
62000 7e-14 0.0256605155140756 277.638351082115 -66.7239085840947 -2.71738913745245 1.57069941613842e-06
64000 7.2e-14 0.0256605155140756 260.026252558629 -11.5251912827699 -2.35541703551602 1.53672619254422e-06
66000 7.4e-14 0.0256605155140756 268.532126568356 64.8227357145495 -2.5302310256276 1.61256718568736e-06
68000 7.6e-14 0.0256605155140756 259.051501525815 100.423601767966 -2.33537995885572 1.65844504675642e-06
70000 7.8e-14 0.0256605155140756 256.716280562602 70.7299845083162 -2.28738363382232 1.62155800946252e-06
72000 8e-14 0.0256605155140756 294.304532625507 3.48835022590663 -3.05990873513091 1.72248685553834e-06
74000 8.2e-14 0.0256605155140756 267.611669586592 -57.6309112973344 -2.51130519649579 1.82560784808621e-06
76000 8.4e-14 0.0256605155140756 243.450014925653 -69.6241787678646 -2.01472399330539 1.79214938394659e-06
78000 8.6e-14 0.0256605155140756 266.338435531871 -30.4360869140125 -2.48513307497706 1.82473170355772e-06
80000 8.8e-14 0.0256605155140756 265.324859740314 23.0956889051643 -2.46429943825772 1.87247343483532e-06
82000 9e-14 0.0256605155140756 278.073053085903 61.3026821858889 -2.72630264467353 1.83300358312904e-06
84000 9.2e-14 0.0256605155140756 278.868591009804 63.9608353185941 -2.74265026729509 1.82424932131294e-06
86000 9.4e-14 0.0256605155140756 268.419926521041 30.866780731873 -2.5279029988742 1.82373595284941e-06
88000 9.6e-14 0.0256605155140756 279.357644912092 -18.4220562259418 -2.75269652833407 1.7889778539781e-06
90000 9.8e-14 0.0256605155140756 254.00494284888 -59.0551106911099 -2.2316362308959 1.7685473559799e-06
92000 1e-13 0.0256605155140756 262.912286819606 -56.6809971100336 -2.41470085118125 1.74840775153427e-06
94000 1.02e-13 0.0256605155140756 300.931737172268 -7.53654965456126 -3.19608760934007 1.71661483608849e-06
96000 1.04e-13 0.0256605155140756 272.766368843652 49.4593321165383 -2.61721992097396 1.69048894233085e-06
98000 1.06e-13 0.0256605155140756 261.389753668406 74.2301229853449 -2.38340105966655 1.66635375881551e-06
100000 1.08e-13 0.0256605155140756 268.62955794623 41.8637802524099 -2.53219352415116 1.6387249903444e-06
102000 1.1e-13 0.0256605155140756 264.613947436352 -27.8473341498806 -2.44966066998888 1.64209635138117e-06
104000 1.12e-13 0.0256605155140756 283.532027735439 -77.1439403971613 -2.83846903048845 1.67924974267835e-06
106000 1.14e-13 0.0256605155140756 277.108446019328 -68.4720120687081 -2.70644630332716 1.66858188971539e-06
108000 1.16e-13 0.0256605155140756 281.299054122209 -5.68554700167301 -2.79257032043349 1.67269208514722e-06
110000 1.18e-13 0.0256605155140756 289.146159902994 61.6430947814876 -2.953843860304 1.75835217641041e-06
112000 1.2e-13 0.0256605155140756 253.470323551649 80.438987274324 -2.22061818430006 1.78392750365996e-06
114000 1.22e-13 0.0256605155140756 274.535075669308 49.3325450519745 -2.65354584279421 1.76808479043161e-06
116000 1.24e-13 0.0256605155140756 307.753240136782 -5.17034435738552 -3.33625462679494 1.82721362464215e-06
118000 1.26e-13 0.0256605155140756 289.924827053023 -48.4791046727518 -2.96983527955924 1.85167620546401e-06
120000 1.28e-13 0.0256605155140756 293.339145513187 -52.766705261929 -3.04000430240923 1.82144977295277e-06
122000 1.3e-13 0.0256605155140756 289.910686442384 -23.3389784335479 -2.9695381102334 1.82607586530454e-06
124000 1.32e-13 0.0256605155140756 293.918495005759 22.7221412151514 -3.05190483237175 1.82258640717236e-06
126000 1.34e-13 0.0256605155140756 313.782026182468 61.9578114905431 -3.46014395591545 1.80616534480225e-06
128000 1.36e-13 0.0256605155140756 305.829763700211 68.4258242495043 -3.29670270403678 1.80454245864825e-06
130000 1.38e-13 0.0256605155140756 326.904921635976 38.9450454370569 -3.72984357038161 1.7907545032421e-06
132000 1.4e-13 0.0256605155140756 320.414339458354 -13.2516530162505 -3.59644306315274 1.77272293923326e-06
134000 1.42e-13 0.0256605155140756 266.732543904451 -50.1128716316251 -2.49315210804239 1.75355609792874e-06
136000 1.44e-13 0.0256605155140756 271.587924617327 -30.5233094772522 -2.59293879070384 1.73620203069729e-06
138000 1.46e-13 0.0256605155140756 278.619784939224 31.754921329941 -2.7374570468228 1.74789541480595e-06
140000 1.48e-13 0.0256605155140756 278.390531978625 87.8771683166455 -2.73274224243728 1.78887908735639e-06
142000 1.5e-13 0.0256605155140756 300.586823413423 93.8979682873374 -3.1889252186014 1.81463042770062e-06
144000 1.52e-13 0.0256605155140756 295.499953957958 38.3211311991811 -3.08437460664701 1.80265959694498e-06
146000 1.54e-13 0.0256605155140756 305.559580711459 -36.3049116431232 -3.29112033419457 1.82383156749464e-06
148000 1.56e-13 0.0256605155140756 307.289035972601 -77.1927942759754 -3.32666121734893 1.87194656963614e-06
150000 1.58e-13 0.0256605155140756 292.347646772793 -59.2974324629031 -3.01957697105515 1.86261371021709e-06
152000 1.6e-13 0.0256605155140756 323.323794915877 0.775736074327888 -3.65620659141549 1.8741183047216e-06
154000 1.62e-13 0.0256605155140756 310.138521297368 50.1209588638145 -3.38521442267813 1.92524834991662e-06
156000 1.64e-13 0.0256605155140756 272.990688965341 61.6209439779258 -2.62173531985722 1.91639679799521e-06
158000 1.66e-13 0.0256605155140756 291.107286526462 42.2887121929262 -2.99407108824074 1.90926793719859e-06
160000 1.68e-13 0.0256605155140756 292.85381743955 3.58668220178746 -3.02996283357128 1.93645696719349e-06
162000 1.7e-13 0.0256605155140756 295.3375459777 -31.60233296355 -3.08100600258228 1.92996165811761e-06
164000 1.72e-13 0.0256605155140756 294.70592412542 -45.4544063583715 -3.06802140981914 1.92271064556683e-06
166000 1.74e-13 0.0256605155140756 272.186522346474 -29.6709667764528 -2.60519134672323 1.9283458344852e-06
168000 1.76e-13 0.0256605155140756 281.887310312263 14.1411935580402 -2.80456230261901 1.92390811975182e-06
170000 1.78e-13 0.0256605155140756 266.755358537061 55.1835642263393 -2.4935615505967 1.91904503987838e-06
172000 1.8e-13 0.0256605155140756 260.247044852943 63.9973620679447 -2.35979736004591 1.90738571799888e-06
174000 1.82e-13 0.0256605155140756 301.757090492925 31.8025752752268 -3.21292342331276 1.90106208383531e-06
176000 1.84e-13 0.0256605155140756 283.844501641187 -26.1853841664289 -2.84477375673633 1.90165559336939e-06
178000 1.86e-13 0.0256605155140756 260.684042682536 -59.5174323404762 -2.36876855532898 1.88806903366754e-06
180000 1.88e-13 0.0256605155140756 271.621079704768 -36.6079725245947 -2.59354735685616 1.87676984537506e-06
182000 1.9e-13 0.0256605155140756 267.877889583176 21.731538487398 -2.51661255221024 1.89536588066707e-06
184000 1.92e-13 0.0256605155140756 284.109338855976 69.1584443406737 -2.85020372516368 1.94173539061833e-06
186000 1.94e-13 0.0256605155140756 278.724035891744 62.6371195227603 -2.73951924998157 1.96016887511046e-06
188000 1.96e-13 0.0256605155140756 267.800654296442 9.08753307216038 -2.51501456007804 1.9591237169614e-06
190000 1.98e-13 0.0256605155140756 283.435321722693 -45.4224191581133 -2.83634033740018 2.02141265111984e-06
192000 2e-13 0.0256605155140756 255.014064591177 -66.7736750284602 -2.25221271719358 2.07114119662123e-06
194000 2.02e-13 0.0256605155140756 259.360416812389 -41.4535576779264 -2.34153716677076 2.05340828062952e-06
196000 2.04e-13 0.0256605155140756 299.02910605388 8.15093962919592 -3.1568185528297 2.07155010852096e-06
198000 2.06e-13 0.0256605155140756 280.223419893101 45.3737877382143 -2.77031310796124 2.10114782120769e-06
200000 2.08e-13 0.0256605155140756 270.452177530198 58.5323861070171 -2.56948724941863 2.08565838182833e-06
202000 2.1e-13 0.0256605155140756 266.012448032093 43.0812106067677 -2.47823644302518 2.07806399482596e-06
204000 2.12e-13 0.0256605155140756 259.26872892661 5.02243378557482 -2.3396332784665 2.08176342940005e-06
206000 2.14e-13 0.0256605155140756 280.130421345876 -34.6372153076522 -2.76838652297281 2.08067710082906e-06
208000 2.16e-13 0.0256605155140756 269.775977966831 -54.0078488310636 -2.55557409507978 2.07407302944838e-06
210000 2.18e-13 0.0256605155140756 277.611822205622 -30.0902405421615 -2.71661528546729 2.06252257167578e-06
212000 2.2e-13 0.0256605155140756 290.885789821179 25.9556300556386 -2.98942246947882 2.06227189576351e-06
214000 2.22e-13 0.0256605155140756 250.940411927153 69.4553722495002 -2.16844637595006 2.0542903250979e-06
216000 2.24e-13 0.0256605155140756 262.5245554685 69.2007145333483 -2.40652404154947 2.03719798233857e-06
218000 2.26e-13 0.0256605155140756 290.447776302654 18.6203669529166 -2.9804079686319 2.03904709583015e-06
220000 2.28e-13 0.0256605155140756 277.753604263937 -45.6198964320069 -2.71950835391743 2.05082581332127e-06
222000 2.3e-13 0.0256605155140756 279.460875673817 -66.4753691800528 -2.75459255526207 2.05535869083263e-06
224000 2.32e-13 0.0256605155140756 264.219765449428 -30.5250674977598 -2.44134745780331 2.05113918709211e-06
226000 2.34e-13 0.0256605155140756 267.093944167979 31.87632014792 -2.50041451348289 2.07551322468831e-06
228000 2.36e-13 0.0256605155140756 284.816606911751 70.8826023550849 -2.86465270982641 2.12607554444502e-06
230000 2.38e-13 0.0256605155140756 268.144941806234 59.0188277040872 -2.52200601936081 2.13203030664417e-06
232000 2.4e-13 0.0256605155140756 291.559061030954 17.2322198373122 -3.00321719171823 2.13056672373386e-06
234000 2.42e-13 0.0256605155140756 294.014371194644 -26.8466891874994 -3.05367489800559 2.17133575671267e-06
236000 2.44e-13 0.0256605155140756 250.733386638932 -50.5081799320297 -2.164144062085 2.17955666606742e-06
238000 2.46e-13 0.0256605155140756 264.914208588191 -39.4619432256557 -2.4555893183561 2.16340649155784e-06
240000 2.48e-13 0.0256605155140756 278.0482284245 -7.48381679090586 -2.72551988046127 2.17336128272421e-06
242000 2.5e-13 0.0256605155140756 279.523258012371 29.5661085896778 -2.75583055840984 2.1746973066333e-06
244000 2.52e-13 0.0256605155140756 286.433167927077 55.0055007360024 -2.89784073374402 2.16309769980419e-06
246000 2.54e-13 0.0256605155140756 264.286368422802 49.1547340133309 -2.4426669521046 2.15960573380265e-06
248000 2.56e-13 0.0256605155140756 275.647035086273 14.4764684249823 -2.67615094403806 2.16145419881547e-06
250000 2.58e-13 0.0256605155140756 278.423734980519 -31.4789574810184 -2.73321405628589 2.16118909866644e-06
252000 2.6e-13 0.0256605155140756 262.984872017087 -53.7026190928214 -2.41590423998666 2.14894684772326e-06
254000 2.62e-13 0.0256605155140756 300.560341641085 -25.0111218052968 -3.18816405206938 2.14521871975208e-06
256000 2.64e-13 0.0256605155140756 293.142583499895 28.5019392555972 -3.03570622504327 2.15185970279462e-06
258000 2.66e-13 0.0256605155140756 258.67180705999 61.2737335673848 -2.32724534586668 2.14341105289739e-06
260000 2.68e-13 0.0256605155140756 270.428036895101 46.0109037949685 -2.5688589771541 2.13246385371675e-06
262000 2.7e-13 0.0256605155140756 271.3156943196 -7.32455155405001 -2.58709750678225 2.14917390841593e-06
264000 2.72e-13 0.0256605155140756 288.006296870992 -49.1342754483591 -2.93012391428827 2.19156350538694e-06
266000 2.74e-13 0.0256605155140756 290.983136412866 -46.4101453489071 -2.9912996399383 2.20868621656009e-06
268000 2.76e-13 0.0256605155140756 269.583856883968 -4.46870382473514 -2.55148874619351 2.2011840501323e-06
270000 2.78e-13 0.0256605155140756 285.874079767424 46.0727808951349 -2.88628577961022 2.24044371547283e-06
272000 2.8e-13 0.0256605155140756 266.301065549402 64.2660257264161 -2.48400873273367 2.28888255832199e-06
274000 2.82e-13 0.0256605155140756 254.085531568754 45.6574187437648 -2.23294585746437 2.28120469776496e-06
276000 2.84e-13 0.0256605155140756 295.453638667627 11.1782890375094 -3.08315304465368 2.28747213306538e-06
278000 2.86e-13 0.0256605155140756 285.661034351378 -24.1998507961681 -2.88188635436612 2.33070336862895e-06
280000 2.88e-13 0.0256605155140756 270.913268117684 -39.9636564949625 -2.57877964908475 2.33923055727354e-06
282000 2.9e-13 0.0256605155140756 271.804644498623 -28.5163356482976 -2.59709453684649 2.32368790103374e-06
284000 2.92e-13 0.0256605155140756 263.979412016684 3.41049742845562 -2.43626232909122 2.3288403390262e-06
286000 2.94e-13 0.0256605155140756 288.395319445371 42.8680639315327 -2.93806156642586 2.33763784322802e-06
288000 2.96e-13 0.0256605155140756 280.645306365519 59.6535512959236 -2.77877478538169 2.32740977997329e-06
290000 2.98e-13 0.0256605155140756 271.06127925103 38.9123729950249 -2.58179475954611 2.31579226394283e-06
292000 3e-13 0.0256605155140756 290.204712121325 -7.98070144852598 -2.97523195445067 2.31978315124439e-06
294000 3.02e-13 0.0256605155140756 257.369801411249 -52.0201609593731 -2.30039137056869 2.31947756803437e-06
296000 3.04e-13 0.0256605155140756 257.884324236607 -50.3919135881288 -2.31096108279739 2.3052483095976e-06
298000 3.06e-13 0.0256605155140756 293.527036612501 -1.34278180835771 -3.0434971660078 2.30053984174134e-06
300000 3.08e-13 0.0256605155140756 282.938783466734 51.4247542072513 -2.82587756493418 2.31157347179483e-06
302000 3.1e-13 0.0256605155140756 280.616647035535 68.7174614255762 -2.77814642552148 2.31504779799976e-06
304000 3.12e-13 0.0256605155140756 265.802918734249 35.2999469163266 -2.47368359254799 2.304268350895e-06
306000 3.14e-13 0.0256605155140756 259.430052008132 -20.3139134000411 -2.34270071907326 2.31795210567135e-06
308000 3.16e-13 0.0256605155140756 284.265753777983 -53.8802248520314 -2.85312736257177 2.36016747607287e-06
310000 3.18e-13 0.0256605155140756 268.665330450063 -48.1784561893029 -2.53249585970463 2.37021104706075e-06
312000 3.2e-13 0.0256605155140756 280.359577139553 -7.14918078556116 -2.77283452864231 2.36259954966701e-06
314000 3.22e-13 0.0256605155140756 298.010368633424 38.0579990012493 -3.13559372815294 2.39210754109741e-06
316000 3.24e-13 0.0256605155140756 259.926315840841 56.8008065983989 -2.35287039419112 2.4172381474174e-06
318000 3.26e-13 0.0256605155140756 269.191146293494 49.3516112498112 -2.54327896665281 2.40577924077668e-06
320000 3.28e-13 0.0256605155140756 291.51203263387 19.4491639235182 -3.00201975322518 2.40488816745368e-06
322000 3.3e-13 0.0256605155140756 290.719687294934 -20.0129325763519 -2.98572881250093 2.41937096837072e-06
324000 3.32e-13 0.0256605155140756 298.416457672028 -45.6958605777957 -3.14390917061291 2.41461860553944e-06
326000 3.34e-13 0.0256605155140756 273.55381814689 -43.511698132602 -2.63291671431659 2.40199336104945e-06
328000 3.36e-13 0.0256605155140756 278.228267833097 -6.67495604299513 -2.72898173156361 2.40334025254256e-06
330000 3.38e-13 0.0256605155140756 295.912584290623 40.5794445074594 -3.09242991471307 2.4032192682739e-06
332000 3.4e-13 0.0256605155140756 277.146258400591 59.1615837751889 -2.70673117508662 2.39026501753208e-06
334000 3.42e-13 0.0256605155140756 308.316414890874 38.3063761502297 -3.34734514397801 2.38038069811547e-06
336000 3.44e-13 0.0256605155140756 319.659768384827 -10.6366435309572 -3.58047072715183 2.38249224249877e-06
338000 3.46e-13 0.0256605155140756 285.766883442494 -48.9634529933817 -2.88388500185676 2.38015333459664e-06
340000 3.48e-13 0.0256605155140756 296.67232939408 -39.4742584890203 -3.10801130230595 2.3670019633825e-06
342000 3.5e-13 0.0256605155140756 305.118901757676 5.7246576092909 -3.28160157348795 2.36525712937032e-06
344000 3.52e-13 0.0256605155140756 321.488897778108 50.1546444478052 -3.61803665071618 2.3783642743628e-06
346000 3.54e-13 0.0256605155140756 332.56374402073 60.5037618435965 -3.84564360527399 2.37557473679414e-06
348000 3.56e-13 0.0256605155140756 300.906071599635 33.5460867389721 -3.19499674479577 2.36759898864851e-06
350000 3.58e-13 0.0256605155140756 302.327071362621 2.9000118250832 -3.22419512534016 2.39922760202456e-06
352000 3.6e-13 0.0256605155140756 283.368061484694 -10.269595925991 -2.83453613302082 2.43831696170637e-06
354000 3.62e-13 0.0256605155140756 255.819577029139 -1.5166573712703 -2.26834369978883 2.43432449503481e-06
356000 3.64e-13 0.0256605155140756 302.414630487184 23.3237884756279 -3.22597607131716 2.4362765773563e-06
358000 3.66e-13 0.0256605155140756 315.181401937233 41.5517156654462 -3.48835637930802 2.47505498381847e-06
360000 3.68e-13 0.0256605155140756 300.673618408885 45.594941533889 -3.1901803478439 2.49376251883316e-06
362000 3.7e-13 0.0256605155140756 308.343417479653 35.3089202579296 -3.34780599420235 2.48624502492969e-06
364000 3.72e-13 0.0256605155140756 303.095856778945 7.87479075528196 -3.23994932873574 2.50394395495177e-06
366000 3.74e-13 0.0256605155140756 326.234510069226 -22.246833380294 -3.71549646093986 2.5330165408593e-06
368000 3.76e-13 0.0256605155140756 322.156792471459 -38.3357683100766 -3.63168249092636 2.5320430215865e-06
370000 3.78e-13 0.0256605155140756 293.158009996744 -23.8656640838406 -3.03568230162097 2.52077717839693e-06
372000 3.8e-13 0.0256605155140756 312.136952554546 19.3737536194584 -3.425737884333 2.53232949700459e-06
374000 3.82e-13 0.0256605155140756 293.344385090275 51.5914306756829 -3.03949948748216 2.5504145490367e-06
376000 3.84e-13 0.0256605155140756 280.404029546115 45.349004869046 -2.77353844990651 2.55027088149009e-06
378000 3.86e-13 0.0256605155140756 317.51941692017 4.31284661799803 -3.53634085464586 2.54463113027636e-06
380000 3.88e-13 0.0256605155140756 312.240332195124 -44.7409348780546 -3.42783620800495 2.55421435242171e-06
382000 3.9e-13 0.0256605155140756 305.78021538316 -57.7576442760184 -3.29505887035815 2.56635020256257e-06
384000 3.92e-13 0.0256605155140756 299.573302986408 -24.2097156015443 -3.16748553148281 2.56246204820685e-06
386000 3.94e-13 0.0256605155140756 293.859665155426 27.1699372778885 -3.05005061471974 2.56649008693632e-06
388000 3.96e-13 0.0256605155140756 330.947230555758 58.5856259799804 -3.81228098887594 2.59340352392226e-06
390000 3.98e-13 0.0256605155140756 325.377540022656 45.4137471488997 -3.69780358796817 2.59974312666503e-06
392000 4e-13 0.0256605155140756 321.457671030171 8.7650816781364 -3.61723417523387 2.59013039224916e-06
394000 4.02e-13 0.0256605155140756 346.1654524619 -18.2216110790984 -4.12503034217881 2.6215771836698e-06
396000 4.04e-13 0.0256605155140756 299.432177753616 -24.463290671959 -3.16454403737496 2.66004080938742e-06
398000 4.06e-13 0.0256605155140756 277.654704372356 -11.3664997302237 -2.7169595728844 2.66494802458886e-06
400000 4.08e-13 0.0256605155140756 316.287379911686 1.90677870679794 -3.51094608539675 2.68145137660618e-06
402000 4.1e-13 0.0256605155140756 317.823593523032 18.8065819477388 -3.5425122605961 2.70897105958408e-06
404000 4.12e-13 0.0256605155140756 320.900023996268 39.869369491335 -3.60573348947145 2.71600291603564e-06
406000 4.14e-13 0.0256605155140756 302.512517746133 43.7388375279214 -3.22782020769056 2.70886684507421e-06
408000 4.16e-13 0.0256605155140756 310.82450595743 22.0766811716918 -3.39864492389362 2.70214313148817e-06
410000 4.18e-13 0.0256605155140756 345.403963659965 -14.6848956852106 -4.10932752534186 2.70014510074663e-06
412000 4.2e-13 0.0256605155140756 316.941127552104 -43.7758901646552 -3.52434205487099 2.69288365623803e-06
414000 4.22e-13 0.0256605155140756 317.131380891415 -33.1113013730478 -3.52824573213968 2.68511428173778e-06
416000 4.24e-13 0.0256605155140756 333.681976884194 8.66274633545431 -3.86839291139906 2.68480414283321e-06
418000 4.26e-13 0.0256605155140756 312.691706323405 41.3846486024009 -3.43698680874512 2.68080546809498e-06
420000 4.28e-13 0.0256605155140756 332.631667559154 41.6584343420968 -3.84679338934292 2.6808721078052e-06
422000 4.3e-13 0.0256605155140756 343.783343345541 9.15421501388256 -4.07597986449468 2.69363982780359e-06
424000 4.32e-13 0.0256605155140756 337.256090799261 -25.5170103914067 -3.94182270829661 2.71335867781881e-06
426000 4.34e-13 0.0256605155140756 330.625881152042 -33.3885871417687 -3.8055496900758 2.7267607503041e-06
428000 4.36e-13 0.0256605155140756 288.776097970482 -14.634191902118 -2.94543171722465 2.72635716575556e-06
430000 4.38e-13 0.0256605155140756 304.531430868789 20.8728302093134 -3.26923533055067 2.76321015916874e-06
432000 4.4e-13 0.0256605155140756 336.29399475244 46.3909219777334 -3.92202458087352 2.82294764768692e-06
434000 4.42e-13 0.0256605155140756 319.372642871186 43.0914703598443 -3.57424460199972 2.82809385180175e-06
436000 4.44e-13 0.0256605155140756 340.600797202537 22.6631992797362 -4.01052714938789 2.84481018082144e-06
438000 4.46e-13 0.0256605155140756 340.948033778088 -4.99592214368424 -4.01765716700619 2.91173415598701e-06
440000 4.48e-13 0.0256605155140756 317.372959899073 -28.4754190826182 -3.53312770193344 2.94533733925937e-06
442000 4.5e-13 0.0256605155140756 328.734206897345 -36.1290860014378 -3.76662224412429 2.95650761003526e-06
444000 4.52e-13 0.0256605155140756 319.511459290541 -24.6130534292786 -3.57706686916366 2.97096793760265e-06
446000 4.54e-13 0.0256605155140756 324.146022197978 9.77564285014742 -3.67231228274298 2.97448948265301e-06
448000 4.56e-13 0.0256605155140756 314.838974160183 46.0262328306081 -3.48102459023958 2.97524078689712e-06
450000 4.58e-13 0.0256605155140756 277.807098995201 54.3049875744101 -2.71992670779767 2.96438047884128e-06
452000 4.6e-13 0.0256605155140756 306.208331853285 29.5589652659429 -3.30363410484596 2.95950177182481e-06
454000 4.62e-13 0.0256605155140756 312.914074094102 -16.8475696824244 -3.44144735687238 2.96155150823571e-06
456000 4.64e-13 0.0256605155140756 292.59287736638 -47.7458408119585 -3.02379330566031 2.95214031903312e-06
458000 4.66e-13 0.0256605155140756 318.701897579583 -33.7092783840889 -3.56039003059184 2.95576614268562e-06
460000 4.68e-13 0.0256605155140756 314.39456771545 7.07869963784645 -3.47185844895815 2.95972216252424e-06
462000 4.7e-13 0.0256605155140756 307.907074594915 42.9553816990962 -3.3385194984528 2.95809842178495e-06
464000 4.72e-13 0.0256605155140756 309.031304857636 47.4117601301234 -3.36161955690066 2.97226864571984e-06
466000 4.74e-13 0.0256605155140756 293.321148357997 18.3758171652456 -3.03873335511131 2.98838903669405e-06
468000 4.76e-13 0.0256605155140756 319.939110631762 -15.4175440334558 -3.58578987992821 3.01365392895127e-06
470000 4.78e-13 0.0256605155140756 316.729188149603 -35.0376246095095 -3.51981264102001 3.02473469802463e-06
472000 4.8e-13 0.0256605155140756 296.594436867402 -30.1231911161017 -3.10599055496906 3.02397194035492e-06
474000 4.82e-13 0.0256605155140756 325.15717223488 -2.25793661332894 -3.69301684241348 3.07877903282249e-06
476000 4.84e-13 0.0256605155140756 314.279907778981 24.9283921753835 -3.46945753782945 3.1201442376868e-06
478000 4.86e-13 0.0256605155140756 308.93920461696 39.5808541529315 -3.35968799409308 3.11601537406074e-06
480000 4.88e-13 0.0256605155140756 334.533367519951 35.2983499883892 -3.88570282739455 3.15428527034822e-06
482000 4.9e-13 0.0256605155140756 326.742423226959 8.76374755274288 -3.72557477703387 3.19067370183396e-06
484000 4.92e-13 0.0256605155140756 330.758478339367 -21.8754423851956 -3.80810864598591 3.19528478133195e-06
486000 4.94e-13 0.0256605155140756 316.745385789804 -38.4311596143011 -3.52010107010363 3.20932464399617e-06
488000 4.96e-13 0.0256605155140756 303.875011938349 -26.6915467871739 -3.25557932111505 3.20714209056253e-06
490000 4.98e-13 0.0256605155140756 337.888069977388 8.89625215233302 -3.95462260273241 3.20798396863758e-06
492000 5e-13 0.0256605155140756 327.917004439746 35.9676627359866 -3.74968803407348 3.21425382896049e-06
494000 5.02e-13 0.0256605155140756 329.148860372769 38.1328339408116 -3.77500016678702 3.20485665971458e-06
496000 5.04e-13 0.0256605155140756 362.143815269954 15.238926955744 -4.45311909455295 3.20995078562914e-06
498000 5.06e-13 0.0256605155140756 344.35975337848 -21.0523585939901 -4.08760890421564 3.20922196362552e-06
500000 5.08e-13 0.0256605155140756 349.753638671281 -38.2797272675478 -4.19846088202937 3.21462954980404e-06
502000 5.1e-13 0.0256605155140756 362.933295491743 -24.8362333075941 -4.46932846793277 3.24381304872443e-06
504000 5.12e-13 0.0256605155140756 353.805206831169 4.32594645741628 -4.28171928551385 3.25318026304243e-06
506000 5.14e-13 0.0256605155140756 365.623614622567 28.3157773031803 -4.52461011152177 3.26541056923205e-06
508000 5.16e-13 0.0256605155140756 343.446252097791 31.7112518087675 -4.06880762232681 3.28229929971069e-06
510000 5.18e-13 0.0256605155140756 340.997542003577 21.5033666503976 -4.01847608342681 3.29658403480999e-06
512000 5.2e-13 0.0256605155140756 360.882578508993 3.21131941237408 -4.42715569166395 3.33313427561063e-06
514000 5.22e-13 0.0256605155140756 335.553335432739 -19.8498591206842 -3.90657498912604 3.33955476037308e-06
516000 5.24e-13 0.0256605155140756 353.634602562339 -24.3701471659911 -4.27818324797896 3.3530840078937e-06
518000 5.26e-13 0.0256605155140756 372.764979029252 -4.05156808906241 -4.6713529009683 3.4157324841023e-06
520000 5.28e-13 0.0256605155140756 342.946767693039 26.1765989314254 -4.05851349636243 3.43549904296306e-06
522000 5.3e-13 0.0256605155140756 340.787568413841 48.3594841238291 -4.0141325320269 3.44142152499555e-06
524000 5.32e-13 0.0256605155140756 328.411319952174 42.9498517344691 -3.75976725359395 3.47554851881139e-06
526000 5.34e-13 0.0256605155140756 325.983766114448 19.1766937015805 -3.70987138184122 3.48596190960695e-06
528000 5.36e-13 0.0256605155140756 341.29074692604 3.36985543234354 -4.02446180341535 3.49433709094646e-06
530000 5.38e-13 0.0256605155140756 323.894564629166 9.88510088653548 -3.66692521811918 3.49750950588395e-06
532000 5.4e-13 0.0256605155140756 348.952864250801 37.0040909278 -4.18192880372202 3.49057567368547e-06
534000 5.42e-13 0.0256605155140756 370.676368740215 54.7909493335695 -4.62839394057365 3.50495398453546e-06
536000 5.44e-13 0.0256605155140756 354.860711312851 42.4361552605227 -4.30334070722995 3.51239048101719e-06
538000 5.46e-13 0.0256605155140756 386.0021925914 13.5248813303922 -4.94336788767174 3.53080051174288e-06
540000 5.48e-13 0.0256605155140756 397.009694312699 -14.0590203160015 -5.16959404947231 3.55719112436527e-06
542000 5.5e-13 0.0256605155140756 380.156738223495 -21.5971612654084 -4.8232222417089 3.5711445237599e-06
544000 5.52e-13 0.0256605155140756 367.11752677636 -8.54765443202442 -4.55523221565119 3.61052220350317e-06
546000 5.54e-13 0.0256605155140756 334.494275511194 3.1928859485715 -3.88474408035931 3.63161741669448e-06
548000 5.56e-13 0.0256605155140756 352.182515978964 12.4843138659529 -4.2482762240707 3.65076697303948e-06
550000 5.58e-13 0.0256605155140756 370.126166033497 23.6084189588582 -4.61705761838616 3.70868437721774e-06
552000 5.6e-13 0.0256605155140756 345.626042228469 28.5826433818537 -4.1135193027055 3.72116978849088e-06
554000 5.62e-13 0.0256605155140756 362.041829094494 19.7814427700651 -4.45089974241093 3.73999286043745e-06
556000 5.64e-13 0.0256605155140756 359.743625578093 -7.66021752883424 -4.40366354689265 3.80466620022205e-06
558000 5.66e-13 0.0256605155140756 343.930083439421 -28.9363189734028 -4.07865541888012 3.82207147099195e-06
560000 5.68e-13 0.0256605155140756 370.384672991227 -16.2372280881329 -4.62235738175167 3.84784323403256e-06
562000 5.7e-13 0.0256605155140756 367.911163657096 16.5141065802815 -4.57151852820653 3.89511496293902e-06
564000 5.72e-13 0.0256605155140756 365.321983111654 38.2198094587947 -4.51830256553038 3.90751939566195e-06
566000 5.74e-13 0.0256605155140756 361.390877641379 25.3470806159176 -4.43750700434337 3.92914131180506e-06
568000 5.76e-13 0.0256605155140756 337.734663037332 -10.1477312949325 -3.95131424666656 3.94201411169179e-06
570000 5.78e-13 0.0256605155140756 356.735074136939 -26.0206314965453 -4.34181587512504 3.94906458696473e-06
572000 5.8e-13 0.0256605155140756 351.541231440219 -11.4175409680863 -4.23506852562797 3.96771971547032e-06
574000 5.82e-13 0.0256605155140756 338.023713520819 14.2268599131097 -3.95724991040508 3.95911364340194e-06
576000 5.84e-13 0.0256605155140756 365.11267506922 31.4014352865203 -4.51399061976876 3.96580230191717e-06
578000 5.86e-13 0.0256605155140756 350.317746156752 24.4298946207092 -4.20991830079618 3.98021482500097e-06
580000 5.88e-13 0.0256605155140756 336.351026557891 3.31382107178789 -3.9228679543775 3.9941707727955e-06
582000 5.9e-13 0.0256605155140756 346.5753580801 -16.122262639485 -4.13300084827776 4.04038240708245e-06
584000 5.92e-13 0.0256605155140756 342.029502657941 -27.9615134836432 -4.03957165019485 4.06008699882752e-06
586000 5.94e-13 0.0256605155140756 361.393839539716 -27.299400316829 -4.43755363945632 4.11164505857895e-06
588000 5.96e-13 0.0256605155140756 347.08110176226 -19.4379790281254 -4.14339209790219 4.19292525781008e-06
590000 5.98e-13 0.0256605155140756 318.196791391178 -1.82162119979492 -3.54975020968863 4.19349472599654e-06
592000 6e-13 0.0256605155140756 341.119811389018 25.5993999079914 -4.02087173569948 4.23939960792783e-06
594000 6.02e-13 0.0256605155140756 337.082380009671 39.3054959711524 -3.937892255842 4.33007325088815e-06
596000 6.04e-13 0.0256605155140756 340.490338045724 28.2630620761024 -4.00793310318476 4.34223561956841e-06
598000 6.06e-13 0.0256605155140756 364.122295730289 -0.0432744279153157 -4.49362513706235 4.37910214571937e-06
600000 6.08e-13 0.0256605155140756 343.03800567611 -25.0134110408545 -4.06029266124027 4.43800244217241e-06
602000 6.1e-13 0.0256605155140756 341.249627163341 -19.0222447864496 -4.023536912071 4.45608825328633e-06
604000 6.12e-13 0.0256605155140756 350.009090026718 11.1970921612209 -4.20356441434255 4.49145585236183e-06
606000 6.14e-13 0.0256605155140756 358.576877064889 37.5592135049474 -4.37965248192549 4.52026248934664e-06
608000 6.16e-13 0.0256605155140756 381.921884425655 39.2789700987468 -4.85944727435238 4.53629357455951e-06
610000 6.18e-13 0.0256605155140756 347.832609965122 9.03339609092293 -4.15883217199129 4.54492012232633e-06
612000 6.2e-13 0.0256605155140756 331.806892782188 -26.1826751402784 -3.82946596338244 4.54423151329845e-06
614000 6.22e-13 0.0256605155140756 359.13374295434 -31.5903096836671 -4.39109758776645 4.57870674729902e-06
616000 6.24e-13 0.0256605155140756 343.088081544827 -5.51600135796234 -4.06132164076692 4.60005362082202e-06
618000 6.26e-13 0.0256605155140756 346.655809539659 27.5413419965499 -4.13464731013959 4.59716133082717e-06
620000 6.28e-13 0.0256605155140756 352.763073642763 38.7824826875228 -4.26016644260827 4.61636296552137e-06
622000 6.3e-13 0.0256605155140756 328.790089898588 29.2637942801103 -3.76746554596046 4.64660594223474e-06
624000 6.32e-13 0.0256605155140756 328.952289639601 21.0351015305692 -3.77079967209015 4.70736683679491e-06
626000 6.34e-13 0.0256605155140756 313.966200184013 15.7250490472093 -3.46280089266457 4.74002329073933e-06
628000 6.36e-13 0.0256605155140756 319.411473600742 6.17181541800265 -3.57471480070227 4.74692324724971e-06
630000 6.38e-13 0.0256605155140756 346.200550088051 -12.3965982378858 -4.12529454622577 4.83480144438843e-06
632000 6.4e-13 0.0256605155140756 325.537590576165 -28.7817545884764 -3.70062270718617 4.88524413424585e-06
634000 6.42e-13 0.0256605155140756 338.741797510983 -13.7937206794224 -3.97200101248519 4.87539636319199e-06
636000 6.44e-13 0.0256605155140756 361.101889687863 26.3605316364972 -4.43155478707551 4.92553522130429e-06
638000 6.46e-13 0.0256605155140756 350.546932202792 55.392329126795 -4.21462680392685 4.95362771340663e-06
640000 6.48e-13 0.0256605155140756 376.166310915019 50.3951158237977 -4.74116687002609 4.95441901926462e-06
642000 6.5e-13 0.0256605155140756 381.711877590028 13.8586957715337 -4.85514286219404 4.97794870559629e-06
644000 6.52e-13 0.0256605155140756 369.550654169157 -17.0128534422111 -4.60520259791271 4.97591217681531e-06
646000 6.54e-13 0.0256605155140756 357.853113233246 -15.8181792357401 -4.36479247908173 4.98478744842319e-06
648000 6.56e-13 0.0256605155140756 317.200543721431 -4.34335913777085 -3.52928775958731 5.00062961302841e-06
650000 6.58e-13 0.0256605155140756 335.203271096129 -8.49874477471598 -3.8992877892013 5.00044785043917e-06
652000 6.6e-13 0.0256605155140756 356.522539733938 -24.136613767098 -4.33745103738458 5.01794496603409e-06
654000 6.62e-13 0.0256605155140756 333.694365905137 -28.0080745851371 -3.86828001836988 5.02382047627282e-06
656000 6.64e-13 0.0256605155140756 351.13603672673 -8.63194235882416 -4.22674969737444 5.02913498832027e-06
658000 6.66e-13 0.0256605155140756 352.074691141497 10.350306567262 -4.24604332100303 5.04394566988284e-06
660000 6.68e-13 0.0256605155140756 335.470421369489 11.4449620681078 -3.90478849355641 5.04344744551734e-06
662000 6.7e-13 0.0256605155140756 349.085308102035 2.76430293252712 -4.18460875638631 5.04772363495002e-06
664000 6.72e-13 0.0256605155140756 340.20325880697 1.78485106817805 -4.00206412446028 5.04612925101407e-06
666000 6.74e-13 0.0256605155140756 341.243038981865 19.5997761869085 -4.02343635684022 5.09045670310366e-06
668000 6.76e-13 0.0256605155140756 326.246666614483 35.3057910667281 -3.71522793679184 5.1715172950084e-06
670000 6.78e-13 0.0256605155140756 296.981447698138 25.9599446551059 -3.11376077859303 5.17024207935212e-06
672000 6.8e-13 0.0256605155140756 332.883978279874 0.0070468105590338 -3.85164498620642 5.2011244163331e-06
674000 6.82e-13 0.0256605155140756 339.750765689567 -23.0270697270294 -3.99277641507209 5.29064589768198e-06
676000 6.84e-13 0.0256605155140756 320.732606646135 -20.3133088608609 -3.60191083297542 5.29372568202111e-06
678000 6.86e-13 0.0256605155140756 336.394876774564 5.94023090585069 -3.92380990770196 5.31116507419881e-06
680000 6.88e-13 0.0256605155140756 317.84361511212 23.2696195939892 -3.54254030111913 5.36492801528042e-06
682000 6.9e-13 0.0256605155140756 313.233271129899 19.6192409279321 -3.44778939467182 5.36496426725824e-06
684000 6.92e-13 0.0256605155140756 334.157399379796 7.11465858111389 -3.87783251493089 5.38338965819784e-06
686000 6.94e-13 0.0256605155140756 341.725114017739 8.01230373430753 -4.03336989516683 5.41540392227407e-06
688000 6.96e-13 0.0256605155140756 364.368260802295 25.8912562407701 -4.49874318849132 5.42059524822256e-06
690000 6.98e-13 0.0256605155140756 341.911867498049 26.0270374679841 -4.03721445779473 5.43293195598311e-06
692000 7e-13 0.0256605155140756 328.863987908741 -3.70756794356346 -3.76905262036321 5.44305466062715e-06
694000 7.02e-13 0.0256605155140756 367.527700912785 -29.4280749716123 -4.56368687493213 5.45210114632639e-06
696000 7.04e-13 0.0256605155140756 358.559692410504 -22.2224658813056 -4.37937645341614 5.45017062018737e-06
698000 7.06e-13 0.0256605155140756 354.756262625067 18.6916578563826 -4.30121043679157 5.43512540799766e-06
700000 7.08e-13 0.0256605155140756 370.654042821555 51.9266137105358 -4.62795122867571 5.43021777152309e-06
702000 7.1e-13 0.0256605155140756 356.222045982679 35.8755698150528 -4.33134350642724 5.42454394808827e-06
704000 7.12e-13 0.0256605155140756 356.344937252365 -16.1046411183774 -4.33387318903497 5.43996803371176e-06
706000 7.14e-13 0.0256605155140756 340.443615149016 -58.5675189418254 -4.00706756254152 5.44725346028007e-06
708000 7.16e-13 0.0256605155140756 338.313505408358 -53.9039113243548 -3.96329255047097 5.44320398221313e-06
710000 7.18e-13 0.0256605155140756 365.663577241896 -10.5530683176187 -4.52540540901517 5.50504551044026e-06
712000 7.2e-13 0.0256605155140756 340.995884329595 27.0922131133352 -4.01843023504107 5.54489234312885e-06
714000 7.22e-13 0.0256605155140756 340.478243454352 40.4533416713931 -4.00779554596587 5.53293336323799e-06
716000 7.24e-13 0.0256605155140756 368.365316278661 35.468290524579 -4.58094536027754 5.5881791578483e-06
718000 7.26e-13 0.0256605155140756 353.198680790905 25.2233154082017 -4.26923986255644 5.63245930380086e-06
720000 7.28e-13 0.0256605155140756 351.484517073815 21.4928351590403 -4.23401443559154 5.62438512934588e-06
722000 7.3e-13 0.0256605155140756 343.841562665585 11.9774777640809 -4.07693842824561 5.65702979377198e-06
724000 7.32e-13 0.0256605155140756 338.143305315266 -6.01261877904394 -3.95983032459058 5.68443567561489e-06
726000 7.34e-13 0.0256605155140756 359.997276462208 -8.33328015888316 -4.408986030375 5.67281221699416e-06
728000 7.36e-13 0.0256605155140756 353.482151575666 17.8893277150076 -4.27508995129308 5.66654651279215e-06
730000 7.38e-13 0.0256605155140756 372.600588076841 57.5106822273087 -4.66802428375253 5.67500461244719e-06
732000 7.4e-13 0.0256605155140756 391.676662098614 66.3341402900585 -5.06008856684394 5.6814424422553e-06
734000 7.42e-13 0.0256605155140756 348.297269889798 22.0424325800296 -4.1685452942453 5.66956442627951e-06
736000 7.44e-13 0.0256605155140756 336.813505669907 -33.7062316107528 -3.93253228796256 5.67014169946402e-06
738000 7.46e-13 0.0256605155140756 339.343104100623 -48.6942919519553 -3.98452687532372 5.68523721523913e-06
740000 7.48e-13 0.0256605155140756 329.252220037699 -9.28057302756076 -3.77714075621548 5.68281912027559e-06
742000 7.5e-13 0.0256605155140756 340.271019680509 45.0585163396073 -4.00360877278925 5.68083674638567e-06
744000 7.52e-13 0.0256605155140756 326.674922539461 53.5437741969857 -3.72418241905666 5.67270906279156e-06
746000 7.54e-13 0.0256605155140756 321.854239221829 10.6898329212301 -3.62511138485115 5.68159539563646e-06
748000 7.56e-13 0.0256605155140756 321.314490618026 -37.3258872449741 -3.61402378138501 5.72073276019912e-06
750000 7.58e-13 0.0256605155140756 298.815824385782 -47.0916496213176 -3.15162823886112 5.71988284279722e-06
752000 7.6e-13 0.0256605155140756 328.533853351493 -12.9641442533542 -3.76240926163138 5.72654410050974e-06
754000 7.62e-13 0.0256605155140756 343.03971947035 21.9102745787142 -4.06054498294986 5.78122204113299e-06
756000 7.64e-13 0.0256605155140756 308.909177226349 26.053366436845 -3.3590874297557 5.78978672541372e-06
758000 7.66e-13 0.0256605155140756 309.863964381835 16.2160346344257 -3.37871605538804 5.78336285389033e-06
760000 7.68e-13 0.0256605155140756 308.934888921752 15.909950017346 -3.35962680716736 5.81352406303802e-06
762000 7.7e-13 0.0256605155140756 310.705256379023 25.8323527501507 -3.39601743740038 5.81946718749863e-06
764000 7.72e-13 0.0256605155140756 322.615538194631 21.1345417477514 -3.64080750153816 5.80975358719516e-06
766000 7.74e-13 0.0256605155140756 314.522378648958 -10.5248385995868 -3.47447969120086 5.81831759440144e-06
768000 7.76e-13 0.0256605155140756 329.158471743939 -37.7161228133951 -3.7752917217978 5.8310117469674e-06
770000 7.78e-13 0.0256605155140756 319.495792453049 -28.7874137366671 -3.57670674287812 5.83279692002618e-06
772000 7.8e-13 0.0256605155140756 296.029758392369 14.4321864336874 -3.09442986461654 5.82428348610009e-06
774000 7.82e-13 0.0256605155140756 333.188806992005 52.9979411711178 -3.85814179713405 5.82734600581278e-06
776000 7.84e-13 0.0256605155140756 346.603562447185 40.461838618225 -4.13385290124824 5.82899284936507e-06
778000 7.86e-13 0.0256605155140756 332.151759743161 -9.6449676452188 -3.83684043908729 5.81694166958803e-06
780000 7.88e-13 0.0256605155140756 332.935845731246 -40.0593501023334 -3.85296137234764 5.80991332081196e-06
782000 7.9e-13 0.0256605155140756 323.791801699096 -20.7125304457 -3.66503571110922 5.80639983044124e-06
784000 7.92e-13 0.0256605155140756 336.213709918178 27.6888391681783 -3.92034152192983 5.814802138073e-06
786000 7.94e-13 0.0256605155140756 337.533870242771 48.5778129379978 -3.947480465699 5.81780427890242e-06
788000 7.96e-13 0.0256605155140756 325.320825756427 15.6066293740419 -3.6964800108209 5.80538575446623e-06
790000 7.98e-13 0.0256605155140756 344.523512205061 -38.2662873150713 -4.09114704701778 5.83618778844074e-06
792000 8e-13 0.0256605155140756 325.568372399991 -67.2840824371522 -3.70158081891868 5.87046505900876e-06
794000 8.02e-13 0.0256605155140756 311.430031390363 -47.2889219728918 -3.41101071269617 5.8609543325874e-06
796000 8.04e-13 0.0256605155140756 342.34851544341 -0.878933309325629 -4.04646508829342 5.88246042359773e-06
798000 8.06e-13 0.0256605155140756 327.333303212916 28.360999692814 -3.73787405865032 5.91729696677082e-06
800000 8.08e-13 0.0256605155140756 306.703821514256 35.170436120362 -3.31389583941854 5.91000983342158e-06
802000 8.1e-13 0.0256605155140756 307.220391052415 36.5245559123689 -3.32451883470115 5.90705306373649e-06
804000 8.12e-13 0.0256605155140756 310.841271485583 39.2052072599702 -3.39894274274961 5.91684846577409e-06
806000 8.14e-13 0.0256605155140756 335.10435986884 32.7014182442261 -3.89761331244473 5.91106082020514e-06
808000 8.16e-13 0.0256605155140756 323.757244880544 -0.144819946946392 -3.66441003203542 5.89999591258643e-06
810000 8.18e-13 0.0256605155140756 319.317506193174 -41.3705648212118 -3.57316960379778 5.89712952063571e-06
812000 8.2e-13 0.0256605155140756 346.188552965875 -49.4985663287185 -4.12544014486754 5.89801546663734e-06
814000 8.22e-13 0.0256605155140756 327.571274281915 -9.9210971313324 -3.7428184622976 5.8889303243124e-06
816000 8.24e-13 0.0256605155140756 328.646518777032 50.5244015181193 -3.76492392913775 5.87939156236029e-06
818000 8.26e-13 0.0256605155140756 349.252648366761 74.7251908432473 -4.18843594779851 5.87522999734807e-06
820000 8.28e-13 0.0256605155140756 332.604443862648 34.8168446450816 -3.8462834063482 5.86765128993167e-06
822000 8.3e-13 0.0256605155140756 330.719781023406 -27.7011485875531 -3.80755648953401 5.86331133870263e-06
824000 8.32e-13 0.0256605155140756 321.902217249858 -51.3122822750263 -3.62634172045247 5.85542188043006e-06
826000 8.34e-13 0.0256605155140756 317.981422041569 -18.2307772250782 -3.54576713843228 5.85884796796835e-06
828000 8.36e-13 0.0256605155140756 330.568741903163 28.8221906745646 -3.80447360017409 5.88664511450331e-06
830000 8.38e-13 0.0256605155140756 309.618302055205 39.0673826115306 -3.37389973989427 5.88822859238216e-06
832000 8.4e-13 0.0256605155140756 315.374733272441 14.9783312291086 -3.49221483470194 5.88427617912513e-06
834000 8.42e-13 0.0256605155140756 325.319041751523 -12.635490590434 -3.69660134019145 5.92237328563877e-06
836000 8.44e-13 0.0256605155140756 297.859923818443 -21.239617042383 -3.13225860814447 5.93879250965439e-06
838000 8.46e-13 0.0256605155140756 313.704638328205 -9.50761180124849 -3.45791180257708 5.92874980549727e-06
840000 8.48e-13 0.0256605155140756 331.82997499378 -0.546269735359474 -3.83043786808021 5.95243795217382e-06
842000 8.5e-13 0.0256605155140756 322.468826036654 1.26949983002545 -3.63805162361429 5.97344263148013e-06
844000 8.52e-13 0.0256605155140756 321.02721584754 15.999945399865 -3.60843045558072 5.96390824867245e-06
846000 8.54e-13 0.0256605155140756 308.821214947687 46.8373005487579 -3.35757545945217 5.95926073492235e-06
848000 8.56e-13 0.0256605155140756 323.001494068717 69.9706003535315 -3.64902110924216 5.96432161012976e-06
850000 8.58e-13 0.0256605155140756 332.015871019318 45.6702366765271 -3.8342957333737 5.95935606395425e-06
852000 8.6e-13 0.0256605155140756 312.747846071873 -27.8223406024608 -3.43829981202835 5.94792579890022e-06
854000 8.62e-13 0.0256605155140756 334.047113055121 -83.1010119148719 -3.87605767370838 5.94030603859052e-06
856000 8.64e-13 0.0256605155140756 339.453222067956 -63.764626959924 -3.9871740003735 5.93140964304221e-06
858000 8.66e-13 0.0256605155140756 320.269051827784 15.1851933298996 -3.59290180197279 5.92017583546826e-06
860000 8.68e-13 0.0256605155140756 343.375961294056 84.0434538850296 -4.06781136371035 5.90739978002368e-06
862000 8.7e-13 0.0256605155140756 359.426276105583 79.8607425967573 -4.39769176559552 5.89712633831341e-06
864000 8.72e-13 0.0256605155140756 360.562624776832 15.5966354976956 -4.42105529890447 5.90429789850808e-06
866000 8.74e-13 0.0256605155140756 346.670391501037 -45.5168578212276 -4.13554599448114 5.90764718752456e-06
868000 8.76e-13 0.0256605155140756 318.001007605276 -60.0949783968824 -3.54633071641578 5.89671500397595e-06
870000 8.78e-13 0.0256605155140756 339.812141667464 -33.3769448709759 -3.99460920771897 5.92041200368485e-06
872000 8.8e-13 0.0256605155140756 361.961331274415 -6.14776933232423 -4.44983646826822 5.95844797682312e-06
874000 8.82e-13 0.0256605155140756 363.30542819591 2.3844750350443 -4.47747006198481 5.95572555133938e-06
876000 8.84e-13 0.0256605155140756 383.330026970922 7.66737909171905 -4.88903272612431 5.95932400721142e-06
878000 8.86e-13 0.0256605155140756 369.312505563494 17.5319292662174 -4.60094966496498 5.98771798638924e-06
880000 8.88e-13 0.0256605155140756 358.750439127147 24.1577538943763 -4.38388409336041 5.99036207248415e-06
882000 8.9e-13 0.0256605155140756 384.819561119009 11.8812775726775 -4.91967648529543 5.99128385371583e-06
884000 8.92e-13 0.0256605155140756 390.992560699384 -15.431429884592 -5.04655707712475 6.0148709712669e-06
886000 8.94e-13 0.0256605155140756 383.901831091731 -18.5276470091422 -4.90083698006433 6.01980800452813e-06
888000 8.96e-13 0.0256605155140756 343.411147448845 25.7936873707481 -4.06866843362179 6.00869583769301e-06
890000 8.98e-13 0.0256605155140756 307.376095525028 89.2697248835809 -3.32807223816661 6.01517393306409e-06
892000 9e-13 0.0256605155140756 338.190425893971 108.069958531018 -3.96138889116749 6.02797290748652e-06
894000 9.02e-13 0.0256605155140756 348.728226025995 49.8811117828365 -4.17797566571152 6.02563149523551e-06
896000 9.04e-13 0.0256605155140756 345.651715684532 -29.9500626902333 -4.11475627487811 6.01315684237626e-06
898000 9.06e-13 0.0256605155140756 363.629249951828 -58.3891163286045 -4.48424785489505 6.0019353440927e-06
900000 9.08e-13 0.0256605155140756 345.483270102985 -20.0971028580225 -4.11131582321152 5.99628237962214e-06
902000 9.1e-13 0.0256605155140756 345.423575358169 44.5012655907108 -4.11009934262763 5.99213384820434e-06
904000 9.12e-13 0.0256605155140756 366.266761261943 71.5023033056374 -4.53848703017326 5.99288037179459e-06
906000 9.14e-13 0.0256605155140756 375.286369721231 38.0575608635138 -4.72387302528522 6.00902518395131e-06
908000 9.16e-13 0.0256605155140756 380.834755085298 -18.3550558923127 -4.8379174341963 6.02320186982451e-06
910000 9.18e-13 0.0256605155140756 345.266684480233 -52.7066277777726 -4.10692126456579 6.02014944815633e-06
912000 9.2e-13 0.0256605155140756 340.590258742202 -40.1549773577609 -4.01082034358997 6.05047474547574e-06
914000 9.22e-13 0.0256605155140756 375.610225631834 3.55150276726857 -4.73057512402403 6.12549528246069e-06
916000 9.24e-13 0.0256605155140756 353.775247900684 38.0213392167283 -4.28182665193483 6.16156053534009e-06
918000 9.26e-13 0.0256605155140756 345.249536882448 49.9260085024718 -4.10661454019446 6.15197753602354e-06
920000 9.28e-13 0.0256605155140756 355.189194988641 40.5782409138251 -4.31090977514545 6.16649394918507e-06
922000 9.3e-13 0.0256605155140756 333.573122978236 12.8344302241897 -3.86665997135996 6.19268013153409e-06
924000 9.32e-13 0.0256605155140756 331.75846627009 -24.9278798219891 -3.82937567486145 6.19668025365928e-06
926000 9.34e-13 0.0256605155140756 327.477632276531 -63.6925985709895 -3.74140564409507 6.19483940125198e-06
928000 9.36e-13 0.0256605155140756 337.618362147599 -75.1722313013067 -3.94983283296163 6.19083429386451e-06
930000 9.38e-13 0.0256605155140756 353.453379074771 -35.6985436342367 -4.27529186892288 6.18450580174929e-06
932000 9.4e-13 0.0256605155140756 317.208023950229 37.5718483362606 -3.53037577746632 6.18055460206716e-06
934000 9.42e-13 0.0256605155140756 324.305445019846 97.513852517405 -3.67625534852849 6.17133012879862e-06
936000 9.44e-13 0.0256605155140756 348.920690499306 89.681676567394 -4.18216871798931 6.1610128352716e-06
938000 9.46e-13 0.0256605155140756 325.472674033141 14.2108874435795 -3.70026837601493 6.15244159342998e-06
940000 9.48e-13 0.0256605155140756 337.404642705959 -58.0535107459455 -3.9455099738256 6.14011486450106e-06
942000 9.5e-13 0.0256605155140756 346.004534814694 -68.0471992935296 -4.12227032301308 6.13421524838739e-06
944000 9.52e-13 0.0256605155140756 330.164007203372 -15.6779933889627 -3.79672207232464 6.14006027413876e-06
946000 9.54e-13 0.0256605155140756 321.070901070841 42.2863240743388 -3.60984895525397 6.1402729246048e-06
948000 9.56e-13 0.0256605155140756 310.218933519357 42.000161767349 -3.38682674636795 6.13599571467208e-06
950000 9.58e-13 0.0256605155140756 345.268286182014 -2.21696697350189 -4.10718523335034 6.15088630581665e-06
952000 9.6e-13 0.0256605155140756 361.619163241181 -34.9445728120738 -4.44324734895919 6.16775879650249e-06
954000 9.62e-13 0.0256605155140756 323.182951577173 -29.7242859438351 -3.6533049482608 6.1643740128546e-06
956000 9.64e-13 0.0256605155140756 335.704767767909 2.76212923461806 -3.91066968860378 6.18076599883422e-06
958000 9.66e-13 0.0256605155140756 342.635490410831 24.3717265650086 -4.05312512856284 6.22059187827825e-06
960000 9.68e-13 0.0256605155140756 322.017745841766 25.7334832743925 -3.62939374076417 6.2306035091257e-06
962000 9.7e-13 0.0256605155140756 345.133037644511 28.2407801472689 -4.10448010362625 6.22436389677906e-06
964000 9.72e-13 0.0256605155140756 354.590149357742 32.8460518762113 -4.2988593192124 6.23666864000014e-06
966000 9.74e-13 0.0256605155140756 356.37013327025 23.5379621442721 -4.33545558158847 6.24657018897645e-06
968000 9.76e-13 0.0256605155140756 352.794716150562 -13.0287795822944 -4.26198592780426 6.24175458587653e-06
970000 9.78e-13 0.0256605155140756 340.275578776704 -57.8104911419211 -4.00470134236453 6.23286501927e-06
972000 9.8e-13 0.0256605155140756 382.670821971056 -62.9816431255341 -4.87603765739779 6.22769104511466e-06
974000 9.82e-13 0.0256605155140756 392.400594497329 -15.8192050406951 -5.07602300381859 6.22448474416911e-06
976000 9.84e-13 0.0256605155140756 368.767557130875 51.564929738941 -4.59032347848031 6.21365575874219e-06
978000 9.86e-13 0.0256605155140756 397.167331954151 85.1550838214259 -5.17402134276547 6.20699007827422e-06
980000 9.88e-13 0.0256605155140756 391.83100513417 48.1101070995247 -5.06436350346886 6.21130227545591e-06
982000 9.9e-13 0.0256605155140756 368.844622524202 -19.2423172497476 -4.59195423840957 6.20975963578032e-06
984000 9.92e-13 0.0256605155140756 370.648716321906 -43.2850622287751 -4.62904782406942 6.20600875675943e-06
986000 9.94e-13 0.0256605155140756 363.51911447419 -2.98759622177546 -4.48253293965284 6.2181002010507e-06
988000 9.96e-13 0.0256605155140756 376.104414507203 58.0497985818489 -4.741206260302 6.23631628966943e-06
990000 9.98e-13 0.0256605155140756 358.890835785149 72.0481471409134 -4.38744244369534 6.24143164605081e-06
992000 1e-12 0.0256605155140756 349.99787218902 17.8437883452001 -4.2046857699826 6.25376202316421e-06
994000 1.002e-12 0.0256605155140756 407.282081957835 -48.5816593954421 -5.38202809031836 6.29276599450522e-06
996000 1.004e-12 0.0256605155140756 419.637340622965 -60.156849053187 -5.6359761457723 6.315343061748e-06
998000 1.006e-12 0.0256605155140756 415.287633595823 -9.65019865216619 -5.54659773391321 6.31289505915085e-06
1000000 1.008e-12 0.0256605155140756 430.560517512676 50.641895917448 -5.86051072816039 6.32900954224774e-06
