# Fix print output for fix 333
3.0 5 0 27245977979234.8
3.5 5 0 2674329701.61671
4.0 5 0 10772692.4423023
4.5 5 0 217806.849872363
5.0 5 0 10072.1976976788
5.5 5 0 720.541329291752
6.0 5 0 53.5043475278306
7.0 5 0 -5.66294800696671
8.0 5 0 -2.56967581995001
9.0 5 0 -1.3690776841769
10.0 5 0 -0.944365623493891
12.0 5 0 -0.654740316278235
15.0 5 0 -0.498570520461077
20.0 5 0 -0.375923690836716
30.0 5 0 -0.241007961153067
3.0 15 0 5514217630.33405
3.5 15 0 79492759.0043339
4.0 15 0 1597410.90086261
4.5 15 0 62705.6793200652
5.0 15 0 4019.24128837184
5.5 15 0 334.976325106026
6.0 15 0 21.7810731385809
7.0 15 0 -5.61612259494554
8.0 15 0 -2.50564474934716
9.0 15 0 -1.36262438565811
10.0 15 0 -0.946167067513956
12.0 15 0 -0.656297944493137
15.0 15 0 -0.499456994370234
20.0 15 0 -0.376524756121561
30.0 15 0 -0.26131811307581
3.0 30 0 2733408.476056
3.5 30 0 325583.279986192
4.0 30 0 31851.0772977756
4.5 30 0 3340.89544656111
5.0 30 0 379.527865686361
5.5 30 0 34.2380709893032
6.0 30 0 -5.68899735008118
7.0 30 0 -5.18089571906856
8.0 30 0 -2.37881555952502
9.0 30 0 -1.35048716095645
10.0 30 0 -0.948463282896598
12.0 30 0 -0.657224690919938
15.0 30 0 -0.499624571571196
20.0 30 0 -0.377228724230694
30.0 30 0 -0.241683144167111
3.0 45 0 112413.145751547
3.5 45 0 16615.8728801242
4.0 45 0 2736.82776940274
4.5 45 0 467.104103057663
5.0 45 0 69.7632475471742
5.5 45 0 0.704514383158219
6.0 45 0 -8.33713350332994
7.0 45 0 -5.02288741469337
8.0 45 0 -2.4308492792743
9.0 45 0 -1.39713542835691
10.0 45 0 -0.971434445090622
12.0 45 0 -0.660667150659114
15.0 45 0 -0.499233451996031
20.0 45 0 -0.37719531105004
30.0 45 0 -0.261065519754313
3.0 60 0 94600.6166767824
3.5 60 0 13566.2729983201
4.0 60 0 2405.08340739545
4.5 60 0 472.760914201807
5.0 60 0 87.8563933162339
5.5 60 0 7.74385759298905
6.0 60 0 -6.84043334566941
7.0 60 0 -5.66276737555057
8.0 60 0 -2.84296705008011
9.0 60 0 -1.58003104780313
10.0 60 0 -1.04714683575482
12.0 60 0 -0.673242371979929
15.0 60 0 -0.499564935464757
20.0 60 0 -0.37680575321547
30.0 60 0 -0.253152414998308
3.0 75 0 127884.993815165
3.5 75 0 24708.6683701127
4.0 75 0 5880.88526796514
4.5 75 0 1519.09436741303
5.0 75 0 395.599903774942
5.5 75 0 95.1887959973093
6.0 75 0 15.9650324781397
7.0 75 0 -5.85739941359772
8.0 75 0 -3.78856685369731
9.0 75 0 -2.03154128610999
10.0 75 0 -1.2329992590616
12.0 75 0 -0.704922374662124
15.0 75 0 -0.502094793315643
20.0 75 0 -0.376192783735322
30.0 75 0 -0.272096693733899
3.0 90 0 717561.089048707
3.5 90 0 217342.131198474
4.0 90 0 60353.4394037952
4.5 90 0 16040.2572094824
5.0 90 0 4221.58820103181
5.5 90 0 1110.44569222377
6.0 90 0 286.405355750364
7.0 90 0 10.5912431130137
8.0 90 0 -4.53467355074606
9.0 90 0 -2.92217577956254
10.0 90 0 -1.62815402916653
12.0 90 0 -0.770531221431676
15.0 90 0 -0.508120511036031
20.0 90 0 -0.376244483717564
30.0 90 0 -0.236183916995005
3.0 105 0 27887088.4974069
3.5 105 0 8295587.76912633
4.0 105 0 1809453.01042221
4.5 105 0 356960.98902092
5.0 105 0 71245.5089865386
5.5 105 0 15039.5404763465
6.0 105 0 3377.84858466718
7.0 105 0 185.743167156871
8.0 105 0 3.6851017963563
9.0 105 0 -3.90976972566904
10.0 105 0 -2.31407114498457
12.0 105 0 -0.884449560646793
15.0 105 0 -0.517920022591668
20.0 105 0 -0.377123086641724
30.0 105 0 -0.257870885474274
3.0 120 0 8504461767.68221
3.5 120 0 1759596746.06281
4.0 120 0 169314625.614754
4.5 120 0 15154031.1096041
5.0 120 0 1615958.78790909
5.5 120 0 213830.73713893
6.0 120 0 34279.3505379692
7.0 120 0 1326.13256611459
8.0 120 0 59.6052783867038
9.0 120 0 -2.61912243484495
10.0 120 0 -3.11093970998044
12.0 120 0 -1.03651338452889
15.0 120 0 -0.529346994213037
20.0 120 0 -0.378132394203864
30.0 120 0 -0.239748083489473
3.0 135 0 883082705446603
3.5 135 0 11707850508071.5
4.0 135 0 41868271582.513
4.5 135 0 603509842.448357
5.0 135 0 23200791.1397796
5.5 135 0 1665251.03230724
6.0 135 0 180850.839482046
7.0 135 0 4580.2188298444
8.0 135 0 189.183219198944
9.0 135 0 2.628285774717
10.0 135 0 -3.55417607814773
12.0 135 0 -1.16198105563989
15.0 135 0 -0.537133767079448
20.0 135 0 -0.378182745890996
30.0 135 0 -0.260611878104845
3.0 150 0 2.00698082977736e+17
3.5 150 0 140077287977956
4.0 150 0 113111361110.664
4.5 150 0 1034209885.66819
5.0 150 0 32886655.5394439
5.5 150 0 2142172.88950902
6.0 150 0 219905.484063696
7.0 150 0 5255.54865358074
8.0 150 0 213.068958914853
9.0 150 0 3.635182714847
10.0 150 0 -3.5846307651795
12.0 150 0 -1.17387335191536
15.0 150 0 -0.535691908792176
20.0 150 0 -0.376609498191686
30.0 150 0 -0.24033171436963
3.0 165 0 50990598512.3916
3.5 165 0 8619930555.39188
4.0 165 0 564513779.290098
4.5 165 0 37200508.4057844
5.0 165 0 3224767.12266008
5.5 165 0 371742.302239351
6.0 165 0 54290.1686398483
7.0 165 0 1892.06486046154
8.0 165 0 84.5605738340046
9.0 165 0 -1.65769809554869
10.0 165 0 -3.2406080397903
12.0 165 0 -1.05995505633
15.0 165 0 -0.524389531641141
20.0 165 0 -0.373650740963264
30.0 165 0 -0.258942755695605
3.0 175 0 477683742.806992
3.5 175 0 123987302.834999
4.0 175 0 19378514.9552961
4.5 175 0 2698510.43425852
5.0 175 0 401333.67480431
5.5 175 0 67402.2609266654
6.0 175 0 12789.9279744566
7.0 175 0 597.491435782781
8.0 175 0 24.9698812133394
9.0 175 0 -3.69103173482674
10.0 175 0 -2.75381367503656
12.0 175 0 -0.951849172328944
15.0 175 0 -0.513770595706117
20.0 175 0 -0.37150539157759
30.0 175 0 -0.237954006770421
3.0 5 30 27245977979234.2
3.5 5 30 2674329701.40724
4.0 5 30 10772692.4185211
4.5 5 30 217806.867278906
5.0 5 30 10072.2184558528
5.5 5 30 720.557405673634
6.0 5 30 53.5154408518755
7.0 5 30 -5.65811591841009
8.0 5 30 -2.56753676292612
9.0 5 30 -1.36804934826073
10.0 5 30 -0.943811362396429
12.0 5 30 -0.654508048100116
15.0 5 30 -0.498453937530074
20.0 5 30 -0.375863565198008
30.0 5 30 -0.24100832292545
3.0 15 30 5514217625.2197
3.5 15 30 79492757.6911097
4.0 15 30 1597410.6500537
4.5 15 30 62705.69761401
5.0 15 30 4019.30722260345
5.5 15 30 335.034798985891
6.0 15 30 21.8233191683642
7.0 15 30 -5.59730929288022
8.0 15 30 -2.49740461928651
9.0 15 30 -1.35876475713958
10.0 15 30 -0.944157457140516
12.0 15 30 -0.655513263549833
15.0 15 30 -0.499085999673749
20.0 15 30 -0.376342485430515
30.0 15 30 -0.261348563942193
3.0 30 30 2733375.92231367
3.5 30 30 325573.815871318
4.0 30 30 31848.5859827887
4.5 30 30 3340.41987876866
5.0 30 30 379.574911725368
5.5 30 30 34.3780722261049
6.0 30 30 -5.5654264803415
7.0 30 30 -5.12034274629029
8.0 30 30 -2.35242103609453
9.0 30 30 -1.33862009129247
10.0 30 30 -0.942651833251369
12.0 30 30 -0.655252035532886
15.0 30 30 -0.498815664901525
20.0 30 30 -0.376905358341283
30.0 30 30 -0.242027191272519
3.0 45 30 112205.403697514
3.5 45 30 16550.5554606672
4.0 45 30 2717.19078174008
4.5 45 30 461.67199324068
5.0 45 30 68.5708754424765
5.5 45 30 0.670615709805889
6.0 45 30 -8.12741269772535
7.0 45 30 -4.86822092572697
8.0 45 30 -2.36059510692686
9.0 45 30 -1.36653476195676
10.0 45 30 -0.957380851241898
12.0 45 30 -0.656647853731054
15.0 45 30 -0.49789959223924
20.0 45 30 -0.376836739137154
30.0 45 30 -0.262024348191275
3.0 60 30 92934.4637031704
3.5 60 30 13018.9625595386
4.0 60 30 2232.94638463567
4.5 60 30 420.510053984765
5.0 60 30 72.8317828355406
5.5 60 30 3.94474284890442
6.0 60 30 -7.43761028694168
7.0 60 30 -5.35951470104836
8.0 60 30 -2.6677712382015
9.0 60 30 -1.50321328606022
10.0 60 30 -1.01372160614581
12.0 60 30 -0.66526654354022
15.0 60 30 -0.497533299747904
20.0 60 30 -0.376340860175484
30.0 60 30 -0.240942969711457
3.0 75 30 108266.642443264
3.5 75 30 18176.3836717673
4.0 75 30 3867.75001860786
4.5 75 30 921.032573846119
5.0 75 30 221.332207083395
5.5 75 30 45.5942097765039
6.0 75 30 2.64891344803912
7.0 75 30 -6.1142776828881
8.0 75 30 -3.42676701833665
9.0 75 30 -1.84545020904243
10.0 75 30 -1.15356615989364
12.0 75 30 -0.688851900437135
15.0 75 30 -0.499027212180535
20.0 75 30 -0.375819898690466
30.0 75 30 -0.273282124377043
3.0 90 30 300871.731020193
3.5 90 30 81861.3238914271
4.0 90 30 22716.6559238268
4.5 90 30 6240.65534491864
5.0 90 30 1701.3235630779
5.5 90 30 455.344440436149
6.0 90 30 114.061030760636
7.0 90 30 -0.439092313001939
8.0 90 30 -4.48170168429387
9.0 90 30 -2.54221530522512
10.0 90 30 -1.44984933686679
12.0 90 30 -0.738490253526351
15.0 90 30 -0.50350649592992
20.0 90 30 -0.37573352589948
30.0 90 30 -0.237345021612208
3.0 105 30 4745958.32882659
3.5 105 30 1477795.10514002
4.0 105 30 372672.545982207
4.5 105 30 86878.965334903
5.0 105 30 20183.2615664102
5.5 105 30 4818.18640660526
6.0 105 30 1182.44345433049
7.0 105 30 66.085406315098
8.0 105 30 -2.41018757337538
9.0 105 30 -3.55542376066198
10.0 105 30 -1.98054174114265
12.0 105 30 -0.825737129272018
15.0 105 30 -0.511306929358591
20.0 105 30 -0.376367327578274
30.0 105 30 -0.258979878970344
3.0 120 30 263305367.759789
3.5 120 30 70768707.5830683
4.0 120 30 11994101.9735078
4.5 120 30 1811003.57685477
5.0 120 30 287626.03100595
5.5 120 30 50763.6068458121
6.0 120 30 9987.71705177568
7.0 120 30 485.151056759865
8.0 120 30 19.270534101847
9.0 120 30 -3.83255424749683
10.0 120 30 -2.68279857415497
12.0 120 30 -0.94735230409935
15.0 120 30 -0.520977173883199
20.0 120 30 -0.377279187420497
30.0 120 30 -0.240721513314602
3.0 135 30 38865091251.6489
3.5 135 30 6798958390.14264
4.0 135 30 473977326.051895
4.5 135 30 32749393.8805686
5.0 135 30 2928033.27583005
5.5 135 30 344386.632022352
6.0 135 30 50972.5222177032
7.0 135 30 1803.11135855749
8.0 135 30 80.7224852485019
9.0 135 30 -1.81644477833321
10.0 135 30 -3.22976003768559
12.0 135 30 -1.06143963412315
15.0 135 30 -0.528597301756037
20.0 135 30 -0.377243604496045
30.0 135 30 -0.241226633523371
3.0 150 30 522808789550.734
3.5 150 30 61919592142.7569
4.0 150 30 2238706658.20566
4.5 150 30 97877114.4294409
5.0 150 30 6596009.65605447
5.5 150 30 649474.188770887
6.0 150 30 85601.1150232553
7.0 150 30 2664.21692965382
8.0 150 30 116.580612751421
9.0 150 30 -0.379275463720933
10.0 150 30 -3.37431883754992
12.0 150 30 -1.09811346277458
15.0 150 30 -0.529348246978052
20.0 150 30 -0.375709889316517
30.0 150 30 -0.240416940798584
3.0 165 30 9943043965.47384
3.5 165 30 2025555393.75764
4.0 165 30 188958457.17872
4.5 165 30 16478158.9498346
5.0 165 30 1725318.48602483
5.5 165 30 225468.018390923
6.0 165 30 35836.340805937
7.0 165 30 1373.0849168517
8.0 165 30 61.7527073070731
9.0 165 30 -2.52288768973017
10.0 165 30 -3.10952712481172
12.0 165 30 -1.02802955749444
15.0 165 30 -0.521512014920577
20.0 165 30 -0.373172958586962
30.0 165 30 -0.258842419136179
3.0 175 30 358341777.652477
3.5 175 30 94632128.1939894
4.0 175 30 15392199.0266046
4.5 175 30 2229896.19630063
5.0 175 30 342393.446772745
5.5 175 30 58900.6856661267
6.0 175 30 11373.6653994906
7.0 175 30 541.515382955838
8.0 175 30 22.1541599497082
9.0 175 30 -3.75488636850033
10.0 175 30 -2.71210186073819
12.0 175 30 -0.943653243168174
15.0 175 30 -0.512954907479014
20.0 175 30 -0.371351739504041
30.0 175 30 -0.237911735391084
3.0 5 45 27245977979233.1
3.5 5 45 2674329701.17056
4.0 5 45 10772692.3931959
4.5 5 45 217806.888331691
5.0 5 45 10072.2428914134
5.5 5 45 720.576217615932
6.0 5 45 53.5283936575063
7.0 5 45 -5.65247944796845
8.0 5 45 -2.56503950623924
9.0 5 45 -1.36684688217823
10.0 5 45 -0.943161784968904
12.0 5 45 -0.654234683400516
15.0 5 45 -0.498316404910019
20.0 5 45 -0.375792428748105
30.0 5 45 -0.241008401155531
3.0 15 45 5514217619.83611
3.5 15 45 79492756.3334738
4.0 15 45 1597410.40638147
4.5 15 45 62705.7304530482
5.0 15 45 4019.3852203027
5.5 15 45 335.101724308444
6.0 15 45 21.8711649168958
7.0 15 45 -5.57611416325479
8.0 15 45 -2.48810574792195
9.0 15 45 -1.354388516158
10.0 15 45 -0.941863996457587
12.0 15 45 -0.65460504707251
15.0 15 45 -0.498650481982208
20.0 15 45 -0.37612333097897
30.0 15 45 -0.261358343603453
3.0 30 45 2733345.74780032
3.5 30 45 325565.211510604
4.0 30 45 31846.4102885931
4.5 30 45 3340.0665292041
5.0 30 45 379.673305858344
5.5 30 45 34.5418842697634
6.0 30 45 -5.42963939703449
7.0 30 45 -5.05564322564015
8.0 30 45 -2.32424615384519
9.0 30 45 -1.32585585127036
10.0 30 45 -0.936323192132039
12.0 30 45 -0.653034909218513
15.0 30 45 -0.497864406311073
20.0 30 45 -0.376465335250515
30.0 30 45 -0.242139966230128
3.0 45 45 112039.282701935
3.5 45 45 16499.1182754097
4.0 45 45 2702.06414103477
4.5 45 45 457.689991511926
5.0 45 45 67.8418289927797
5.5 45 45 0.783364338120308
6.0 45 45 -7.87212673278094
7.0 45 45 -4.70953529750158
8.0 45 45 -2.2897963463767
9.0 45 45 -1.33551150847802
10.0 45 45 -0.942905930919308
12.0 45 45 -0.65230148185419
15.0 45 45 -0.496318020318444
20.0 45 45 -0.376197150090627
30.0 45 45 -0.262333361811666
3.0 60 45 91830.6898148806
3.5 60 45 12659.7755422203
4.0 60 45 2120.6607070762
4.5 60 45 386.854460560309
5.0 60 45 63.5056715129182
5.5 60 45 1.86093504709123
6.0 60 45 -7.53873626604794
7.0 60 45 -5.03166521082725
8.0 60 45 -2.49894865504308
9.0 60 45 -1.42984479714895
10.0 60 45 -0.981339597517859
12.0 60 45 -0.657070786985678
15.0 60 45 -0.495138049605616
20.0 60 45 -0.375369545238684
30.0 60 45 -0.241362382310931
3.0 75 45 98278.17533742
3.5 75 45 14854.0481067164
4.0 75 45 2829.39276127522
4.5 75 45 607.041934204265
5.0 75 45 128.788009623409
5.5 75 45 19.4677705517856
6.0 75 45 -3.96119343395211
7.0 75 45 -5.88906285076939
8.0 75 45 -3.06546059691388
9.0 75 45 -1.67529788370248
10.0 75 45 -1.08090308348911
12.0 75 45 -0.673270295466268
15.0 75 45 -0.495525007011938
20.0 75 45 -0.374757008893288
30.0 75 45 -0.253273060852422
3.0 90 45 160026.818087133
3.5 90 45 35395.5916614544
4.0 90 45 9118.03268603196
4.5 90 45 2459.6783930113
5.0 90 45 664.614772528558
5.5 90 45 171.277077028591
6.0 90 45 36.8664752343339
7.0 90 45 -4.89943914582584
8.0 90 45 -4.05405202387592
9.0 90 45 -2.18594380589282
10.0 90 45 -1.29250873750544
12.0 90 45 -0.708994959253583
15.0 90 45 -0.498497279406121
20.0 90 45 -0.374449141605888
30.0 90 45 -0.257205162606539
3.0 105 45 1007129.28652468
3.5 105 45 310405.158877016
4.0 105 45 85260.8766121392
4.5 105 45 22230.1730123816
5.0 105 45 5741.99645663872
5.5 105 45 1490.3361931558
6.0 105 45 383.518720428937
7.0 105 45 16.8815373243424
8.0 105 45 -4.38037126593189
9.0 105 45 -3.03778817511594
10.0 105 45 -1.68122010033899
12.0 105 45 -0.773304358112696
15.0 105 45 -0.504455044930964
20.0 105 45 -0.374891516851912
30.0 105 45 -0.238884464596605
3.0 120 45 20665740.2712893
3.5 120 45 6209934.9647176
4.0 120 45 1392666.92317849
4.5 120 45 283396.259474997
5.0 120 45 58150.2829546735
5.5 120 45 12551.8442783993
6.0 120 45 2865.9127927914
7.0 120 45 159.321059318171
8.0 120 45 2.31724103953327
9.0 120 45 -3.85973740402452
10.0 120 45 -2.24881155106914
12.0 120 45 -0.867487429533816
15.0 120 45 -0.51250511520055
20.0 120 45 -0.375573454559686
30.0 120 45 -0.240650510354142
3.0 135 45 654946146.457373
3.5 135 45 166635798.552491
4.0 135 45 24886006.2857318
4.5 135 45 3314668.18864475
5.0 135 45 475804.48497436
5.5 135 45 77825.1811962976
6.0 135 45 14487.8136565939
7.0 135 45 662.717140080033
8.0 135 45 28.2074409003599
9.0 135 45 -3.62094501637858
10.0 135 45 -2.8073202214073
12.0 135 45 -0.967761970573269
15.0 135 45 -0.519879367053512
20.0 135 45 -0.375800037143229
30.0 135 45 -0.261097750313848
3.0 150 45 6917853836.06587
3.5 150 45 1460153203.2787
4.0 150 45 146262962.134647
4.5 150 45 13544823.4190923
5.0 150 45 1479712.3047282
5.5 150 45 199081.88499117
6.0 150 45 32282.3964573925
7.0 150 45 1265.09786077299
8.0 150 45 56.8432056595557
9.0 150 45 -2.7037134073992
10.0 150 45 -3.0782659425548
12.0 150 45 -1.02253304873908
15.0 150 45 -0.522617862737483
20.0 150 45 -0.374619475130901
30.0 150 45 -0.240228909127111
3.0 165 45 2217432341.1321
3.5 165 45 516746628.181921
4.0 165 45 63615937.5787507
4.5 165 45 7065928.80687183
5.0 165 45 881741.610459847
5.5 165 45 130238.785822759
6.0 165 45 22541.7356184243
7.0 165 45 950.657896482419
8.0 165 45 42.1937993570333
9.0 165 45 -3.1997585032342
10.0 165 45 -2.95356275725592
12.0 165 45 -0.993347718922084
15.0 165 45 -0.518285325545742
20.0 165 45 -0.372611885728882
30.0 165 45 -0.258698721051307
3.0 175 45 259048415.904013
3.5 175 45 69687551.7360855
4.0 175 45 11836044.3673717
4.5 175 45 1790998.98488808
5.0 175 45 284953.709397103
5.5 175 45 50360.0275370224
6.0 175 45 9918.16448130261
7.0 175 45 482.310152746998
8.0 175 45 19.1487335870321
9.0 175 45 -3.81516134372811
10.0 175 45 -2.66337056024312
12.0 175 45 -0.934205568392962
15.0 175 45 -0.512004723929697
20.0 175 45 -0.371170481215768
30.0 175 45 -0.237861463110652
3.0 5 60 27245977979231.9
3.5 5 60 2674329700.88034
4.0 5 60 10772692.36462
4.5 5 60 217806.91636093
5.0 5 60 10072.2744211609
5.5 5 60 720.600318710222
6.0 5 60 53.5449446281029
7.0 5 60 -5.64528522199732
8.0 5 60 -2.56184894178336
9.0 5 60 -1.36530746453414
10.0 5 60 -0.94232780143984
12.0 5 60 -0.653881846070519
15.0 5 60 -0.498138085040042
20.0 5 60 -0.375700056019595
30.0 5 60 -0.241008195845203
3.0 15 60 5514217613.78685
3.5 15 60 79492754.8447011
4.0 15 60 1597410.16295905
4.5 15 60 62705.7876897286
5.0 15 60 4019.48574758566
5.5 15 60 335.184990954647
6.0 15 60 21.9300003751601
7.0 15 60 -5.55020044556423
8.0 15 60 -2.47671036240294
9.0 15 60 -1.3489935246175
10.0 15 60 -0.939013488319041
12.0 15 60 -0.653456930837609
15.0 15 60 -0.498091540256598
20.0 15 60 -0.37583663170335
30.0 15 60 -0.261347462973578
3.0 30 60 2733316.65310308
3.5 30 60 325557.138662849
4.0 30 60 31844.4920842171
4.5 30 60 3339.84414645283
5.0 30 60 379.842485072004
5.5 30 60 34.7460652671679
6.0 30 60 -5.26982073766071
7.0 30 60 -4.98154913266131
8.0 30 60 -2.29196807889824
9.0 30 60 -1.31108592377958
10.0 30 60 -0.928885792434986
12.0 30 60 -0.650330630272769
15.0 30 60 -0.496650950587181
20.0 30 60 -0.375847425775001
30.0 30 60 -0.242023302520214
3.0 45 60 111904.071123253
3.5 45 60 16458.1781641625
4.0 45 60 2690.44853502075
4.5 45 60 454.893188039565
5.0 45 60 67.5245832681061
5.5 45 60 1.04665533277184
6.0 45 60 -7.55729051362852
7.0 45 60 -4.5376058465681
8.0 45 60 -2.21414645316763
9.0 45 60 -1.3020428090297
10.0 45 60 -0.926970330702343
12.0 45 60 -0.647233719045304
15.0 45 60 -0.494305880277139
20.0 45 60 -0.375186233082831
30.0 45 60 -0.262017145617267
3.0 60 60 91097.7612677829
3.5 60 60 12424.8221319358
4.0 60 60 2048.29698737233
4.5 60 60 365.800096708617
5.0 60 60 58.1253289933294
5.5 60 60 1.00247684104648
6.0 60 60 -7.26603833690843
7.0 60 60 -4.67411666987488
8.0 60 60 -2.32903642483611
9.0 60 60 -1.35612887744997
10.0 60 60 -0.948141008630568
12.0 60 60 -0.648046533186428
15.0 60 60 -0.492128405799193
20.0 60 60 -0.374078596813988
30.0 60 60 -0.240933002487725
3.0 75 60 93188.0849061256
3.5 75 60 13170.890797912
4.0 75 60 2299.68892759905
4.5 75 60 445.714661662208
5.0 75 60 81.5433866498078
5.5 75 60 6.72756975236104
6.0 75 60 -6.65296935558717
7.0 75 60 -5.3736409960504
8.0 75 60 -2.70422681249461
9.0 75 60 -1.51397386225866
10.0 75 60 -1.01130152072111
12.0 75 60 -0.657192995206057
15.0 75 60 -0.491260189534569
20.0 75 60 -0.372591497664373
30.0 75 60 -0.272317234019391
3.0 90 60 110575.167090428
3.5 90 60 18950.8922289595
4.0 90 60 4110.16713163996
4.5 90 60 994.502581152071
5.0 90 60 243.241708296867
5.5 90 60 52.0073293014459
6.0 90 60 4.44593416841177
7.0 90 60 -6.03906243591267
8.0 90 60 -3.44911361986741
9.0 90 60 -1.85125963934658
10.0 90 60 -1.14890840181106
12.0 90 60 -0.680325897777404
15.0 90 60 -0.492672407152563
20.0 90 60 -0.372235624917039
30.0 90 60 -0.236246078716581
3.0 105 60 265989.499254512
3.5 105 60 70398.7655377642
4.0 105 60 19413.9006992323
4.5 105 60 5340.69968770888
5.0 105 60 1459.47893876504
5.5 105 60 390.182930570892
6.0 105 60 96.5385155774125
7.0 105 60 -1.48245612741866
8.0 105 60 -4.4053895033682
9.0 105 60 -2.46403583674928
10.0 105 60 -1.40895842083495
12.0 105 60 -0.724216154632172
15.0 105 60 -0.496838813084355
20.0 105 60 -0.372520725329517
30.0 105 60 -0.257822820525678
3.0 120 60 2216243.19728112
3.5 120 60 693378.172561607
4.0 120 60 183416.595937196
4.5 120 60 45373.8994890385
5.0 120 60 11144.8889620528
5.5 120 60 2782.44917708398
6.0 120 60 702.775292206787
7.0 120 60 37.0725184874416
8.0 120 60 -3.67567888276341
9.0 120 60 -3.30756563715267
10.0 120 60 -1.8235747771639
12.0 120 60 -0.792777037857707
15.0 120 60 -0.503318084259609
20.0 120 60 -0.373420109141968
30.0 120 60 -0.239608938477059
3.0 135 60 32177779.520248
3.5 135 60 9523055.47126821
4.0 135 60 2048865.65302325
4.5 135 60 398090.881823952
5.0 135 60 78390.8963280968
5.5 135 60 16369.9934219568
6.0 135 60 3647.39394822129
7.0 135 60 199.42821539099
8.0 135 60 4.4293400355258
9.0 135 60 -3.90227732730755
10.0 135 60 -2.32224361756924
12.0 135 60 -0.876375444836754
15.0 135 60 -0.510344924475206
20.0 135 60 -0.37382692864288
30.0 135 60 -0.240274276486098
3.0 150 60 311607385.797497
3.5 150 60 82959198.2051891
4.0 150 60 13750439.0538792
4.5 150 60 2030048.60862625
5.0 150 60 316536.691628537
5.5 150 60 55090.0240342494
6.0 150 60 10728.5851634749
7.0 150 60 515.492090076552
8.0 150 60 20.8313264142462
9.0 150 60 -3.78711012998461
10.0 150 60 -2.69536234182152
12.0 150 60 -0.942735879276084
15.0 150 60 -0.514939914005276
20.0 150 60 -0.373202877267128
30.0 150 60 -0.239730070089634
3.0 165 60 481374874.21606
3.5 165 60 124886097.337629
4.0 165 60 19497764.5326191
4.5 165 60 2712207.37006499
5.0 165 60 403024.160657192
5.5 165 60 67642.6031664794
6.0 165 60 12829.534683048
7.0 165 60 599.034091266285
8.0 165 60 25.0459366320052
9.0 165 60 -3.69025620605038
10.0 165 60 -2.75582995278224
12.0 165 60 -0.952786472258891
15.0 165 60 -0.514359397293327
20.0 165 60 -0.371892786266317
30.0 165 60 -0.258490401958311
3.0 175 60 173857224.677328
3.5 175 60 47777960.6938961
4.0 175 60 8536751.24577436
4.5 175 60 1360478.74778823
5.0 175 60 225950.740861525
5.5 175 60 41268.4471107599
6.0 175 60 8326.5183610001
7.0 175 60 415.318483355839
8.0 175 60 15.7141581293479
9.0 175 60 -3.87162265718667
10.0 175 60 -2.60115477879312
12.0 175 60 -0.922323142371643
15.0 175 60 -0.510793357598846
20.0 175 60 -0.370935906818886
30.0 175 60 -0.237795899447209
3.0 5 90 27245977979228.7
3.5 5 90 2674329700.25783
4.0 5 90 10772692.314294
4.5 5 90 217806.98630027
5.0 5 90 10072.3490021194
5.5 5 90 720.656603533448
6.0 5 90 53.583412939259
7.0 5 90 -5.62859750594777
8.0 5 90 -2.55443286339658
9.0 5 90 -1.36171430558806
10.0 5 90 -0.940371080503941
12.0 5 90 -0.653045561773484
15.0 5 90 -0.497712151283297
20.0 5 90 -0.375478728179997
30.0 5 90 -0.241007706992572
3.0 15 90 5514217602.74419
3.5 15 90 79492752.2670637
4.0 15 90 1597409.83493506
4.5 15 90 62705.9702714138
5.0 15 90 4019.71882991788
5.5 15 90 335.368074474663
6.0 15 90 22.056988609683
7.0 15 90 -5.49475426228012
8.0 15 90 -2.45220448547299
9.0 15 90 -1.33725539584877
10.0 15 90 -0.932714614240024
12.0 15 90 -0.650840066896376
15.0 15 90 -0.49678601074592
20.0 15 90 -0.375159341339127
30.0 15 90 -0.261315911138579
3.0 30 90 2733276.03913467
3.5 30 90 325546.548872478
4.0 30 90 31842.3684115854
4.5 30 90 3339.90165438031
5.0 30 90 380.310693379702
5.5 30 90 35.1758532768404
6.0 30 90 -4.95600233854768
7.0 30 90 -4.84101409712325
8.0 30 90 -2.23046160465553
9.0 30 90 -1.28236931735161
10.0 30 90 -0.913998532789037
12.0 30 90 -0.644560036059516
15.0 30 90 -0.493911815625389
20.0 30 90 -0.374405703264749
30.0 30 90 -0.241675366662501
3.0 45 90 111759.82414729
3.5 45 90 16416.702257005
4.0 45 90 2679.78001056389
4.5 45 90 453.03036992165
5.0 45 90 67.886628707994
5.5 45 90 1.76257394335619
6.0 45 90 -6.95001259848271
7.0 45 90 -4.24506008311049
8.0 45 90 -2.08658643504548
9.0 45 90 -1.24432201477037
10.0 45 90 -0.89840333765445
12.0 45 90 -0.637231975663614
15.0 45 90 -0.489922361555498
20.0 45 90 -0.372836917471048
30.0 45 90 -0.261051114535169
3.0 60 90 90512.120826471
3.5 60 90 12243.7515699131
4.0 60 90 1995.20869663074
4.5 60 90 351.925337454302
5.0 60 90 55.6576097183867
5.5 60 90 1.46279094299733
6.0 60 90 -6.32736246105054
7.0 60 90 -4.09921409422383
8.0 60 90 -2.0726325913657
9.0 60 90 -1.24339919349915
10.0 60 90 -0.895217292916261
12.0 60 90 -0.631797667323443
15.0 60 90 -0.485831699516851
20.0 60 90 -0.37059744131264
30.0 60 90 -0.239521486107365
3.0 75 90 90273.8663070458
3.5 75 90 12226.3856003824
4.0 75 90 2005.8572197127
4.5 75 90 358.462555789334
5.0 75 90 57.9130752198807
5.5 75 90 1.84816777648704
6.0 75 90 -6.52764477427151
7.0 75 90 -4.35068262836466
8.0 75 90 -2.1934891251418
9.0 75 90 -1.29176429037326
10.0 75 90 -0.912139447005023
12.0 75 90 -0.631014904631454
15.0 75 90 -0.482753791543986
20.0 75 90 -0.368361215633946
30.0 75 90 -0.257265200910103
3.0 90 90 91767.4078940168
3.5 90 90 12711.5038433889
4.0 90 90 2157.39576467947
4.5 90 90 403.449323645457
5.0 90 90 69.8987627786311
5.5 90 90 4.11096014703933
6.0 90 90 -6.81130797403273
7.0 90 90 -4.9851469934561
8.0 90 90 -2.49589192365148
9.0 90 90 -1.41580036560151
10.0 90 90 -0.961377251412895
12.0 90 90 -0.637841086805242
15.0 90 90 -0.481660384557313
20.0 90 90 -0.3669885497008
30.0 90 90 -0.220148224829862
3.0 105 90 99798.5829689791
3.5 105 90 15365.688260184
4.0 105 90 2992.37594413472
4.5 105 90 657.553662147774
5.0 105 90 144.149896073413
5.5 105 90 24.0093044796933
6.0 105 90 -2.70108951003259
7.0 105 90 -5.85061436586067
8.0 105 90 -3.07966424412717
9.0 105 90 -1.66924165483156
10.0 105 90 -1.06506664337649
12.0 105 90 -0.656004242577459
15.0 105 90 -0.483132687380271
20.0 105 90 -0.367243090227395
30.0 105 90 -0.254850629146861
3.0 120 90 153968.859584754
3.5 120 90 33386.2451308672
4.0 120 90 8514.78884059077
4.5 120 90 2286.51327290048
5.0 120 90 615.762982267097
5.5 120 90 157.675779463299
6.0 120 90 33.2144020125553
7.0 120 90 -5.0190820959713
8.0 120 90 -3.97080334724521
9.0 120 90 -2.12903135711036
10.0 120 90 -1.25701770766766
12.0 120 90 -0.690061428714376
15.0 120 90 -0.487213248889775
20.0 120 90 -0.36820606606
30.0 120 90 -0.236833882299979
3.0 135 90 616853.788110203
3.5 135 90 184798.280452175
4.0 135 90 51492.976138453
4.5 135 90 13791.516822543
5.0 135 90 3657.95133212312
5.5 135 90 967.252347389229
6.0 135 90 249.417522476911
7.0 135 90 8.27133186859818
8.0 135 90 -4.51299175868026
9.0 135 90 -2.82188953908155
10.0 135 90 -1.56702848712979
12.0 135 90 -0.743234842420896
15.0 135 90 -0.493353374095605
20.0 135 90 -0.369333939008695
30.0 135 90 -0.258100671603468
3.0 150 90 5035517.8031749
3.5 150 90 1566593.67309167
4.0 150 90 393446.858479677
4.5 150 90 91270.1458445534
5.0 150 90 21106.3425506358
5.5 150 90 5019.88956640334
6.0 150 90 1228.86975579948
7.0 150 90 68.8671843175963
8.0 150 90 -2.24545942607807
9.0 150 90 -3.54388839528149
10.0 150 90 -1.96872502677695
12.0 150 90 -0.810864657820665
15.0 150 90 -0.500297495509191
20.0 150 90 -0.370031564051128
30.0 150 90 -0.238503014137293
3.0 165 90 35003387.5380479
3.5 165 90 10327258.2625266
4.0 165 90 2203702.86159677
4.5 165 90 424312.49761169
5.0 165 90 82888.2584518585
5.5 165 90 17198.6050184846
6.0 165 90 3813.87422345122
7.0 165 90 207.785495116494
8.0 165 90 4.87966079401505
9.0 165 90 -3.89966458604916
10.0 165 90 -2.32904795321235
12.0 165 90 -0.87273289560472
15.0 165 90 -0.506005470742796
20.0 165 90 -0.370228304595977
30.0 165 90 -0.25799404208145
3.0 175 90 72955946.8881543
3.5 175 90 20894903.5806063
4.0 175 90 4131179.60295397
4.5 175 90 732243.160835813
5.0 175 90 133084.84306906
5.5 175 90 26076.4324507082
6.0 175 90 5541.8985788805
7.0 175 90 291.022870980628
8.0 175 90 9.25259386743685
9.0 175 90 -3.92585227055321
10.0 175 90 -2.45741389085191
12.0 175 90 -0.895516995619774
15.0 175 90 -0.507989172868474
20.0 175 90 -0.370377763561443
30.0 175 90 -0.237638913306231
3.0 5 120 27245977979226.5
3.5 5 120 2674329699.73345
4.0 5 120 10772692.28684
4.5 5 120 217807.058593037
5.0 5 120 10072.4213023123
5.5 5 120 720.710273554491
6.0 5 120 53.619866013839
7.0 5 120 -5.61282276622836
8.0 5 120 -2.54740131311252
9.0 5 120 -1.35828748135721
10.0 5 120 -0.93849087783654
12.0 5 120 -0.652230523738368
15.0 5 120 -0.497292888926602
20.0 5 120 -0.375259997279664
30.0 5 120 -0.241008195845203
3.0 15 120 5514217595.34626
3.5 15 120 79492750.702766
4.0 15 120 1597409.75110509
4.5 15 120 62706.1842047973
5.0 15 120 4019.93329201153
5.5 15 120 335.527377799937
6.0 15 120 22.1652168542819
7.0 15 120 -5.44791210178355
8.0 15 120 -2.43132456388318
9.0 15 120 -1.32707989577634
10.0 15 120 -0.927132297403252
12.0 15 120 -0.648421106964217
15.0 15 120 -0.49554300415313
20.0 15 120 -0.374515876911885
30.0 15 120 -0.261347462973578
3.0 30 120 2733257.5021352
3.5 30 120 325542.346587831
4.0 30 120 31841.922065292
4.5 30 120 3340.27844963852
5.0 30 120 380.74670766779
5.5 30 120 35.5113126200245
6.0 30 120 -4.72506382254745
7.0 30 120 -4.74049881975396
8.0 30 120 -2.1859024473209
9.0 30 120 -1.26089477151896
10.0 30 120 -0.902385499200179
12.0 30 120 -0.639668269442094
15.0 30 120 -0.491465140048179
20.0 30 120 -0.37320380281247
30.0 30 120 -0.242023302520214
3.0 45 120 111714.274025491
3.5 45 120 16405.1989523791
4.0 45 120 2677.70648800583
4.5 45 120 453.300992039753
5.0 45 120 68.5422560708219
5.5 45 120 2.32626412344247
6.0 45 120 -6.54670984742941
7.0 45 120 -4.06624732192429
8.0 45 120 -2.00806835244269
9.0 45 120 -1.20733002018745
10.0 45 120 -0.87899504843115
12.0 45 120 -0.629549242068249
15.0 45 120 -0.486301255213629
20.0 45 120 -0.371226035825407
30.0 45 120 -0.262017145617267
3.0 60 120 90384.5990587737
3.5 60 120 12208.0647189965
4.0 60 120 1986.56364522703
4.5 60 120 350.796399452915
5.0 60 120 56.3029495068071
5.5 60 120 2.29813269130321
6.0 60 120 -5.66395333394513
7.0 60 120 -3.78927579058558
8.0 60 120 -1.93746951022185
9.0 60 120 -1.1816069930186
10.0 60 120 -0.86416928298581
12.0 60 120 -0.620619460102745
15.0 60 120 -0.481024003666538
20.0 60 120 -0.368839333082996
30.0 60 120 -0.240933002487725
3.0 75 120 89849.3312561124
3.5 75 120 12097.7625717642
4.0 75 120 1969.35929024837
4.5 75 120 349.673672558419
5.0 75 120 56.9139086479221
5.5 75 120 2.67277249623729
6.0 75 120 -5.54055984042384
7.0 75 120 -3.81119772056926
8.0 75 120 -1.95577158099687
9.0 75 120 -1.18635697231528
10.0 75 120 -0.861815933304393
12.0 75 120 -0.615000072496636
15.0 75 120 -0.476671355713203
20.0 75 120 -0.366177178042624
30.0 75 120 -0.258833019730576
3.0 90 120 90040.152825531
3.5 90 120 12159.1532272091
4.0 90 120 1987.94543360632
4.5 90 120 354.535223923307
5.0 90 120 57.6518315435708
5.5 90 120 2.35166675804856
6.0 90 120 -6.0067581485486
7.0 90 120 -4.07915188189764
8.0 90 120 -2.06898638991525
9.0 90 120 -1.23009274337966
10.0 90 120 -0.877183671393086
12.0 90 120 -0.614623482765133
15.0 90 120 -0.474146329218575
20.0 90 120 -0.364476175540293
30.0 90 120 -0.221746001721835
3.0 105 120 90972.2389605221
3.5 105 120 12454.9489311372
4.0 105 120 2077.95159450414
4.5 105 120 380.044856197398
5.0 105 120 63.6804535186254
5.5 105 120 2.91739784747684
6.0 105 120 -6.68973779192522
7.0 105 120 -4.66450416630674
8.0 105 120 -2.33194038744459
9.0 105 120 -1.33796451098497
10.0 105 120 -0.921064003913369
12.0 105 120 -0.621798937772156
15.0 105 120 -0.474039439502629
20.0 105 120 -0.3640364418621
30.0 105 120 -0.242311598049576
3.0 120 120 96017.0601444694
3.5 120 120 14111.5341326989
4.0 120 120 2598.36701627726
4.5 120 120 537.72149757336
5.0 120 120 108.887823875158
5.5 120 120 14.2802161127085
6.0 120 120 -4.94829102784726
7.0 120 120 -5.59485129955714
8.0 120 120 -2.86009117682023
9.0 120 120 -1.56425267980461
10.0 120 120 -1.01523472606379
12.0 120 120 -0.64000525476215
15.0 120 120 -0.476587994737727
20.0 120 120 -0.365080214781179
30.0 120 120 -0.237025317265058
3.0 135 120 132435.31583512
3.5 135 120 26229.9030282658
4.0 135 120 6347.84591561827
4.5 135 120 1657.24267126623
5.0 135 120 435.994951635976
5.5 135 120 106.955569627188
6.0 135 120 19.3610418430456
7.0 135 120 -5.59824127928147
8.0 135 120 -3.75785799341705
9.0 135 120 -2.00130491595148
10.0 135 120 -1.198381277956
12.0 135 120 -0.674591797678879
15.0 135 120 -0.481799419638974
20.0 135 120 -0.366232235561607
30.0 135 120 -0.238003244929481
3.0 150 120 499704.994942008
3.5 150 120 146797.634815966
4.0 150 120 41021.1769475712
4.5 150 120 11093.4061175175
5.0 150 120 2971.43960977867
5.5 150 120 790.475755895881
6.0 150 120 203.226414701214
7.0 150 120 5.30177260587419
8.0 150 120 -4.51929295874266
9.0 150 120 -2.72729298738708
10.0 150 120 -1.51957983128548
12.0 150 120 -0.731746341977883
15.0 150 120 -0.489496502577295
20.0 150 120 -0.367332618604936
30.0 150 120 -0.238028923690396
3.0 165 120 5614884.77788858
3.5 165 120 1743780.39668056
4.0 165 120 434591.257143181
4.5 165 120 99891.1090680396
5.0 165 120 22903.514017107
5.5 165 120 5409.7024316683
6.0 165 120 1317.99299787421
7.0 165 120 74.0944306813324
8.0 165 120 -1.9914093230402
9.0 165 120 -3.56989131695174
10.0 165 120 -1.98650980355928
12.0 165 120 -0.812125808626227
15.0 165 120 -0.498953187955429
20.0 165 120 -0.368670657424342
30.0 165 120 -0.257576880690217
3.0 175 120 34076601.1919319
3.5 175 120 10063825.9497508
4.0 175 120 2153148.70957111
4.5 175 120 415782.103879763
5.0 175 120 81429.9119031558
5.5 175 120 16930.6336147089
6.0 175 120 3760.15360761908
7.0 175 120 205.101866654006
8.0 175 120 4.73981278524623
9.0 175 120 -3.89637020150911
10.0 175 120 -2.32329150686992
12.0 175 120 -0.871142982791331
15.0 175 120 -0.505344025148624
20.0 175 120 -0.369830958735694
30.0 175 120 -0.237484808861318
3.0 5 135 27245977979225.6
3.5 5 135 2674329699.54172
4.0 5 135 10772692.2812479
4.5 5 135 217807.089007978
5.0 5 135 10072.4505589961
5.5 5 135 720.731761330878
6.0 5 135 53.6344011975851
7.0 5 135 -5.60654242826857
8.0 5 135 -2.54459556879348
9.0 5 135 -1.35691417976234
10.0 5 135 -0.937733469396054
12.0 5 135 -0.651898962996776
15.0 5 135 -0.497121038746658
20.0 5 135 -0.375170076685625
30.0 5 135 -0.241008401155531
3.0 15 135 5514217593.04866
3.5 15 135 79492750.2612643
4.0 15 135 1597409.76229688
4.5 15 135 62706.2758153702
5.0 15 135 4020.01595483118
5.5 15 135 335.58696713733
6.0 15 135 22.2052362976677
7.0 15 135 -5.4306612411062
8.0 15 135 -2.42358175742934
9.0 15 135 -1.32325793499855
10.0 15 135 -0.925002320731746
12.0 15 135 -0.647470658345756
15.0 15 135 -0.495044063622215
20.0 15 135 -0.374255039524206
30.0 15 135 -0.261358343603453
3.0 30 135 2733253.14671195
3.5 30 135 325541.515211346
4.0 30 135 31841.9479746847
4.5 30 135 3340.45529550036
5.0 30 135 380.905444196008
5.5 30 135 35.6255591533986
6.0 30 135 -4.64838469571848
7.0 30 135 -4.70745020710642
8.0 30 135 -2.17106186812346
9.0 30 135 -1.25356363580397
10.0 30 135 -0.898296085146048
12.0 30 135 -0.637842393071525
15.0 30 135 -0.49051121090578
20.0 30 135 -0.372722934873465
30.0 30 135 -0.242139966230128
3.0 45 135 111705.973460673
3.5 45 135 16403.4477783558
4.0 45 135 2677.61575312066
4.5 45 135 453.543269962402
5.0 45 135 68.7843143474812
5.5 45 135 2.50590439150016
6.0 45 135 -6.42470674956473
7.0 45 135 -4.0134504034528
8.0 45 135 -1.98453120398783
9.0 45 135 -1.19585825619836
10.0 45 135 -0.87270291937168
12.0 45 135 -0.626831048740245
15.0 45 135 -0.484928088946977
20.0 45 135 -0.370585064357741
30.0 45 135 -0.262333361811666
3.0 60 135 90366.1281390323
3.5 60 135 12203.5878806437
4.0 60 135 1985.87772834723
4.5 60 135 351.009683094021
5.0 60 135 56.6343538223799
5.5 60 135 2.56771409294765
6.0 60 135 -5.47464220011407
7.0 60 135 -3.70613558620792
8.0 60 135 -1.90085253452818
9.0 60 135 -1.16421118604719
10.0 60 135 -0.854940750505407
12.0 60 135 -0.616889515490084
15.0 60 135 -0.479251210331513
20.0 60 135 -0.367935230859021
30.0 60 135 -0.241362382310931
3.0 75 135 89799.8640183585
3.5 75 135 12084.2055239366
4.0 75 135 1966.23476220523
4.5 75 135 349.386220745131
5.0 75 135 57.2586357158658
5.5 75 135 3.05550059589054
6.0 75 135 -5.24656446830583
7.0 75 135 -3.6761498581633
8.0 75 135 -1.89690176461839
9.0 75 135 -1.15930911221089
10.0 75 135 -0.848122524622756
12.0 75 135 -0.609990804718082
15.0 75 135 -0.474493311331519
20.0 75 135 -0.365313993963182
30.0 75 135 -0.239259762994019
3.0 90 135 89878.4974743178
3.5 90 135 12110.6439596685
4.0 90 135 1974.39513618492
4.5 90 135 351.408803010916
5.0 90 135 57.4079871684093
5.5 90 135 2.7505081524763
6.0 90 135 -5.57794052576442
7.0 90 135 -3.8526224695236
8.0 90 135 -1.96963691446705
9.0 90 135 -1.18597805593538
10.0 90 135 -0.85604635620946
12.0 90 135 -0.607834211348382
15.0 90 135 -0.471535116962846
20.0 90 135 -0.363493329472953
30.0 90 135 -0.242102743675804
3.0 105 135 90314.2675423726
3.5 105 135 12245.2736746899
4.0 105 135 2013.8230995751
4.5 105 135 361.650423252593
5.0 105 135 59.1655385565807
5.5 105 135 2.34618503458205
6.0 105 135 -6.31822239175714
7.0 105 135 -4.29229361863449
8.0 105 135 -2.15821714333674
9.0 105 135 -1.26253682539392
10.0 105 135 -0.886881255228745
12.0 105 135 -0.612372303370499
15.0 105 135 -0.470966054110404
20.0 105 135 -0.362928656002652
30.0 105 135 -0.222738341313019
3.0 120 135 92576.3767364337
3.5 120 135 12977.1186901266
4.0 120 135 2241.27187956933
4.5 120 135 429.04608659838
5.0 120 135 77.2912194834196
5.5 120 135 5.98389717726321
6.0 120 135 -6.51524390667411
7.0 120 135 -5.12294170075984
8.0 120 135 -2.56328545576965
9.0 120 135 -1.43303566837079
10.0 120 135 -0.958393980656492
12.0 120 135 -0.626646165367878
15.0 120 135 -0.473065323538479
20.0 120 135 -0.363424852483172
30.0 120 135 -0.223614590203966
3.0 135 135 108449.829421398
3.5 135 135 18244.5794427267
4.0 135 135 3891.5115665896
4.5 135 135 929.262631766104
5.0 135 135 224.289993195357
5.5 135 135 46.7402034788397
6.0 135 135 3.14747821300895
7.0 135 135 -5.96233146470641
8.0 135 135 -3.34450251642849
9.0 135 135 -1.78632827889159
10.0 135 135 -1.10651373911247
12.0 135 135 -0.655946811727752
15.0 135 135 -0.477967724904284
20.0 135 135 -0.36499505800953
30.0 135 135 -0.257879741926645
3.0 150 135 272556.145149574
3.5 150 135 72559.2400238071
4.0 150 135 20038.8737236813
4.5 150 135 5511.93453744085
5.0 150 135 1505.81411074737
5.5 150 135 402.793275934126
6.0 150 135 99.9961667111784
7.0 150 135 -1.22725464029254
8.0 150 135 -4.3812791821913
9.0 150 135 -2.44830494005185
10.0 150 135 -1.39130015498175
12.0 150 135 -0.708393356115024
15.0 150 135 -0.485791643132959
20.0 150 135 -0.366288576857145
30.0 150 135 -0.237820684012309
3.0 165 135 3030766.49576337
3.5 165 135 947910.387000067
4.0 165 135 246158.017203321
4.5 165 135 59483.799431878
5.0 165 135 14291.0203068877
5.5 165 135 3505.439874834
6.0 165 135 875.871216207879
7.0 165 135 47.745277706224
8.0 165 135 -3.20678190405987
9.0 165 135 -3.39007572889807
10.0 165 135 -1.86792272023201
12.0 165 135 -0.79139191244697
15.0 165 135 -0.496342824178447
20.0 165 135 -0.368050433681362
30.0 165 135 -0.257406437605246
3.0 175 135 25506052.8790452
3.5 175 135 7610848.52302183
4.0 175 135 1674114.04656995
4.5 175 135 333366.429456378
5.0 175 135 67092.3926839598
5.5 175 135 14257.969166524
6.0 175 135 3218.24933650933
7.0 175 135 177.626797360844
8.0 175 135 3.29770789127443
9.0 175 135 -3.86696724590622
10.0 175 135 -2.27060617003682
12.0 175 135 -0.861698052830354
15.0 175 135 -0.504291774264427
20.0 175 135 -0.369607667899056
30.0 175 135 -0.237421503286902
3.0 5 150 27245977979224.9
3.5 5 150 2674329699.40387
4.0 5 150 10772692.2790186
4.5 5 150 217807.112478318
5.0 5 150 10072.4727292816
5.5 5 150 720.747960703111
6.0 5 150 53.6453372857687
7.0 5 150 -5.60182027921513
8.0 5 150 -2.54248346564194
9.0 5 150 -1.35587825488065
10.0 5 150 -0.937160490729205
12.0 5 150 -0.651646820243693
15.0 5 150 -0.496989837086283
20.0 5 150 -0.375101431281644
30.0 5 150 -0.24100832292545
3.0 15 150 5514217591.52665
3.5 15 150 79492749.9856579
4.0 15 150 1597409.78392602
4.5 15 150 62706.3461346355
5.0 15 150 4020.07687002609
5.5 15 150 335.630325401057
6.0 15 150 22.2342113302804
7.0 15 150 -5.41818806723234
8.0 15 150 -2.41796200152148
9.0 15 150 -1.32046571873398
10.0 15 150 -0.92343323786734
12.0 15 150 -0.646759768377903
15.0 15 150 -0.494666153562441
20.0 15 150 -0.374053717332418
30.0 15 150 -0.261348563942193
3.0 30 150 2733250.63424964
3.5 30 150 325541.092687417
4.0 30 150 31842.0110614475
4.5 30 150 3340.58995398699
5.0 30 150 381.017885760871
5.5 30 150 35.7046405803904
6.0 30 150 -4.59578319176736
7.0 30 150 -4.68482878859771
8.0 30 150 -2.1608262561936
9.0 30 150 -1.24844044142682
10.0 30 150 -0.895391375534002
12.0 30 150 -0.636503682840497
15.0 30 150 -0.489786283455466
20.0 30 150 -0.372317468565146
30.0 30 150 -0.242027191272519
3.0 45 150 111701.718016016
3.5 45 150 16402.668951656
4.0 45 150 2677.66927356495
4.5 45 150 453.735169642838
5.0 45 150 68.9516222047091
5.5 45 150 2.62523587127723
6.0 45 150 -6.34489525441974
7.0 45 150 -3.9790833694111
8.0 45 150 -1.96905390606429
9.0 45 150 -1.18817233503525
10.0 45 150 -0.868385023910511
12.0 45 150 -0.624868797596184
15.0 45 150 -0.48386275765754
20.0 45 150 -0.369949101057616
30.0 45 150 -0.262024348191275
3.0 60 150 90357.5093365141
3.5 60 150 12201.7184486848
4.0 60 150 1985.74067253178
4.5 60 150 351.232328124558
5.0 60 150 56.8672631869107
5.5 60 150 2.74264712222733
6.0 60 150 -5.35529443914595
7.0 60 150 -3.65439255282392
8.0 60 150 -1.87783059265137
9.0 60 150 -1.1530291216431
10.0 60 150 -0.848827112831984
12.0 60 150 -0.61424062344402
15.0 60 150 -0.47784397540647
20.0 60 150 -0.367204957538235
30.0 60 150 -0.240942969711457
3.0 75 150 89778.4905882408
3.5 75 150 12078.7603495332
4.0 75 150 1965.22199017346
4.5 75 150 349.486334679428
5.0 75 150 57.5491662741963
5.5 75 150 3.30924841548087
6.0 75 150 -5.06411371642373
7.0 75 150 -3.59508333312138
8.0 75 150 -1.86135467914737
9.0 75 150 -1.14260765825959
10.0 75 150 -0.839381808682081
12.0 75 150 -0.606513906002153
15.0 75 150 -0.472751218598453
20.0 75 150 -0.364226536443615
30.0 75 150 -0.258844670228914
3.0 90 150 89813.2582813821
3.5 90 150 12091.9140325821
4.0 90 150 1969.5905419604
4.5 90 150 350.578988512817
5.0 90 150 57.579484027182
5.5 90 150 3.0790612695888
6.0 90 150 -5.30034548956252
7.0 90 150 -3.7191776941704
8.0 90 150 -1.91149492513749
9.0 90 150 -1.15968328456501
10.0 90 150 -0.843036208807227
12.0 90 150 -0.603265084118581
15.0 90 150 -0.469480616845316
20.0 90 150 -0.362269158703431
30.0 90 150 -0.221758199793539
3.0 105 150 90065.2743258022
3.5 105 150 12167.8651037507
4.0 105 150 1990.92301737049
4.5 105 150 355.538801615564
5.0 105 150 57.9839918231906
5.5 105 150 2.45989234040231
6.0 105 150 -5.97017355492429
7.0 105 150 -4.06825721826606
8.0 105 150 -2.05786310269512
9.0 105 150 -1.21860944935848
10.0 105 150 -0.866435196632312
12.0 105 150 -0.606236162756092
15.0 105 150 -0.468632275496684
20.0 105 150 -0.361666322143881
30.0 105 150 -0.242323248547914
3.0 120 150 91349.1192390114
3.5 120 150 12576.9702970145
4.0 120 150 2115.99057312967
4.5 120 150 391.38004989074
5.0 120 150 66.7647061502367
5.5 120 150 3.56184754919386
6.0 120 150 -6.69758855159778
7.0 120 150 -4.7879308393542
8.0 120 150 -2.38778960737146
9.0 120 150 -1.35666714648527
10.0 120 150 -0.924756130508563
12.0 120 150 -0.618160355620384
15.0 120 150 -0.470496546429136
20.0 120 150 -0.362378090285022
30.0 120 150 -0.223195177604493
3.0 135 150 100250.736530295
3.5 135 150 15516.3403493055
4.0 135 150 3039.8388793713
4.5 135 150 672.091087273942
5.0 135 150 148.519520782176
5.5 135 150 25.2898248072824
6.0 135 150 -2.34348651093266
7.0 135 150 -5.82888247811107
8.0 135 150 -3.07163601230392
9.0 135 150 -1.65665106267974
10.0 135 150 -1.05115624253073
12.0 135 150 -0.644129240049458
15.0 135 150 -0.475252009233766
20.0 135 150 -0.363929617668343
30.0 135 150 -0.237277691037867
3.0 150 150 194120.256180339
3.5 150 150 46692.0542852149
4.0 150 150 12483.0455925326
4.5 150 150 3416.62347519743
5.0 150 150 932.835032430319
5.5 150 150 246.111483948539
6.0 150 150 57.4364367002665
7.0 150 150 -3.73266115885311
8.0 150 150 -4.17335981219855
9.0 150 150 -2.26405894313302
10.0 150 150 -1.30961628036477
12.0 150 150 -0.693136486449663
15.0 150 150 -0.483173739534221
20.0 150 150 -0.365471032503629
30.0 150 150 -0.23746445014035
3.0 165 150 1974229.40283303
3.5 165 150 617286.863839673
4.0 165 150 164332.224480074
4.5 165 150 40992.1694281462
5.0 165 150 10148.3665537187
5.5 165 150 2549.55732418003
6.0 165 150 646.301783297561
7.0 165 150 33.5835704487337
8.0 165 150 -3.79035709181463
9.0 165 150 -3.24941307378358
10.0 165 150 -1.7852341562174
12.0 165 150 -0.776923195840972
15.0 165 150 -0.494446311299976
20.0 165 150 -0.367580634261371
30.0 165 150 -0.257259286425682
3.0 175 150 20605365.0448029
3.5 175 150 6192378.44572737
4.0 175 150 1389097.27860391
4.5 175 150 282754.035573139
5.0 175 150 58034.0329054964
5.5 175 150 12529.4906961431
6.0 175 150 2861.29612584328
7.0 175 150 159.109159933414
8.0 175 150 2.32920492557844
9.0 175 150 -3.83919536673499
10.0 175 150 -2.23131596737216
12.0 175 150 -0.854693238549461
15.0 175 150 -0.50350071369206
20.0 175 150 -0.369437463808512
30.0 175 150 -0.237372883818644
3.0 5 180 27245977979224
3.5 5 180 2674329699.29363
4.0 5 180 10772692.2784457
4.5 5 180 217807.132334876
5.0 5 180 10072.491230047
5.5 5 180 720.761425063841
6.0 5 180 53.6544132375767
7.0 5 180 -5.59790349358334
8.0 5 180 -2.54072984695972
9.0 5 180 -1.35501664448128
10.0 5 180 -0.93668284620283
12.0 5 180 -0.651435812310569
15.0 5 180 -0.496879827559566
20.0 5 180 -0.37504353674153
30.0 5 180 -0.241007961153067
3.0 15 180 5514217590.38587
3.5 15 180 79492749.7900681
4.0 15 180 1597409.80937757
4.5 15 180 62706.4051014688
5.0 15 180 4020.12652996663
5.5 15 180 335.665350670869
6.0 15 180 22.2575341013879
7.0 15 180 -5.40815619965865
8.0 15 180 -2.41342795269336
9.0 15 180 -1.31820051210345
10.0 15 180 -0.922151981867165
12.0 15 180 -0.646172185623601
15.0 15 180 -0.494350188158451
20.0 15 180 -0.373881295374579
30.0 15 180 -0.26131811307581
3.0 30 180 2733248.95045215
3.5 30 180 325540.845450747
4.0 30 180 31842.0837411125
4.5 30 180 3340.70085567671
5.0 30 180 381.10647235642
5.5 30 180 35.7660060950508
6.0 30 180 -4.55520613025202
7.0 30 180 -4.66739159387909
8.0 30 180 -2.15288474843709
9.0 30 180 -1.24442189639948
10.0 30 180 -0.893082041608294
12.0 30 180 -0.635410032598438
15.0 30 180 -0.48917061812753
20.0 30 180 -0.371925877649048
30.0 30 180 -0.241683144167111
3.0 45 180 111699.121943317
3.5 45 180 16402.265834181
4.0 45 180 2677.76276690327
4.5 45 180 453.893538981568
5.0 45 180 69.0801203535866
5.5 45 180 2.71473588874899
6.0 45 180 -6.28558800318709
7.0 45 180 -3.95358875876707
8.0 45 180 -1.9574665229696
9.0 45 180 -1.18232559852443
10.0 45 180 -0.865032238808862
12.0 45 180 -0.623272661979486
15.0 45 180 -0.482922452584328
20.0 45 180 -0.369225617530644
30.0 45 180 -0.261065519754313
3.0 60 180 90352.6085953898
3.5 60 180 12200.7813067224
4.0 60 180 1985.76842160027
4.5 60 180 351.430367893283
5.0 60 180 57.0452716123475
5.5 60 180 2.87082102170145
6.0 60 180 -5.26924946403373
7.0 60 180 -3.61729559401086
8.0 60 180 -1.86115832308518
9.0 60 180 -1.14477219397374
10.0 60 180 -0.844191073468053
12.0 60 180 -0.612094823896909
15.0 60 180 -0.476551882752396
20.0 60 180 -0.365932923564258
30.0 60 180 -0.239541461683678
3.0 75 180 89766.955984813
3.5 75 180 12076.0433835181
4.0 75 180 1964.85899088549
4.5 75 180 349.663371960125
5.0 75 180 57.7839473018625
5.5 75 180 3.4950432485956
6.0 75 180 -4.9348962024796
7.0 75 180 -3.53858105872551
8.0 75 180 -1.83638036233702
9.0 75 180 -1.13063360965843
10.0 75 180 -0.832925544420506
12.0 75 180 -0.603731570516902
15.0 75 180 -0.471122128175562
20.0 75 180 -0.362754619554321
30.0 75 180 -0.257288684645084
3.0 90 180 89779.5300498905
3.5 90 180 12082.6579588064
4.0 90 180 1967.44979098824
4.5 90 180 350.376055572425
5.0 90 180 57.8101358108628
5.5 90 180 3.337273347947
6.0 90 180 -5.10160762609576
7.0 90 180 -3.62778716771626
8.0 90 180 -1.87163481452073
9.0 90 180 -1.14133605823965
10.0 90 180 -0.833691836546076
12.0 90 180 -0.59969457028924
15.0 90 180 -0.467581828285089
20.0 90 180 -0.360617881964152
30.0 90 180 -0.220172888896452
3.0 105 180 89941.4572800371
3.5 105 180 12130.3071221548
4.0 105 180 1980.23422896466
4.5 105 180 352.944208713579
5.0 105 180 57.6726357305687
5.5 105 180 2.68806240725642
6.0 105 180 -5.68992826924681
7.0 105 180 -3.91402751861226
8.0 105 180 -1.98992918098367
9.0 105 180 -1.18854794451852
10.0 105 180 -0.852099928639551
12.0 105 180 -0.60158689095145
15.0 105 180 -0.466556967067179
20.0 105 180 -0.360054908702889
30.0 105 180 -0.240767262964084
3.0 120 180 90759.7945938334
3.5 120 180 12387.0550303097
4.0 120 180 2057.15688609048
4.5 120 180 374.061465593502
5.0 120 180 62.1957490923028
5.5 120 180 2.71694993381658
6.0 120 180 -6.57712163539585
7.0 120 180 -4.54059452881483
8.0 120 180 -2.2677562262297
9.0 120 180 -1.304596933814
10.0 120 180 -0.901441857837162
12.0 120 180 -0.61189867445032
15.0 120 180 -0.468326185063152
20.0 120 180 -0.360852392712589
30.0 120 180 -0.221793669576714
3.0 135 180 96406.9421500392
3.5 135 180 14240.7503302812
4.0 135 180 2639.10165716242
4.5 135 180 550.175753206756
5.0 135 180 112.575433161545
5.5 135 180 15.3072379654682
6.0 135 180 -4.70391114700975
7.0 135 180 -5.6122580514765
8.0 135 180 -2.87350461205384
9.0 135 180 -1.56625110563526
10.0 135 180 -1.01239736010181
12.0 135 180 -0.63548476149448
15.0 135 180 -0.473054224508583
20.0 135 180 -0.3627139975455
30.0 135 180 -0.256043104741427
3.0 150 180 156995.054584088
3.5 150 180 34390.9678664016
4.0 150 180 8817.06003140924
4.5 150 180 2373.59017826168
5.0 150 180 640.483566724297
5.5 150 180 164.648908235462
6.0 150 180 35.1485576335091
7.0 150 180 -4.90288838954526
8.0 150 180 -3.97383163213987
9.0 150 180 -2.12749311236137
10.0 150 180 -1.25014584373923
12.0 150 180 -0.681766689653038
15.0 150 180 -0.481090206518242
20.0 150 180 -0.364744712814338
30.0 150 180 -0.236919005005249
3.0 165 180 1413959.61421002
3.5 165 180 440127.861361287
4.0 165 180 119161.615439767
4.5 165 180 30412.1066664412
5.0 165 180 7695.15455073677
5.5 165 180 1966.45935110156
6.0 165 180 502.948217297821
7.0 165 180 24.5564674526052
8.0 165 180 -4.11485294195903
9.0 165 180 -3.13202648250404
10.0 165 180 -1.72071821626432
12.0 165 180 -0.765601389252532
15.0 165 180 -0.492913139329695
20.0 165 180 -0.3671865482351
30.0 165 180 -0.257114170982343
3.0 175 180 17310187.6426232
3.5 175 180 5230711.54860027
4.0 175 180 1191741.14683742
4.5 175 180 246868.791135823
5.0 175 180 51472.514343246
5.5 175 180 11255.0606935379
6.0 175 180 2594.40593731032
7.0 175 180 145.021416103422
8.0 175 180 1.59563643417913
9.0 175 180 -3.81279015863623
10.0 175 180 -2.19895438413944
12.0 175 180 -0.84894572594406
15.0 175 180 -0.50284466190637
20.0 175 180 -0.369294708103516
30.0 175 180 -0.237331793930324
3.0 5 210 27245977979224.9
3.5 5 210 2674329699.40387
4.0 5 210 10772692.2790186
4.5 5 210 217807.112478318
5.0 5 210 10072.4727292816
5.5 5 210 720.747960703111
6.0 5 210 53.6453372857687
7.0 5 210 -5.60182027921513
8.0 5 210 -2.54248346564194
9.0 5 210 -1.35587825488065
10.0 5 210 -0.937160490729205
12.0 5 210 -0.651646820243693
15.0 5 210 -0.496989837086283
20.0 5 210 -0.375101431281644
30.0 5 210 -0.24100832292545
3.0 15 210 5514217591.52665
3.5 15 210 79492749.9856579
4.0 15 210 1597409.78392602
4.5 15 210 62706.3461346355
5.0 15 210 4020.07687002609
5.5 15 210 335.630325401057
6.0 15 210 22.2342113302804
7.0 15 210 -5.41818806723234
8.0 15 210 -2.41796200152148
9.0 15 210 -1.32046571873398
10.0 15 210 -0.92343323786734
12.0 15 210 -0.646759768377903
15.0 15 210 -0.494666153562441
20.0 15 210 -0.374053717332418
30.0 15 210 -0.261348563942193
3.0 30 210 2733250.63424964
3.5 30 210 325541.092687417
4.0 30 210 31842.0110614475
4.5 30 210 3340.58995398699
5.0 30 210 381.017885760871
5.5 30 210 35.7046405803904
6.0 30 210 -4.59578319176736
7.0 30 210 -4.68482878859771
8.0 30 210 -2.1608262561936
9.0 30 210 -1.24844044142682
10.0 30 210 -0.895391375534002
12.0 30 210 -0.636503682840497
15.0 30 210 -0.489786283455466
20.0 30 210 -0.372317468565146
30.0 30 210 -0.242027191272519
3.0 45 210 111701.718016016
3.5 45 210 16402.668951656
4.0 45 210 2677.66927356495
4.5 45 210 453.735169642838
5.0 45 210 68.9516222047091
5.5 45 210 2.62523587127723
6.0 45 210 -6.34489525441974
7.0 45 210 -3.9790833694111
8.0 45 210 -1.96905390606429
9.0 45 210 -1.18817233503525
10.0 45 210 -0.868385023910511
12.0 45 210 -0.624868797596184
15.0 45 210 -0.48386275765754
20.0 45 210 -0.369949101057616
30.0 45 210 -0.262024348191275
3.0 60 210 90357.5093365141
3.5 60 210 12201.7184486848
4.0 60 210 1985.74067253178
4.5 60 210 351.232328124558
5.0 60 210 56.8672631869107
5.5 60 210 2.74264712222733
6.0 60 210 -5.35529443914595
7.0 60 210 -3.65439255282392
8.0 60 210 -1.87783059265137
9.0 60 210 -1.1530291216431
10.0 60 210 -0.848827112831984
12.0 60 210 -0.61424062344402
15.0 60 210 -0.47784397540647
20.0 60 210 -0.367204957538235
30.0 60 210 -0.240942969711457
3.0 75 210 89778.4905882408
3.5 75 210 12078.7603495332
4.0 75 210 1965.22199017346
4.5 75 210 349.486334679428
5.0 75 210 57.5491662741963
5.5 75 210 3.30924841548087
6.0 75 210 -5.06411371642373
7.0 75 210 -3.59508333312138
8.0 75 210 -1.86135467914737
9.0 75 210 -1.14260765825959
10.0 75 210 -0.839381808682081
12.0 75 210 -0.606513906002153
15.0 75 210 -0.472751218598453
20.0 75 210 -0.364226536443615
30.0 75 210 -0.258844670228914
3.0 90 210 89813.2582813821
3.5 90 210 12091.9140325821
4.0 90 210 1969.5905419604
4.5 90 210 350.578988512817
5.0 90 210 57.579484027182
5.5 90 210 3.0790612695888
6.0 90 210 -5.30034548956252
7.0 90 210 -3.7191776941704
8.0 90 210 -1.91149492513749
9.0 90 210 -1.15968328456501
10.0 90 210 -0.843036208807227
12.0 90 210 -0.603265084118581
15.0 90 210 -0.469480616845316
20.0 90 210 -0.362269158703431
30.0 90 210 -0.221758199793539
3.0 105 210 90065.2743258022
3.5 105 210 12167.8651037507
4.0 105 210 1990.92301737049
4.5 105 210 355.538801615564
5.0 105 210 57.9839918231906
5.5 105 210 2.45989234040231
6.0 105 210 -5.97017355492429
7.0 105 210 -4.06825721826606
8.0 105 210 -2.05786310269512
9.0 105 210 -1.21860944935848
10.0 105 210 -0.866435196632312
12.0 105 210 -0.606236162756092
15.0 105 210 -0.468632275496684
20.0 105 210 -0.361666322143881
30.0 105 210 -0.242323248547914
3.0 120 210 91349.1192390114
3.5 120 210 12576.9702970145
4.0 120 210 2115.99057312967
4.5 120 210 391.38004989074
5.0 120 210 66.7647061502367
5.5 120 210 3.56184754919386
6.0 120 210 -6.69758855159778
7.0 120 210 -4.7879308393542
8.0 120 210 -2.38778960737146
9.0 120 210 -1.35666714648527
10.0 120 210 -0.924756130508563
12.0 120 210 -0.618160355620384
15.0 120 210 -0.470496546429136
20.0 120 210 -0.362378090285022
30.0 120 210 -0.223195177604493
3.0 135 210 100250.736530295
3.5 135 210 15516.3403493055
4.0 135 210 3039.8388793713
4.5 135 210 672.091087273942
5.0 135 210 148.519520782176
5.5 135 210 25.2898248072824
6.0 135 210 -2.34348651093266
7.0 135 210 -5.82888247811107
8.0 135 210 -3.07163601230392
9.0 135 210 -1.65665106267974
10.0 135 210 -1.05115624253073
12.0 135 210 -0.644129240049458
15.0 135 210 -0.475252009233766
20.0 135 210 -0.363929617668343
30.0 135 210 -0.237277691037867
3.0 150 210 194120.256180339
3.5 150 210 46692.0542852149
4.0 150 210 12483.0455925326
4.5 150 210 3416.62347519743
5.0 150 210 932.835032430319
5.5 150 210 246.111483948539
6.0 150 210 57.4364367002665
7.0 150 210 -3.73266115885311
8.0 150 210 -4.17335981219854
9.0 150 210 -2.26405894313302
10.0 150 210 -1.30961628036477
12.0 150 210 -0.693136486449663
15.0 150 210 -0.483173739534221
20.0 150 210 -0.365471032503629
30.0 150 210 -0.23746445014035
3.0 165 210 1974229.40283302
3.5 165 210 617286.863839671
4.0 165 210 164332.224480073
4.5 165 210 40992.169428146
5.0 165 210 10148.3665537187
5.5 165 210 2549.55732418003
6.0 165 210 646.301783297558
7.0 165 210 33.5835704487335
8.0 165 210 -3.79035709181464
9.0 165 210 -3.24941307378357
10.0 165 210 -1.7852341562174
12.0 165 210 -0.776923195840972
15.0 165 210 -0.494446311299976
20.0 165 210 -0.367580634261371
30.0 165 210 -0.257259286425682
3.0 175 210 20605365.0448029
3.5 175 210 6192378.44572737
4.0 175 210 1389097.27860391
4.5 175 210 282754.035573139
5.0 175 210 58034.0329054965
5.5 175 210 12529.4906961432
6.0 175 210 2861.29612584328
7.0 175 210 159.109159933414
8.0 175 210 2.32920492557845
9.0 175 210 -3.83919536673499
10.0 175 210 -2.23131596737216
12.0 175 210 -0.854693238549461
15.0 175 210 -0.50350071369206
20.0 175 210 -0.369437463808512
30.0 175 210 -0.237372883818644
3.0 5 225 27245977979225.5
3.5 5 225 2674329699.54172
4.0 5 225 10772692.2812479
4.5 5 225 217807.089007978
5.0 5 225 10072.4505589961
5.5 5 225 720.731761330878
6.0 5 225 53.6344011975851
7.0 5 225 -5.60654242826857
8.0 5 225 -2.54459556879348
9.0 5 225 -1.35691417976234
10.0 5 225 -0.937733469396054
12.0 5 225 -0.651898962996776
15.0 5 225 -0.497121038746658
20.0 5 225 -0.375170076685625
30.0 5 225 -0.241008401155531
3.0 15 225 5514217593.04866
3.5 15 225 79492750.2612643
4.0 15 225 1597409.76229688
4.5 15 225 62706.2758153702
5.0 15 225 4020.01595483118
5.5 15 225 335.58696713733
6.0 15 225 22.2052362976677
7.0 15 225 -5.4306612411062
8.0 15 225 -2.42358175742934
9.0 15 225 -1.32325793499855
10.0 15 225 -0.925002320731746
12.0 15 225 -0.647470658345756
15.0 15 225 -0.495044063622215
20.0 15 225 -0.374255039524206
30.0 15 225 -0.261358343603453
3.0 30 225 2733253.14671195
3.5 30 225 325541.515211346
4.0 30 225 31841.9479746847
4.5 30 225 3340.45529550036
5.0 30 225 380.905444196008
5.5 30 225 35.6255591533986
6.0 30 225 -4.64838469571848
7.0 30 225 -4.70745020710642
8.0 30 225 -2.17106186812346
9.0 30 225 -1.25356363580397
10.0 30 225 -0.898296085146048
12.0 30 225 -0.637842393071525
15.0 30 225 -0.49051121090578
20.0 30 225 -0.372722934873465
30.0 30 225 -0.242139966230128
3.0 45 225 111705.973460673
3.5 45 225 16403.4477783558
4.0 45 225 2677.61575312066
4.5 45 225 453.543269962402
5.0 45 225 68.7843143474812
5.5 45 225 2.50590439150016
6.0 45 225 -6.42470674956473
7.0 45 225 -4.0134504034528
8.0 45 225 -1.98453120398783
9.0 45 225 -1.19585825619836
10.0 45 225 -0.87270291937168
12.0 45 225 -0.626831048740245
15.0 45 225 -0.484928088946977
20.0 45 225 -0.370585064357741
30.0 45 225 -0.262333361811666
3.0 60 225 90366.1281390323
3.5 60 225 12203.5878806437
4.0 60 225 1985.87772834723
4.5 60 225 351.009683094021
5.0 60 225 56.6343538223799
5.5 60 225 2.56771409294765
6.0 60 225 -5.47464220011407
7.0 60 225 -3.70613558620792
8.0 60 225 -1.90085253452818
9.0 60 225 -1.16421118604719
10.0 60 225 -0.854940750505407
12.0 60 225 -0.616889515490084
15.0 60 225 -0.479251210331513
20.0 60 225 -0.367935230859021
30.0 60 225 -0.241362382310931
3.0 75 225 89799.8640183585
3.5 75 225 12084.2055239366
4.0 75 225 1966.23476220523
4.5 75 225 349.386220745131
5.0 75 225 57.2586357158644
5.5 75 225 3.05550059589025
6.0 75 225 -5.24656446830586
7.0 75 225 -3.67614985816328
8.0 75 225 -1.89690176461838
9.0 75 225 -1.15930911221089
10.0 75 225 -0.848122524622756
12.0 75 225 -0.609990804718081
15.0 75 225 -0.474493311331519
20.0 75 225 -0.365313993963182
30.0 75 225 -0.239259762994019
3.0 90 225 89878.4974743178
3.5 90 225 12110.6439596685
4.0 90 225 1974.39513618492
4.5 90 225 351.408803010916
5.0 90 225 57.4079871684093
5.5 90 225 2.7505081524763
6.0 90 225 -5.57794052576441
7.0 90 225 -3.8526224695236
8.0 90 225 -1.96963691446705
9.0 90 225 -1.18597805593538
10.0 90 225 -0.85604635620946
12.0 90 225 -0.607834211348382
15.0 90 225 -0.471535116962846
20.0 90 225 -0.363493329472953
30.0 90 225 -0.242102743675804
3.0 105 225 90314.2675423726
3.5 105 225 12245.2736746899
4.0 105 225 2013.8230995751
4.5 105 225 361.650423252593
5.0 105 225 59.1655385565793
5.5 105 225 2.34618503458175
6.0 105 225 -6.31822239175716
7.0 105 225 -4.29229361863447
8.0 105 225 -2.15821714333673
9.0 105 225 -1.26253682539391
10.0 105 225 -0.886881255228744
12.0 105 225 -0.612372303370498
15.0 105 225 -0.470966054110404
20.0 105 225 -0.362928656002652
30.0 105 225 -0.222738341313019
3.0 120 225 92576.3767364337
3.5 120 225 12977.1186901266
4.0 120 225 2241.27187956933
4.5 120 225 429.04608659838
5.0 120 225 77.2912194834194
5.5 120 225 5.98389717726321
6.0 120 225 -6.51524390667411
7.0 120 225 -5.12294170075984
8.0 120 225 -2.56328545576965
9.0 120 225 -1.43303566837079
10.0 120 225 -0.958393980656491
12.0 120 225 -0.626646165367878
15.0 120 225 -0.473065323538479
20.0 120 225 -0.363424852483172
30.0 120 225 -0.223614590203966
3.0 135 225 108449.829421398
3.5 135 225 18244.5794427267
4.0 135 225 3891.5115665896
4.5 135 225 929.262631766104
5.0 135 225 224.289993195357
5.5 135 225 46.7402034788397
6.0 135 225 3.14747821300895
7.0 135 225 -5.96233146470641
8.0 135 225 -3.34450251642849
9.0 135 225 -1.78632827889159
10.0 135 225 -1.10651373911247
12.0 135 225 -0.655946811727752
15.0 135 225 -0.477967724904284
20.0 135 225 -0.36499505800953
30.0 135 225 -0.257879741926645
3.0 150 225 272556.145149574
3.5 150 225 72559.2400238071
4.0 150 225 20038.8737236813
4.5 150 225 5511.93453744085
5.0 150 225 1505.81411074737
5.5 150 225 402.793275934126
6.0 150 225 99.9961667111784
7.0 150 225 -1.22725464029254
8.0 150 225 -4.3812791821913
9.0 150 225 -2.44830494005185
10.0 150 225 -1.39130015498175
12.0 150 225 -0.708393356115024
15.0 150 225 -0.485791643132959
20.0 150 225 -0.366288576857145
30.0 150 225 -0.237820684012309
3.0 165 225 3030766.49576334
3.5 165 225 947910.387000055
4.0 165 225 246158.017203319
4.5 165 225 59483.7994318774
5.0 165 225 14291.0203068876
5.5 165 225 3505.43987483395
6.0 165 225 875.871216207869
7.0 165 225 47.7452777062233
8.0 165 225 -3.20678190405989
9.0 165 225 -3.39007572889806
10.0 165 225 -1.86792272023201
12.0 165 225 -0.79139191244697
15.0 165 225 -0.496342824178447
20.0 165 225 -0.368050433681362
30.0 165 225 -0.257406437605246
3.0 175 225 25506052.8790452
3.5 175 225 7610848.52302183
4.0 175 225 1674114.04656995
4.5 175 225 333366.429456378
5.0 175 225 67092.3926839598
5.5 175 225 14257.969166524
6.0 175 225 3218.24933650933
7.0 175 225 177.626797360844
8.0 175 225 3.29770789127443
9.0 175 225 -3.86696724590622
10.0 175 225 -2.27060617003682
12.0 175 225 -0.861698052830354
15.0 175 225 -0.504291774264427
20.0 175 225 -0.369607667899056
30.0 175 225 -0.237421503286902
3.0 5 240 27245977979226.5
3.5 5 240 2674329699.73344
4.0 5 240 10772692.28684
4.5 5 240 217807.058593037
5.0 5 240 10072.4213023123
5.5 5 240 720.710273554491
6.0 5 240 53.619866013839
7.0 5 240 -5.61282276622836
8.0 5 240 -2.54740131311252
9.0 5 240 -1.35828748135721
10.0 5 240 -0.93849087783654
12.0 5 240 -0.652230523738368
15.0 5 240 -0.497292888926602
20.0 5 240 -0.375259997279664
30.0 5 240 -0.241008195845203
3.0 15 240 5514217595.34626
3.5 15 240 79492750.702766
4.0 15 240 1597409.75110509
4.5 15 240 62706.1842047973
5.0 15 240 4019.93329201153
5.5 15 240 335.527377799937
6.0 15 240 22.1652168542819
7.0 15 240 -5.44791210178355
8.0 15 240 -2.43132456388318
9.0 15 240 -1.32707989577634
10.0 15 240 -0.927132297403252
12.0 15 240 -0.648421106964217
15.0 15 240 -0.49554300415313
20.0 15 240 -0.374515876911885
30.0 15 240 -0.261347462973578
3.0 30 240 2733257.5021352
3.5 30 240 325542.346587831
4.0 30 240 31841.922065292
4.5 30 240 3340.27844963852
5.0 30 240 380.74670766779
5.5 30 240 35.5113126200245
6.0 30 240 -4.72506382254745
7.0 30 240 -4.74049881975396
8.0 30 240 -2.1859024473209
9.0 30 240 -1.26089477151896
10.0 30 240 -0.902385499200179
12.0 30 240 -0.639668269442094
15.0 30 240 -0.491465140048179
20.0 30 240 -0.37320380281247
30.0 30 240 -0.242023302520214
3.0 45 240 111714.274025491
3.5 45 240 16405.1989523791
4.0 45 240 2677.70648800583
4.5 45 240 453.300992039753
5.0 45 240 68.5422560708219
5.5 45 240 2.32626412344247
6.0 45 240 -6.54670984742941
7.0 45 240 -4.06624732192429
8.0 45 240 -2.00806835244269
9.0 45 240 -1.20733002018745
10.0 45 240 -0.87899504843115
12.0 45 240 -0.629549242068249
15.0 45 240 -0.486301255213629
20.0 45 240 -0.371226035825407
30.0 45 240 -0.262017145617267
3.0 60 240 90384.5990587737
3.5 60 240 12208.0647189965
4.0 60 240 1986.56364522703
4.5 60 240 350.796399452915
5.0 60 240 56.3029495068071
5.5 60 240 2.29813269130307
6.0 60 240 -5.66395333394514
7.0 60 240 -3.78927579058557
8.0 60 240 -1.93746951022185
9.0 60 240 -1.18160699301859
10.0 60 240 -0.86416928298581
12.0 60 240 -0.620619460102745
15.0 60 240 -0.481024003666538
20.0 60 240 -0.368691961126014
30.0 60 240 -0.240933002487725
3.0 75 240 89849.3312561124
3.5 75 240 12097.7625717642
4.0 75 240 1969.35929024837
4.5 75 240 349.673672558413
5.0 75 240 56.9139086479221
5.5 75 240 2.67277249623729
6.0 75 240 -5.54055984042386
7.0 75 240 -3.81119772056925
8.0 75 240 -1.95577158099686
9.0 75 240 -1.18635697231528
10.0 75 240 -0.861815933304393
12.0 75 240 -0.615000072496636
15.0 75 240 -0.476671355713203
20.0 75 240 -0.366177178042624
30.0 75 240 -0.238852250544347
3.0 90 240 90040.1528255344
3.5 90 240 12159.1532272095
4.0 90 240 1987.94543360638
4.5 90 240 354.535223923317
5.0 90 240 57.6518315435727
5.5 90 240 2.35166675804892
6.0 90 240 -6.0067581485486
7.0 90 240 -4.07915188189764
8.0 90 240 -2.06898638991525
9.0 90 240 -1.23009274337967
10.0 90 240 -0.877183671393088
12.0 90 240 -0.614623482765133
15.0 90 240 -0.474146329218575
20.0 90 240 -0.364476175540293
30.0 90 240 -0.241726770908065
3.0 105 240 90972.2389605221
3.5 105 240 12454.9489311372
4.0 105 240 2077.95159450414
4.5 105 240 380.044856197391
5.0 105 240 63.6804535186254
5.5 105 240 2.91739784747684
6.0 105 240 -6.68973779192524
7.0 105 240 -4.66450416630673
8.0 105 240 -2.33194038744459
9.0 105 240 -1.33796451098497
10.0 105 240 -0.921064003913368
12.0 105 240 -0.621798937772156
15.0 105 240 -0.474039439502629
20.0 105 240 -0.3640364418621
30.0 105 240 -0.222330828863346
3.0 120 240 96017.0601444694
3.5 120 240 14111.5341326989
4.0 120 240 2598.36701627726
4.5 120 240 537.72149757336
5.0 120 240 108.887823875158
5.5 120 240 14.280216112708
6.0 120 240 -4.94829102784736
7.0 120 240 -5.59485129955712
8.0 120 240 -2.86009117682022
9.0 120 240 -1.56425267980461
10.0 120 240 -1.01523472606379
12.0 120 240 -0.64000525476215
15.0 120 240 -0.476587994737727
20.0 120 240 -0.364932842824197
30.0 120 240 -0.237025317265058
3.0 135 240 132435.31583512
3.5 135 240 26229.9030282658
4.0 135 240 6347.84591561827
4.5 135 240 1657.24267126626
5.0 135 240 435.994951635985
5.5 135 240 106.955569627188
6.0 135 240 19.3610418430463
7.0 135 240 -5.59824127928145
8.0 135 240 -3.75785799341706
9.0 135 240 -2.00130491595148
10.0 135 240 -1.198381277956
12.0 135 240 -0.674591797678879
15.0 135 240 -0.481799419638974
20.0 135 240 -0.366232235561607
30.0 135 240 -0.257984014115711
3.0 150 240 499704.994942008
3.5 150 240 146797.634815966
4.0 150 240 41021.1769475712
4.5 150 240 11093.4061175175
5.0 150 240 2971.43960977867
5.5 150 240 790.475755895881
6.0 150 240 203.226414701214
7.0 150 240 5.30177260587419
8.0 150 240 -4.51929295874266
9.0 150 240 -2.72729298738708
10.0 150 240 -1.51957983128548
12.0 150 240 -0.731746341977883
15.0 150 240 -0.489496502577295
20.0 150 240 -0.367332618604936
30.0 150 240 -0.238028923690396
3.0 165 240 5614884.77788851
3.5 165 240 1743780.39668053
4.0 165 240 434591.257143174
4.5 165 240 99891.1090680381
5.0 165 240 22903.5140171067
5.5 165 240 5409.70243166822
6.0 165 240 1317.9929978742
7.0 165 240 74.0944306813313
8.0 165 240 -1.99140932304026
9.0 165 240 -3.56989131695174
10.0 165 240 -1.98650980355927
12.0 165 240 -0.812125808626227
15.0 165 240 -0.498953187955429
20.0 165 240 -0.368670657424342
30.0 165 240 -0.257576880690217
3.0 175 240 34076601.1919319
3.5 175 240 10063825.9497508
4.0 175 240 2153148.70957111
4.5 175 240 415782.103879763
5.0 175 240 81429.9119031558
5.5 175 240 16930.6336147089
6.0 175 240 3760.15360761908
7.0 175 240 205.101866654006
8.0 175 240 4.73981278524623
9.0 175 240 -3.89637020150911
10.0 175 240 -2.32329150686992
12.0 175 240 -0.871142982791331
15.0 175 240 -0.505344025148624
20.0 175 240 -0.369830958735694
30.0 175 240 -0.237484808861318
3.0 5 270 27245977979228.7
3.5 5 270 2674329700.25783
4.0 5 270 10772692.3142939
4.5 5 270 217806.98630027
5.0 5 270 10072.3490021194
5.5 5 270 720.656603533448
6.0 5 270 53.583412939259
7.0 5 270 -5.62859750594777
8.0 5 270 -2.55443286339658
9.0 5 270 -1.36171430558806
10.0 5 270 -0.940371080503941
12.0 5 270 -0.653045561773484
15.0 5 270 -0.497712151283297
20.0 5 270 -0.375478728179997
30.0 5 270 -0.241007706992572
3.0 15 270 5514217602.74419
3.5 15 270 79492752.2670637
4.0 15 270 1597409.83493506
4.5 15 270 62705.9702714138
5.0 15 270 4019.71882991788
5.5 15 270 335.368074474663
6.0 15 270 22.056988609683
7.0 15 270 -5.49475426228012
8.0 15 270 -2.45220448547299
9.0 15 270 -1.33725539584877
10.0 15 270 -0.932714614240024
12.0 15 270 -0.650840066896376
15.0 15 270 -0.49678601074592
20.0 15 270 -0.375159341339127
30.0 15 270 -0.261315911138579
3.0 30 270 2733276.03913467
3.5 30 270 325546.548872478
4.0 30 270 31842.3684115854
4.5 30 270 3339.90165438031
5.0 30 270 380.310693379702
5.5 30 270 35.1758532768404
6.0 30 270 -4.95600233854768
7.0 30 270 -4.84101409712325
8.0 30 270 -2.23046160465553
9.0 30 270 -1.28236931735161
10.0 30 270 -0.913998532789037
12.0 30 270 -0.644560036059516
15.0 30 270 -0.493911815625389
20.0 30 270 -0.374405703264749
30.0 30 270 -0.241675366662501
3.0 45 270 111759.82414729
3.5 45 270 16416.702257005
4.0 45 270 2679.78001056389
4.5 45 270 453.03036992165
5.0 45 270 67.886628707994
5.5 45 270 1.76257394335619
6.0 45 270 -6.95001259848271
7.0 45 270 -4.24506008311049
8.0 45 270 -2.08658643504548
9.0 45 270 -1.24432201477037
10.0 45 270 -0.89840333765445
12.0 45 270 -0.637231975663614
15.0 45 270 -0.489922361555498
20.0 45 270 -0.372836917471048
30.0 45 270 -0.261051114535169
3.0 60 270 90512.120826471
3.5 60 270 12243.7515699131
4.0 60 270 1995.20869663074
4.5 60 270 351.925337454302
5.0 60 270 55.6576097183867
5.5 60 270 1.46279094299733
6.0 60 270 -6.32736246105054
7.0 60 270 -4.09921409422383
8.0 60 270 -2.0726325913657
9.0 60 270 -1.24339919349915
10.0 60 270 -0.895217292916261
12.0 60 270 -0.631797667323443
15.0 60 270 -0.485831699516851
20.0 60 270 -0.37059744131264
30.0 60 270 -0.239521486107365
3.0 75 270 90273.8663070458
3.5 75 270 12226.3856003824
4.0 75 270 2005.8572197127
4.5 75 270 358.462555789334
5.0 75 270 57.9130752198807
5.5 75 270 1.84816777648704
6.0 75 270 -6.52764477427151
7.0 75 270 -4.35068262836466
8.0 75 270 -2.1934891251418
9.0 75 270 -1.29176429037326
10.0 75 270 -0.912139447005023
12.0 75 270 -0.631014904631454
15.0 75 270 -0.482753791543986
20.0 75 270 -0.368361215633946
30.0 75 270 -0.257265200910103
3.0 90 270 91767.4078940168
3.5 90 270 12711.5038433889
4.0 90 270 2157.39576467947
4.5 90 270 403.449323645457
5.0 90 270 69.8987627786311
5.5 90 270 4.11096014703933
6.0 90 270 -6.81130797403273
7.0 90 270 -4.9851469934561
8.0 90 270 -2.49589192365148
9.0 90 270 -1.41580036560151
10.0 90 270 -0.961377251412895
12.0 90 270 -0.637841086805242
15.0 90 270 -0.481660384557313
20.0 90 270 -0.3669885497008
30.0 90 270 -0.220148224829862
3.0 105 270 99798.5829689791
3.5 105 270 15365.688260184
4.0 105 270 2992.37594413472
4.5 105 270 657.553662147773
5.0 105 270 144.149896073413
5.5 105 270 24.0093044796933
6.0 105 270 -2.70108951003259
7.0 105 270 -5.85061436586067
8.0 105 270 -3.07966424412717
9.0 105 270 -1.66924165483156
10.0 105 270 -1.06506664337649
12.0 105 270 -0.656004242577459
15.0 105 270 -0.483132687380271
20.0 105 270 -0.367243090227395
30.0 105 270 -0.254850629146861
3.0 120 270 153968.859584754
3.5 120 270 33386.2451308672
4.0 120 270 8514.78884059077
4.5 120 270 2286.51327290048
5.0 120 270 615.762982267096
5.5 120 270 157.675779463299
6.0 120 270 33.2144020125552
7.0 120 270 -5.01908209597131
8.0 120 270 -3.97080334724521
9.0 120 270 -2.12903135711036
10.0 120 270 -1.25701770766766
12.0 120 270 -0.690061428714376
15.0 120 270 -0.487213248889775
20.0 120 270 -0.36820606606
30.0 120 270 -0.236833882299979
3.0 135 270 616853.788110201
3.5 135 270 184798.280452175
4.0 135 270 51492.9761384529
4.5 135 270 13791.516822543
5.0 135 270 3657.95133212311
5.5 135 270 967.252347389229
6.0 135 270 249.417522476911
7.0 135 270 8.27133186859818
8.0 135 270 -4.51299175868026
9.0 135 270 -2.82188953908155
10.0 135 270 -1.56702848712979
12.0 135 270 -0.743234842420896
15.0 135 270 -0.493353374095605
20.0 135 270 -0.369333939008695
30.0 135 270 -0.258100671603468
3.0 150 270 5035517.8031749
3.5 150 270 1566593.67309167
4.0 150 270 393446.858479676
4.5 150 270 91270.1458445532
5.0 150 270 21106.3425506358
5.5 150 270 5019.88956640333
6.0 150 270 1228.86975579948
7.0 150 270 68.8671843175961
8.0 150 270 -2.24545942607807
9.0 150 270 -3.54388839528149
10.0 150 270 -1.96872502677695
12.0 150 270 -0.810864657820665
15.0 150 270 -0.500297495509191
20.0 150 270 -0.370031564051128
30.0 150 270 -0.238503014137293
3.0 165 270 35003387.5380478
3.5 165 270 10327258.2625266
4.0 165 270 2203702.86159676
4.5 165 270 424312.497611689
5.0 165 270 82888.2584518585
5.5 165 270 17198.6050184846
6.0 165 270 3813.87422345122
7.0 165 270 207.785495116494
8.0 165 270 4.87966079401502
9.0 165 270 -3.89966458604915
10.0 165 270 -2.32904795321235
12.0 165 270 -0.87273289560472
15.0 165 270 -0.506005470742796
20.0 165 270 -0.370228304595977
30.0 165 270 -0.25799404208145
3.0 175 270 72955946.8881543
3.5 175 270 20894903.5806063
4.0 175 270 4131179.60295397
4.5 175 270 732243.160835813
5.0 175 270 133084.84306906
5.5 175 270 26076.4324507082
6.0 175 270 5541.8985788805
7.0 175 270 291.022870980628
8.0 175 270 9.25259386743685
9.0 175 270 -3.92585227055321
10.0 175 270 -2.45741389085191
12.0 175 270 -0.895516995619774
15.0 175 270 -0.507989172868474
20.0 175 270 -0.370377763561443
30.0 175 270 -0.237638913306231
3.0 5 300 27245977979231.8
3.5 5 300 2674329700.88034
4.0 5 300 10772692.36462
4.5 5 300 217806.91636093
5.0 5 300 10072.2744211609
5.5 5 300 720.600318710222
6.0 5 300 53.5449446281029
7.0 5 300 -5.64528522199732
8.0 5 300 -2.56184894178336
9.0 5 300 -1.36530746453414
10.0 5 300 -0.94232780143984
12.0 5 300 -0.653881846070519
15.0 5 300 -0.498138085040042
20.0 5 300 -0.375700056019595
30.0 5 300 -0.241008195845203
3.0 15 300 5514217613.78685
3.5 15 300 79492754.8447011
4.0 15 300 1597410.16295905
4.5 15 300 62705.7876897286
5.0 15 300 4019.48574758566
5.5 15 300 335.184990954647
6.0 15 300 21.9300003751601
7.0 15 300 -5.55020044556423
8.0 15 300 -2.47671036240294
9.0 15 300 -1.3489935246175
10.0 15 300 -0.939013488319041
12.0 15 300 -0.653456930837609
15.0 15 300 -0.498091540256598
20.0 15 300 -0.37583663170335
30.0 15 300 -0.261347462973578
3.0 30 300 2733316.65310308
3.5 30 300 325557.138662849
4.0 30 300 31844.4920842171
4.5 30 300 3339.84414645283
5.0 30 300 379.842485072004
5.5 30 300 34.7460652671679
6.0 30 300 -5.26982073766071
7.0 30 300 -4.98154913266131
8.0 30 300 -2.29196807889824
9.0 30 300 -1.31108592377958
10.0 30 300 -0.928885792434986
12.0 30 300 -0.650330630272769
15.0 30 300 -0.496650950587181
20.0 30 300 -0.375847425775001
30.0 30 300 -0.242023302520214
3.0 45 300 111904.071123253
3.5 45 300 16458.1781641625
4.0 45 300 2690.44853502075
4.5 45 300 454.893188039565
5.0 45 300 67.5245832681061
5.5 45 300 1.04665533277184
6.0 45 300 -7.55729051362852
7.0 45 300 -4.5376058465681
8.0 45 300 -2.21414645316763
9.0 45 300 -1.3020428090297
10.0 45 300 -0.926970330702343
12.0 45 300 -0.647233719045304
15.0 45 300 -0.494305880277139
20.0 45 300 -0.375186233082831
30.0 45 300 -0.262017145617267
3.0 60 300 91097.7612677829
3.5 60 300 12424.8221319358
4.0 60 300 2048.29698737233
4.5 60 300 365.800096708617
5.0 60 300 58.1253289933294
5.5 60 300 1.00247684104647
6.0 60 300 -7.26603833690843
7.0 60 300 -4.67411666987488
8.0 60 300 -2.32903642483611
9.0 60 300 -1.35612887744997
10.0 60 300 -0.948141008630568
12.0 60 300 -0.648046533186428
15.0 60 300 -0.492128405799193
20.0 60 300 -0.374078596813988
30.0 60 300 -0.240933002487725
3.0 75 300 93188.0849061256
3.5 75 300 13170.890797912
4.0 75 300 2299.68892759905
4.5 75 300 445.714661662208
5.0 75 300 81.5433866498078
5.5 75 300 6.72756975236103
6.0 75 300 -6.65296935558717
7.0 75 300 -5.3736409960504
8.0 75 300 -2.70422681249461
9.0 75 300 -1.51397386225866
10.0 75 300 -1.01130152072111
12.0 75 300 -0.657192995206057
15.0 75 300 -0.491260189534569
20.0 75 300 -0.372591497664373
30.0 75 300 -0.272317234019391
3.0 90 300 110575.167090428
3.5 90 300 18950.8922289595
4.0 90 300 4110.16713163996
4.5 90 300 994.502581152071
5.0 90 300 243.241708296867
5.5 90 300 52.0073293014459
6.0 90 300 4.44593416841177
7.0 90 300 -6.03906243591267
8.0 90 300 -3.44911361986741
9.0 90 300 -1.85125963934658
10.0 90 300 -1.14890840181106
12.0 90 300 -0.680325897777404
15.0 90 300 -0.492672407152563
20.0 90 300 -0.372235624917039
30.0 90 300 -0.236246078716581
3.0 105 300 265989.499254512
3.5 105 300 70398.7655377642
4.0 105 300 19413.9006992323
4.5 105 300 5340.69968770888
5.0 105 300 1459.47893876504
5.5 105 300 390.182930570892
6.0 105 300 96.5385155774125
7.0 105 300 -1.48245612741866
8.0 105 300 -4.4053895033682
9.0 105 300 -2.46403583674928
10.0 105 300 -1.40895842083495
12.0 105 300 -0.724216154632172
15.0 105 300 -0.496838813084355
20.0 105 300 -0.372520725329517
30.0 105 300 -0.257822820525678
3.0 120 300 2216243.19728112
3.5 120 300 693378.172561607
4.0 120 300 183416.595937196
4.5 120 300 45373.8994890385
5.0 120 300 11144.8889620528
5.5 120 300 2782.44917708398
6.0 120 300 702.775292206787
7.0 120 300 37.0725184874416
8.0 120 300 -3.67567888276341
9.0 120 300 -3.30756563715267
10.0 120 300 -1.8235747771639
12.0 120 300 -0.792777037857707
15.0 120 300 -0.503318084259609
20.0 120 300 -0.373420109141968
30.0 120 300 -0.239608938477059
3.0 135 300 32177779.520248
3.5 135 300 9523055.47126821
4.0 135 300 2048865.65302325
4.5 135 300 398090.881823952
5.0 135 300 78390.8963280968
5.5 135 300 16369.9934219568
6.0 135 300 3647.39394822129
7.0 135 300 199.42821539099
8.0 135 300 4.4293400355258
9.0 135 300 -3.90227732730755
10.0 135 300 -2.32224361756924
12.0 135 300 -0.876375444836754
15.0 135 300 -0.510344924475206
20.0 135 300 -0.37382692864288
30.0 135 300 -0.240274276486098
3.0 150 300 311607385.797497
3.5 150 300 82959198.2051891
4.0 150 300 13750439.0538792
4.5 150 300 2030048.60862625
5.0 150 300 316536.691628537
5.5 150 300 55090.0240342494
6.0 150 300 10728.5851634749
7.0 150 300 515.492090076552
8.0 150 300 20.8313264142462
9.0 150 300 -3.78711012998461
10.0 150 300 -2.69536234182152
12.0 150 300 -0.942735879276084
15.0 150 300 -0.514939914005276
20.0 150 300 -0.373202877267128
30.0 150 300 -0.239730070089634
3.0 165 300 481374874.21606
3.5 165 300 124886097.337629
4.0 165 300 19497764.5326191
4.5 165 300 2712207.37006499
5.0 165 300 403024.160657192
5.5 165 300 67642.6031664794
6.0 165 300 12829.534683048
7.0 165 300 599.034091266285
8.0 165 300 25.0459366320052
9.0 165 300 -3.69025620605038
10.0 165 300 -2.75582995278224
12.0 165 300 -0.952786472258891
15.0 165 300 -0.514359397293327
20.0 165 300 -0.371892786266317
30.0 165 300 -0.258490401958311
3.0 175 300 173857224.677328
3.5 175 300 47777960.6938961
4.0 175 300 8536751.24577436
4.5 175 300 1360478.74778823
5.0 175 300 225950.740861525
5.5 175 300 41268.4471107599
6.0 175 300 8326.5183610001
7.0 175 300 415.318483355839
8.0 175 300 15.7141581293479
9.0 175 300 -3.87162265718667
10.0 175 300 -2.60115477879312
12.0 175 300 -0.922323142371643
15.0 175 300 -0.510793357598846
20.0 175 300 -0.370935906818886
30.0 175 300 -0.237795899447209
3.0 5 315 27245977979233.1
3.5 5 315 2674329701.17056
4.0 5 315 10772692.3931959
4.5 5 315 217806.888331691
5.0 5 315 10072.2428914134
5.5 5 315 720.576217615931
6.0 5 315 53.5283936575063
7.0 5 315 -5.65247944796845
8.0 5 315 -2.56503950623924
9.0 5 315 -1.36684688217823
10.0 5 315 -0.943161784968904
12.0 5 315 -0.654234683400516
15.0 5 315 -0.498316404910019
20.0 5 315 -0.375792428748105
30.0 5 315 -0.241008401155531
3.0 15 315 5514217619.83611
3.5 15 315 79492756.3334738
4.0 15 315 1597410.40638147
4.5 15 315 62705.7304530482
5.0 15 315 4019.3852203027
5.5 15 315 335.101724308444
6.0 15 315 21.8711649168958
7.0 15 315 -5.57611416325479
8.0 15 315 -2.48810574792195
9.0 15 315 -1.354388516158
10.0 15 315 -0.941863996457587
12.0 15 315 -0.65460504707251
15.0 15 315 -0.498650481982208
20.0 15 315 -0.37612333097897
30.0 15 315 -0.261358343603453
3.0 30 315 2733345.74780032
3.5 30 315 325565.211510604
4.0 30 315 31846.4102885931
4.5 30 315 3340.0665292041
5.0 30 315 379.673305858344
5.5 30 315 34.5418842697634
6.0 30 315 -5.42963939703449
7.0 30 315 -5.05564322564015
8.0 30 315 -2.32424615384519
9.0 30 315 -1.32585585127036
10.0 30 315 -0.936323192132039
12.0 30 315 -0.653034909218513
15.0 30 315 -0.497864406311073
20.0 30 315 -0.376465335250515
30.0 30 315 -0.242139966230128
3.0 45 315 112039.282701935
3.5 45 315 16499.1182754097
4.0 45 315 2702.06414103477
4.5 45 315 457.689991511926
5.0 45 315 67.8418289927797
5.5 45 315 0.783364338120308
6.0 45 315 -7.87212673278094
7.0 45 315 -4.70953529750158
8.0 45 315 -2.2897963463767
9.0 45 315 -1.33551150847802
10.0 45 315 -0.942905930919308
12.0 45 315 -0.65230148185419
15.0 45 315 -0.496318020318444
20.0 45 315 -0.376197150090627
30.0 45 315 -0.262333361811666
3.0 60 315 91830.6898148806
3.5 60 315 12659.7755422203
4.0 60 315 2120.6607070762
4.5 60 315 386.854460560309
5.0 60 315 63.5056715129181
5.5 60 315 1.86093504709123
6.0 60 315 -7.53873626604794
7.0 60 315 -5.03166521082725
8.0 60 315 -2.49894865504308
9.0 60 315 -1.42984479714895
10.0 60 315 -0.981339597517859
12.0 60 315 -0.657070786985678
15.0 60 315 -0.495138049605616
20.0 60 315 -0.375369545238684
30.0 60 315 -0.241362382310931
3.0 75 315 98278.17533742
3.5 75 315 14854.0481067164
4.0 75 315 2829.39276127522
4.5 75 315 607.041934204265
5.0 75 315 128.788009623407
5.5 75 315 19.4677705517849
6.0 75 315 -3.96119343395224
7.0 75 315 -5.88906285076937
8.0 75 315 -3.06546059691387
9.0 75 315 -1.67529788370247
10.0 75 315 -1.08090308348911
12.0 75 315 -0.673270295466268
15.0 75 315 -0.495525007011938
20.0 75 315 -0.374757008893288
30.0 75 315 -0.253273060852422
3.0 90 315 160026.818087133
3.5 90 315 35395.591661454
4.0 90 315 9118.03268603196
4.5 90 315 2459.67839301127
5.0 90 315 664.614772528558
5.5 90 315 171.277077028591
6.0 90 315 36.8664752343334
7.0 90 315 -4.89943914582585
8.0 90 315 -4.05405202387592
9.0 90 315 -2.18594380589281
10.0 90 315 -1.29250873750544
12.0 90 315 -0.708994959253582
15.0 90 315 -0.498497279406121
20.0 90 315 -0.374449141605888
30.0 90 315 -0.257205162606539
3.0 105 315 1007129.28652468
3.5 105 315 310405.158877016
4.0 105 315 85260.8766121392
4.5 105 315 22230.1730123816
5.0 105 315 5741.99645663856
5.5 105 315 1490.33619315575
6.0 105 315 383.518720428926
7.0 105 315 16.8815373243417
8.0 105 315 -4.3803712659319
9.0 105 315 -3.03778817511593
10.0 105 315 -1.68122010033899
12.0 105 315 -0.773304358112695
15.0 105 315 -0.504455044930964
20.0 105 315 -0.374891516851912
30.0 105 315 -0.238884464596605
3.0 120 315 20665740.2712893
3.5 120 315 6209934.9647176
4.0 120 315 1392666.92317849
4.5 120 315 283396.25947499
5.0 120 315 58150.2829546723
5.5 120 315 12551.8442783993
6.0 120 315 2865.91279279136
7.0 120 315 159.32105931817
8.0 120 315 2.31724103953318
9.0 120 315 -3.85973740402452
10.0 120 315 -2.24881155106914
12.0 120 315 -0.867487429533815
15.0 120 315 -0.51250511520055
20.0 120 315 -0.375573454559686
30.0 120 315 -0.240650510354142
3.0 135 315 654946146.457373
3.5 135 315 166635798.552491
4.0 135 315 24886006.2857318
4.5 135 315 3314668.18864475
5.0 135 315 475804.48497436
5.5 135 315 77825.1811962976
6.0 135 315 14487.8136565939
7.0 135 315 662.717140080033
8.0 135 315 28.2074409003599
9.0 135 315 -3.62094501637858
10.0 135 315 -2.8073202214073
12.0 135 315 -0.967761970573269
15.0 135 315 -0.519879367053512
20.0 135 315 -0.375800037143229
30.0 135 315 -0.261097750313848
3.0 150 315 6917853836.06587
3.5 150 315 1460153203.2787
4.0 150 315 146262962.134647
4.5 150 315 13544823.4190923
5.0 150 315 1479712.3047282
5.5 150 315 199081.88499117
6.0 150 315 32282.3964573925
7.0 150 315 1265.09786077299
8.0 150 315 56.8432056595557
9.0 150 315 -2.7037134073992
10.0 150 315 -3.0782659425548
12.0 150 315 -1.02253304873908
15.0 150 315 -0.522617862737483
20.0 150 315 -0.374619475130901
30.0 150 315 -0.240228909127111
3.0 165 315 2217432341.13204
3.5 165 315 516746628.181903
4.0 165 315 63615937.5787491
4.5 165 315 7065928.80687167
5.0 165 315 881741.610459834
5.5 165 315 130238.785822755
6.0 165 315 22541.7356184239
7.0 165 315 950.657896482408
8.0 165 315 42.1937993570328
9.0 165 315 -3.19975850323422
10.0 165 315 -2.95356275725592
12.0 165 315 -0.993347718922083
15.0 165 315 -0.518285325545742
20.0 165 315 -0.372611885728882
30.0 165 315 -0.258698721051307
3.0 175 315 259048415.904013
3.5 175 315 69687551.7360855
4.0 175 315 11836044.3673717
4.5 175 315 1790998.98488808
5.0 175 315 284953.709397103
5.5 175 315 50360.0275370224
6.0 175 315 9918.16448130261
7.0 175 315 482.310152746998
8.0 175 315 19.1487335870321
9.0 175 315 -3.81516134372811
10.0 175 315 -2.66337056024312
12.0 175 315 -0.934205568392962
15.0 175 315 -0.512004723929697
20.0 175 315 -0.371170481215768
30.0 175 315 -0.237861463110652
